Tempo total (s) ;Temperatura (ºC) ; Potencia atual (W) ; Saida
P:   9.00 I:  94.00 D:  23.50 Tensão:12.888 V Temperatura ambiente:     21.38ºC
2,00 ; 299,92 ;   5,278638 ;    8,20
4,00 ; 300,08 ;   8,543899 ;   13,17
6,00 ; 300,04 ;   00000,00 ;    0,00
8,00 ; 300,09 ;   10,552481 ;   16,22
10,00 ; 300,08 ;   3,951189 ;    6,70
12,01 ; 300,08 ;   7,957114 ;   12,53
14,01 ; 300,20 ;   7,284616 ;   11,69
16,01 ; 300,04 ;   00000,00 ;    0,00
18,01 ; 300,09 ;   15,771388 ;   25,00
20,01 ; 300,04 ;   4,009532 ;    6,61
22,01 ; 299,91 ;   10,566992 ;   16,93
24,01 ; 299,92 ;   15,760984 ;   25,00
26,01 ; 299,85 ;   7,945288 ;   12,24
28,01 ; 299,90 ;   13,822785 ;   21,15
30,02 ; 299,90 ;   5,274595 ;    8,37
32,02 ; 299,96 ;   8,540198 ;   13,34
34,02 ; 299,96 ;   4,012112 ;    6,18
36,02 ; 300,01 ;   7,892440 ;   12,79
38,02 ; 300,02 ;   4,614027 ;    7,41
40,02 ; 300,04 ;   7,287792 ;   11,47
42,02 ; 299,97 ;   5,943692 ;    9,60
44,02 ; 300,05 ;   13,157786 ;   20,15
46,02 ; 299,99 ;   1,335565 ;    2,85
48,02 ; 300,05 ;   12,501569 ;   19,10
50,03 ; 300,09 ;   3,350620 ;    5,32
52,03 ; 300,01 ;   5,281918 ;    8,32
54,03 ; 300,02 ;   13,165117 ;   20,58
56,03 ; 299,95 ;   7,276567 ;   11,43
58,03 ; 299,92 ;   13,150186 ;   20,33
60,03 ; 299,96 ;   9,886733 ;   15,60
62,03 ; 299,95 ;   5,279203 ;    8,65
64,03 ; 299,95 ;   9,280802 ;   14,58
66,03 ; 299,95 ;   7,880436 ;   12,94
68,03 ; 299,99 ;   7,886208 ;   12,95
70,04 ; 300,04 ;   4,671731 ;    7,58
72,04 ; 300,05 ;   4,686024 ;    7,15
74,04 ; 299,99 ;   6,617838 ;   10,30
76,04 ; 300,08 ;   12,557993 ;   19,12
78,04 ; 300,08 ;   1,337331 ;    2,64
80,04 ; 300,04 ;   7,290282 ;   11,71
82,04 ; 300,08 ;   10,490245 ;   16,18
84,04 ; 299,98 ;   4,603700 ;    7,56
86,04 ; 299,88 ;   14,499879 ;   22,44
88,05 ; 299,92 ;   15,829986 ;   25,00
90,05 ; 299,80 ;   5,338767 ;    8,18
92,05 ; 299,91 ;   15,818661 ;   25,00
94,05 ; 299,91 ;   00000,00 ;    0,88
96,05 ; 299,90 ;   8,611973 ;   13,28
98,05 ; 299,98 ;   9,892948 ;   15,09
100,05 ; 300,08 ;   2,013455 ;    3,59
102,05 ; 300,09 ;   0,746906 ;    1,91
104,05 ; 300,08 ;   6,626365 ;   10,90
106,05 ; 300,09 ;   7,945159 ;   12,60
108,06 ; 300,10 ;   6,619696 ;   10,87
110,06 ; 299,96 ;   6,023415 ;    9,88
112,06 ; 300,02 ;   15,766949 ;   25,00
114,06 ; 299,92 ;   4,017566 ;    6,53
116,06 ; 299,82 ;   15,091582 ;   23,08
118,06 ; 299,80 ;   15,752568 ;   24,85
120,06 ; 299,80 ;   10,490962 ;   16,84
122,06 ; 299,87 ;   8,621457 ;   13,51
124,06 ; 299,90 ;   4,689920 ;    7,19
126,07 ; 299,95 ;   6,619941 ;   10,23
128,07 ; 300,04 ;   5,349614 ;    8,17
130,07 ; 300,08 ;   1,398520 ;    2,36
132,07 ; 300,17 ;   4,612096 ;    7,78
134,07 ; 300,12 ;   0,742388 ;    1,12
136,07 ; 300,15 ;   11,232478 ;   17,28
138,07 ; 300,06 ;   4,690449 ;    7,89
140,07 ; 299,92 ;   13,829387 ;   21,03
142,07 ; 299,99 ;   15,762295 ;   25,00
144,07 ; 299,91 ;   3,350906 ;    5,17
146,08 ; 299,84 ;   13,809719 ;   21,58
148,08 ; 299,84 ;   13,830903 ;   21,41
150,08 ; 299,88 ;   9,210475 ;   14,01
152,08 ; 299,90 ;   6,612604 ;   10,45
154,08 ; 299,95 ;   7,285692 ;   11,09
156,08 ; 300,02 ;   5,284266 ;    8,19
158,08 ; 300,03 ;   3,350890 ;    5,08
160,08 ; 300,05 ;   6,610083 ;   10,72
162,08 ; 300,06 ;   5,947338 ;    9,67
164,08 ; 300,17 ;   7,213591 ;   11,24
166,09 ; 300,13 ;   00000,00 ;    0,00
168,09 ; 300,13 ;   10,546495 ;   16,40
170,09 ; 300,08 ;   7,217562 ;   11,42
172,09 ; 299,98 ;   10,546816 ;   16,78
174,09 ; 299,99 ;   14,425661 ;   22,59
176,09 ; 299,87 ;   7,277901 ;   11,78
178,09 ; 299,84 ;   15,766518 ;   25,00
180,09 ; 299,85 ;   10,555162 ;   16,48
182,09 ; 299,95 ;   8,545249 ;   13,13
184,09 ; 299,99 ;   2,019541 ;    3,21
186,10 ; 299,97 ;   4,679502 ;    7,75
188,10 ; 300,02 ;   9,880348 ;   15,40
190,10 ; 300,08 ;   4,669695 ;    7,54
192,10 ; 300,12 ;   3,349086 ;    5,31
194,10 ; 300,08 ;   4,616104 ;    7,41
196,10 ; 300,13 ;   10,549092 ;   16,01
198,10 ; 300,10 ;   4,011906 ;    6,48
200,10 ; 300,02 ;   9,213850 ;   14,10
202,10 ; 300,02 ;   13,824494 ;   21,48
204,11 ; 299,92 ;   7,953834 ;   12,39
206,11 ; 299,87 ;   15,158133 ;   23,16
208,11 ; 299,89 ;   12,493608 ;   19,55
210,11 ; 299,94 ;   7,278698 ;   11,10
212,11 ; 299,97 ;   5,278348 ;    8,22
214,11 ; 300,09 ;   5,948535 ;    9,59
216,11 ; 300,08 ;   00000,00 ;    0,00
218,11 ; 300,12 ;   7,948286 ;   12,70
220,11 ; 300,12 ;   4,683396 ;    7,38
222,11 ; 300,10 ;   7,279567 ;   11,48
224,12 ; 300,12 ;   8,606979 ;   13,25
226,12 ; 300,03 ;   5,946745 ;    9,79
228,12 ; 299,99 ;   13,824620 ;   21,29
230,12 ; 299,99 ;   10,546141 ;   16,69
232,12 ; 299,97 ;   7,879384 ;   12,56
234,12 ; 299,94 ;   9,881944 ;   15,26
236,12 ; 299,87 ;   10,553604 ;   16,38
238,12 ; 299,98 ;   13,829364 ;   21,16
240,12 ; 299,92 ;   00000,00 ;    0,29
242,12 ; 300,03 ;   12,484205 ;   19,86
244,13 ; 299,99 ;   00000,00 ;    0,71
246,13 ; 300,08 ;   10,544782 ;   16,75
248,13 ; 300,10 ;   1,412650 ;    2,75
250,13 ; 300,12 ;   6,011649 ;    9,12
252,13 ; 300,15 ;   6,013585 ;    9,79
254,13 ; 300,08 ;   4,686155 ;    7,82
256,13 ; 300,04 ;   12,480744 ;   19,18
258,13 ; 299,99 ;   10,549787 ;   16,22
260,13 ; 299,98 ;   11,209737 ;   17,47
262,14 ; 299,89 ;   8,552819 ;   13,41
264,14 ; 299,87 ;   15,154693 ;   23,36
266,14 ; 299,90 ;   10,554717 ;   16,16
268,14 ; 299,91 ;   6,622154 ;   10,12
270,14 ; 299,98 ;   7,280723 ;   11,65
272,14 ; 300,04 ;   3,346260 ;    5,24
274,14 ; 300,10 ;   4,012249 ;    6,39
276,14 ; 300,14 ;   2,676908 ;    4,98
278,14 ; 300,16 ;   4,616293 ;    7,08
280,14 ; 300,13 ;   5,343718 ;    8,49
282,15 ; 300,08 ;   9,888016 ;   15,42
284,15 ; 300,06 ;   10,558508 ;   16,66
286,15 ; 300,02 ;   8,621979 ;   13,48
288,15 ; 299,87 ;   11,220316 ;   17,21
290,15 ; 299,87 ;   15,766918 ;   25,00
292,15 ; 299,88 ;   8,549464 ;   13,64
294,15 ; 299,83 ;   7,952845 ;   12,77
296,15 ; 299,87 ;   12,490365 ;   19,00
298,15 ; 299,83 ;   5,948899 ;    9,59
300,15 ; 299,98 ;   11,827352 ;   18,23
302,16 ; 300,08 ;   00000,00 ;    0,00
304,16 ; 300,14 ;   0,740648 ;    1,93
306,16 ; 300,13 ;   2,752175 ;    4,65
308,16 ; 300,17 ;   8,546317 ;   13,02
310,16 ; 300,08 ;   3,348658 ;    5,96
312,16 ; 300,17 ;   13,814326 ;   21,65
314,16 ; 299,99 ;   00000,00 ;    0,96
316,16 ; 299,96 ;   15,752841 ;   25,00
318,16 ; 299,87 ;   10,553056 ;   16,08
320,17 ; 299,89 ;   15,139334 ;   23,55
322,17 ; 299,85 ;   6,615811 ;   10,98
324,17 ; 299,84 ;   11,212728 ;   17,96
326,17 ; 299,87 ;   9,225337 ;   14,76
328,17 ; 299,89 ;   7,284887 ;   11,27
330,17 ; 299,89 ;   7,280259 ;   11,08
332,17 ; 299,98 ;   8,546651 ;   13,58
334,17 ; 300,12 ;   1,411823 ;    2,82
336,17 ; 300,13 ;   00000,00 ;    0,00
338,17 ; 300,13 ;   6,617426 ;   10,60
340,18 ; 300,05 ;   7,276765 ;   11,40
342,18 ; 300,05 ;   12,475997 ;   19,46
344,18 ; 299,98 ;   7,945820 ;   12,01
346,18 ; 300,01 ;   13,151466 ;   20,08
348,18 ; 299,91 ;   5,949050 ;    9,96
350,18 ; 299,91 ;   15,092745 ;   23,21
352,18 ; 299,99 ;   8,554474 ;   13,31
354,18 ; 299,95 ;   2,684203 ;    4,36
356,18 ; 299,99 ;   11,806846 ;   18,00
358,18 ; 300,06 ;   4,688776 ;    7,67
360,19 ; 300,02 ;   2,674727 ;    4,55
362,19 ; 300,03 ;   11,215674 ;   17,35
364,19 ; 300,09 ;   6,616105 ;   10,60
366,19 ; 300,09 ;   3,345086 ;    5,96
368,19 ; 299,99 ;   7,286001 ;   11,73
370,19 ; 299,97 ;   14,493751 ;   22,48
372,19 ; 299,99 ;   9,879643 ;   15,27
374,19 ; 300,02 ;   6,621145 ;   10,10
376,19 ; 299,97 ;   5,945461 ;    9,89
378,20 ; 299,99 ;   11,159085 ;   17,75
380,20 ; 299,98 ;   6,614807 ;   10,11
382,20 ; 300,03 ;   8,607164 ;   13,48
384,20 ; 299,92 ;   4,679512 ;    7,28
386,20 ; 300,03 ;   15,754301 ;   24,78
388,20 ; 300,04 ;   00000,00 ;    0,68
390,20 ; 300,02 ;   7,278834 ;   11,34
392,20 ; 300,09 ;   9,221977 ;   14,85
394,20 ; 300,05 ;   2,740591 ;    4,28
396,20 ; 300,06 ;   9,879144 ;   15,29
398,21 ; 300,05 ;   7,284491 ;   11,08
400,21 ; 299,99 ;   7,952040 ;   12,79
402,21 ; 299,99 ;   12,556112 ;   19,14
404,21 ; 299,96 ;   7,952727 ;   12,53
406,21 ; 299,92 ;   10,489571 ;   16,13
408,21 ; 299,95 ;   11,218597 ;   17,32
410,21 ; 299,98 ;   6,621831 ;   10,51
412,21 ; 300,04 ;   5,274904 ;    8,51
414,21 ; 300,06 ;   4,020054 ;    6,36
416,21 ; 300,03 ;   6,010533 ;    9,44
418,22 ; 300,03 ;   9,886634 ;   15,50
420,22 ; 300,02 ;   7,949202 ;   12,19
422,22 ; 300,02 ;   8,615834 ;   13,98
424,22 ; 300,04 ;   7,954699 ;   12,32
426,22 ; 300,04 ;   6,022834 ;    9,63
428,22 ; 300,02 ;   7,948312 ;   12,10
430,22 ; 300,02 ;   9,283104 ;   14,78
432,22 ; 299,98 ;   7,955084 ;   12,30
434,22 ; 299,98 ;   9,881406 ;   15,89
436,23 ; 299,95 ;   7,933414 ;   12,59
438,23 ; 299,91 ;   11,202439 ;   17,08
440,23 ; 299,99 ;   10,539108 ;   16,55
442,23 ; 299,97 ;   2,677021 ;    4,29
444,23 ; 300,05 ;   9,885608 ;   15,24
446,23 ; 299,78 ;   1,413066 ;    2,90
448,23 ; 297,83 ;   15,808250 ;   25,00
450,23 ; 295,02 ;   15,756856 ;   25,00
452,23 ; 291,98 ;   15,750098 ;   25,00
454,24 ; 289,43 ;   15,814722 ;   25,00
456,24 ; 287,12 ;   15,748854 ;   25,00
458,24 ; 285,23 ;   15,747422 ;   25,00
460,24 ; 283,66 ;   15,812287 ;   25,00
462,24 ; 282,28 ;   15,739236 ;   25,00
464,24 ; 281,24 ;   15,744795 ;   25,00
466,24 ; 280,38 ;   15,802369 ;   25,00
468,24 ; 279,77 ;   15,799014 ;   25,00
470,24 ; 279,37 ;   15,737289 ;   25,00
472,25 ; 279,00 ;   15,729451 ;   25,00
474,25 ; 278,83 ;   15,737320 ;   25,00
476,25 ; 278,95 ;   15,804448 ;   25,00
478,25 ; 278,94 ;   15,800265 ;   25,00
480,25 ; 279,16 ;   15,739493 ;   25,00
482,25 ; 279,39 ;   15,730745 ;   25,00
484,25 ; 279,80 ;   15,739297 ;   25,00
486,25 ; 280,24 ;   15,793713 ;   25,00
488,25 ; 280,70 ;   15,734623 ;   25,00
490,26 ; 281,32 ;   15,744070 ;   25,00
492,26 ; 281,92 ;   15,728550 ;   25,00
494,26 ; 282,62 ;   15,806502 ;   25,00
496,26 ; 283,39 ;   15,735676 ;   25,00
498,26 ; 284,18 ;   15,744302 ;   25,00
500,26 ; 284,96 ;   15,729187 ;   25,00
502,26 ; 285,82 ;   15,729027 ;   25,00
504,26 ; 286,77 ;   15,724272 ;   25,00
506,27 ; 287,69 ;   15,724576 ;   25,00
508,27 ; 288,63 ;   15,724027 ;   25,00
510,27 ; 289,59 ;   15,717268 ;   25,00
512,27 ; 290,59 ;   15,049632 ;   23,34
514,27 ; 291,69 ;   7,933531 ;   12,07
516,27 ; 292,65 ;   00000,00 ;    0,00
518,27 ; 293,59 ;   00000,00 ;    0,65
520,27 ; 294,56 ;   00000,00 ;    0,00
522,27 ; 295,27 ;   00000,00 ;    0,00
524,28 ; 296,03 ;   4,008778 ;    6,63
526,28 ; 296,70 ;   00000,00 ;    0,00
528,28 ; 297,24 ;   00000,00 ;    0,18
530,28 ; 297,76 ;   5,344627 ;    8,17
532,28 ; 298,11 ;   4,687630 ;    7,29
534,28 ; 298,34 ;   13,814522 ;   21,80
536,28 ; 298,66 ;   15,755623 ;   25,00
538,28 ; 298,91 ;   13,213084 ;   20,76
540,28 ; 299,16 ;   15,815772 ;   25,00
542,29 ; 299,48 ;   15,152634 ;   23,18
544,29 ; 299,74 ;   8,614452 ;   13,77
546,29 ; 300,15 ;   11,885395 ;   18,11
548,29 ; 300,50 ;   00000,00 ;    0,00
550,29 ; 300,77 ;   0,747618 ;    1,25
552,29 ; 301,09 ;   4,685459 ;    7,81
554,29 ; 301,32 ;   00000,00 ;    0,00
556,29 ; 301,61 ;   3,343160 ;    5,64
558,29 ; 301,77 ;   00000,00 ;    0,00
560,30 ; 301,90 ;   5,348179 ;    8,36
562,30 ; 301,94 ;   6,612989 ;   11,00
564,30 ; 302,00 ;   12,498739 ;   19,36
566,30 ; 302,03 ;   9,891371 ;   15,93
568,30 ; 302,03 ;   11,825830 ;   18,57
570,30 ; 302,07 ;   13,818381 ;   21,48
572,30 ; 302,19 ;   10,553655 ;   16,60
574,30 ; 302,19 ;   4,013431 ;    6,87
576,30 ; 302,29 ;   11,812688 ;   18,84
578,31 ; 302,38 ;   4,015861 ;    6,76
580,31 ; 302,47 ;   4,010902 ;    6,28
582,31 ; 302,52 ;   3,413853 ;    5,86
584,31 ; 302,58 ;   5,946279 ;    9,08
586,31 ; 302,65 ;   4,003591 ;    6,37
588,31 ; 302,60 ;   2,689592 ;    4,41
590,31 ; 302,70 ;   10,549266 ;   16,72
592,31 ; 302,67 ;   00000,00 ;    0,49
594,31 ; 302,63 ;   7,877218 ;   12,58
596,31 ; 302,59 ;   9,215370 ;   14,98
598,32 ; 302,49 ;   9,292054 ;   14,01
600,32 ; 302,52 ;   13,165084 ;   20,15
602,32 ; 302,43 ;   4,610740 ;    7,07
604,32 ; 302,35 ;   11,898360 ;   18,94
606,32 ; 302,36 ;   11,826111 ;   18,37
608,32 ; 302,29 ;   5,345618 ;    8,76
610,32 ; 302,33 ;   11,229117 ;   17,21
612,32 ; 302,36 ;   2,679650 ;    4,86
614,32 ; 302,38 ;   2,684254 ;    4,95
616,32 ; 302,42 ;   3,345248 ;    5,11
618,33 ; 302,38 ;   1,413926 ;    2,64
620,33 ; 302,38 ;   6,616891 ;   10,79
622,33 ; 302,33 ;   4,611805 ;    7,11
624,33 ; 302,20 ;   7,286200 ;   11,21
626,33 ; 302,12 ;   13,757888 ;   21,07
628,33 ; 302,03 ;   9,890367 ;   15,58
630,33 ; 301,98 ;   10,563406 ;   16,79
632,33 ; 301,87 ;   7,957520 ;   12,71
634,33 ; 301,87 ;   13,223771 ;   20,84
636,34 ; 301,87 ;   5,285916 ;    8,09
638,34 ; 301,83 ;   4,676210 ;    7,73
640,34 ; 301,90 ;   7,283993 ;   11,86
642,34 ; 301,85 ;   00000,00 ;    0,00
644,34 ; 301,84 ;   7,287125 ;   11,76
646,34 ; 301,80 ;   4,688889 ;    7,35
648,34 ; 301,80 ;   6,619310 ;   10,66
650,34 ; 301,66 ;   4,625445 ;    7,08
652,34 ; 301,62 ;   13,832157 ;   21,17
654,34 ; 301,51 ;   7,961839 ;   12,20
656,35 ; 301,50 ;   12,501069 ;   19,51
658,35 ; 301,38 ;   5,282163 ;    8,55
660,35 ; 301,45 ;   13,163757 ;   20,90
662,35 ; 301,44 ;   00000,00 ;    0,17
664,35 ; 301,41 ;   5,948485 ;    9,12
666,35 ; 301,27 ;   6,615246 ;   10,78
668,35 ; 301,36 ;   14,502738 ;   22,47
670,35 ; 301,34 ;   00000,00 ;    0,00
672,35 ; 301,30 ;   5,281348 ;    8,93
674,35 ; 301,27 ;   7,947852 ;   12,41
676,36 ; 301,14 ;   6,615419 ;   10,79
678,36 ; 301,19 ;   13,761071 ;   21,61
680,36 ; 301,11 ;   1,410476 ;    2,79
682,36 ; 301,07 ;   10,555295 ;   16,50
684,36 ; 301,05 ;   7,954539 ;   12,51
686,36 ; 300,99 ;   6,624799 ;   10,87
688,36 ; 300,98 ;   9,220024 ;   14,48
690,36 ; 300,97 ;   6,616052 ;   10,30
692,36 ; 300,87 ;   5,945571 ;    9,36
694,36 ; 300,84 ;   13,170381 ;   20,01
696,37 ; 300,89 ;   7,285766 ;   11,81
698,37 ; 300,84 ;   2,083450 ;    3,79
700,37 ; 300,84 ;   8,618104 ;   13,96
702,37 ; 300,79 ;   5,952641 ;    9,74
704,37 ; 300,77 ;   9,217450 ;   14,14
706,37 ; 300,74 ;   6,623310 ;   10,82
708,37 ; 300,75 ;   7,878063 ;   12,62
710,37 ; 300,74 ;   5,344014 ;    8,27
712,37 ; 300,70 ;   6,012350 ;    9,85
714,37 ; 300,63 ;   8,610500 ;   13,37
716,38 ; 300,70 ;   11,215740 ;   17,19
718,38 ; 300,59 ;   1,341734 ;    2,45
720,38 ; 300,63 ;   13,829961 ;   21,49
722,38 ; 300,55 ;   2,682885 ;    4,43
724,38 ; 300,42 ;   12,496887 ;   19,14
726,38 ; 300,38 ;   15,768335 ;   24,31
728,38 ; 300,50 ;   9,893980 ;   15,51
730,38 ; 300,42 ;   00000,00 ;    0,00
732,38 ; 300,50 ;   12,491838 ;   19,11
734,39 ; 300,50 ;   0,741276 ;    1,79
736,39 ; 300,52 ;   6,012505 ;    9,96
738,39 ; 300,50 ;   4,680528 ;    7,17
740,39 ; 300,56 ;   7,944218 ;   12,24
742,39 ; 300,56 ;   1,410477 ;    2,48
744,39 ; 300,49 ;   5,339182 ;    8,98
746,39 ; 300,45 ;   10,563996 ;   16,95
748,39 ; 300,45 ;   9,216505 ;   14,81
750,39 ; 300,45 ;   5,278414 ;    8,88
752,39 ; 300,31 ;   5,948972 ;    9,61
754,40 ; 300,24 ;   15,756811 ;   25,00
756,40 ; 300,23 ;   11,829189 ;   18,84
758,40 ; 300,17 ;   7,955509 ;   12,26
760,40 ; 300,27 ;   11,886188 ;   18,56
762,40 ; 300,18 ;   0,733804 ;    1,16
764,40 ; 300,23 ;   13,158339 ;   20,89
766,40 ; 300,30 ;   3,344040 ;    5,49
768,40 ; 300,29 ;   2,009920 ;    3,15
770,40 ; 300,30 ;   7,953376 ;   12,31
772,40 ; 300,30 ;   5,281297 ;    8,81
774,41 ; 300,35 ;   6,624184 ;   10,41
776,41 ; 300,30 ;   2,687928 ;    4,96
778,41 ; 300,24 ;   9,891574 ;   15,24
780,41 ; 300,27 ;   11,158168 ;   17,40
782,41 ; 300,20 ;   5,356502 ;    8,06
784,41 ; 300,13 ;   11,232151 ;   17,66
786,41 ; 300,10 ;   12,487105 ;   19,99
788,41 ; 300,10 ;   9,223798 ;   14,41
790,41 ; 300,10 ;   7,276850 ;   11,91
792,41 ; 300,15 ;   7,290758 ;   11,89
794,42 ; 300,17 ;   4,020952 ;    6,48
796,42 ; 300,16 ;   5,352154 ;    8,72
798,42 ; 300,15 ;   7,955637 ;   12,06
800,42 ; 300,22 ;   7,955129 ;   13,00
802,42 ; 300,15 ;   2,006274 ;    3,24
804,42 ; 300,17 ;   11,899489 ;   18,71
806,42 ; 300,05 ;   5,284548 ;    8,55
808,42 ; 300,17 ;   15,764660 ;   24,46
810,42 ; 300,06 ;   00000,00 ;    0,00
812,43 ; 300,22 ;   15,171760 ;   23,52
814,43 ; 300,12 ;   00000,00 ;    0,00
816,43 ; 300,22 ;   14,493512 ;   22,14
818,43 ; 300,16 ;   00000,00 ;    0,00
820,43 ; 300,12 ;   10,552007 ;   16,69
822,43 ; 300,13 ;   10,560883 ;   16,26
824,43 ; 300,18 ;   6,621688 ;   10,39
826,43 ; 300,17 ;   2,684821 ;    4,91
828,43 ; 300,17 ;   7,291204 ;   11,55
830,43 ; 300,13 ;   6,624771 ;   10,69
832,43 ; 300,17 ;   10,556573 ;   16,04
834,44 ; 300,09 ;   3,344991 ;    5,68
836,44 ; 300,04 ;   13,159789 ;   20,48
838,44 ; 300,05 ;   10,555408 ;   16,76
840,44 ; 300,01 ;   6,617853 ;   10,00
842,44 ; 300,08 ;   11,230452 ;   17,03
844,44 ; 300,10 ;   2,078813 ;    4,00
846,44 ; 300,13 ;   5,278976 ;    8,72
848,44 ; 300,09 ;   5,277436 ;    8,49
850,44 ; 300,13 ;   9,880769 ;   15,43
852,45 ; 300,10 ;   3,950796 ;    6,79
854,45 ; 300,08 ;   8,628733 ;   13,59
856,45 ; 300,05 ;   8,608215 ;   13,79
858,45 ; 300,08 ;   8,615984 ;   13,99
860,45 ; 300,06 ;   5,276753 ;    8,81
862,45 ; 300,05 ;   8,620263 ;   13,06
864,45 ; 299,99 ;   7,942774 ;   12,30
866,45 ; 299,97 ;   11,890934 ;   18,64
868,45 ; 299,98 ;   9,283046 ;   14,73
870,45 ; 300,01 ;   6,620125 ;   10,46
872,46 ; 299,92 ;   6,015244 ;    9,43
874,46 ; 299,95 ;   13,836912 ;   21,77
876,46 ; 300,04 ;   6,615129 ;   10,01
878,46 ; 299,97 ;   0,742579 ;    1,74
880,46 ; 300,12 ;   12,495677 ;   19,71
882,46 ; 300,03 ;   00000,00 ;    0,00
884,46 ; 300,17 ;   13,169292 ;   20,77
886,46 ; 300,15 ;   00000,00 ;    0,00
888,46 ; 300,12 ;   8,620485 ;   13,05
890,46 ; 300,15 ;   9,223958 ;   14,13
892,47 ; 300,03 ;   4,671474 ;    7,21
894,47 ; 300,04 ;   15,093983 ;   23,95
896,47 ; 299,99 ;   6,617486 ;   10,67
898,47 ; 300,01 ;   10,556291 ;   16,87
900,47 ; 300,08 ;   6,622099 ;   10,12
902,47 ; 300,06 ;   2,073523 ;    3,69
904,47 ; 300,06 ;   7,880330 ;   12,91
906,47 ; 300,02 ;   7,276350 ;   11,24
908,47 ; 299,99 ;   10,553764 ;   16,62
910,48 ; 300,03 ;   9,227780 ;   14,35
912,48 ; 300,08 ;   4,612713 ;    7,39
914,48 ; 300,06 ;   4,023080 ;    6,12
916,48 ; 300,06 ;   7,959532 ;   12,86
918,48 ; 300,04 ;   7,288539 ;   11,20
920,48 ; 299,97 ;   8,561596 ;   13,88
922,48 ; 299,94 ;   12,497271 ;   19,47
924,48 ; 300,09 ;   9,893918 ;   15,63
926,48 ; 299,96 ;   00000,00 ;    0,00
928,48 ; 300,02 ;   15,832033 ;   25,00
930,49 ; 300,03 ;   3,410596 ;    5,84
932,49 ; 300,01 ;   5,958949 ;    9,82
934,49 ; 300,03 ;   9,296198 ;   14,16
936,49 ; 300,08 ;   5,347400 ;    8,98
938,49 ; 300,05 ;   3,946178 ;    6,07
940,49 ; 300,02 ;   8,630857 ;   13,70
942,49 ; 300,12 ;   9,890895 ;   15,70
944,49 ; 300,05 ;   00000,00 ;    0,00
946,49 ; 300,02 ;   11,222124 ;   17,80
948,49 ; 299,99 ;   9,888084 ;   15,67
950,50 ; 299,95 ;   9,221752 ;   14,23
952,50 ; 299,88 ;   11,160219 ;   17,14
954,50 ; 299,91 ;   13,175070 ;   20,27
956,50 ; 299,94 ;   5,340955 ;    8,37
958,50 ; 300,01 ;   6,021348 ;    9,83
960,50 ; 300,04 ;   2,754187 ;    4,24
962,50 ; 300,02 ;   5,280846 ;    8,08
964,50 ; 300,02 ;   9,218258 ;   14,07
966,50 ; 300,02 ;   7,281198 ;   11,59
968,51 ; 300,03 ;   7,291722 ;   11,58
970,51 ; 300,06 ;   6,019276 ;    9,79
972,51 ; 300,06 ;   4,682543 ;    7,84
974,51 ; 300,08 ;   7,281432 ;   11,13
976,51 ; 299,95 ;   5,946776 ;    9,33
978,51 ; 299,97 ;   15,766240 ;   25,00
980,51 ; 299,98 ;   5,958840 ;    9,50
982,51 ; 299,89 ;   6,621464 ;   10,19
984,51 ; 299,94 ;   14,490789 ;   22,61
986,51 ; 299,88 ;   4,686704 ;    7,34
988,51 ; 299,90 ;   12,492799 ;   19,49
990,52 ; 299,87 ;   6,609892 ;   10,21
992,52 ; 299,94 ;   10,562044 ;   16,30
994,52 ; 300,01 ;   2,752636 ;    4,94
996,52 ; 299,97 ;   2,678065 ;    4,31
998,52 ; 299,99 ;   10,553996 ;   16,23
1000,52 ; 300,09 ;   5,956972 ;    9,41
1002,52 ; 300,18 ;   0,741933 ;    1,12
1004,52 ; 300,13 ;   00000,00 ;    0,24
1006,52 ; 300,13 ;   10,553788 ;   16,40
1008,52 ; 299,92 ;   6,618765 ;   10,60
1010,53 ; 299,96 ;   15,764286 ;   25,00
1012,53 ; 299,87 ;   4,695269 ;    7,96
1014,53 ; 299,80 ;   14,438277 ;   22,87
1016,53 ; 299,83 ;   13,157597 ;   20,17
1018,53 ; 299,85 ;   6,619843 ;   10,91
1020,53 ; 299,78 ;   6,622331 ;   10,73
1022,53 ; 299,82 ;   13,755422 ;   21,31
1024,53 ; 299,87 ;   6,010709 ;    9,43
1026,53 ; 299,92 ;   5,350869 ;    8,21
1028,54 ; 300,04 ;   4,015579 ;    6,91
1030,54 ; 299,99 ;   00000,00 ;    0,00
1032,54 ; 300,06 ;   11,228191 ;   17,01
1034,54 ; 299,98 ;   2,012477 ;    3,97
1036,54 ; 300,05 ;   13,161708 ;   20,37
1038,54 ; 299,99 ;   2,744560 ;    4,04
1040,54 ; 299,99 ;   11,822625 ;   18,64
1042,54 ; 300,03 ;   7,953269 ;   12,03
1044,54 ; 300,02 ;   4,681094 ;    7,55
1046,54 ; 299,95 ;   8,550157 ;   13,46
1048,55 ; 299,88 ;   12,567828 ;   19,89
1050,55 ; 299,95 ;   13,155880 ;   20,54
1052,55 ; 299,97 ;   3,342672 ;    5,05
1054,55 ; 299,96 ;   5,950690 ;    9,81
1056,55 ; 299,98 ;   8,629819 ;   13,19
1058,55 ; 299,98 ;   6,016871 ;    9,68
1060,55 ; 300,02 ;   7,950301 ;   12,16
1062,55 ; 300,03 ;   5,348823 ;    8,57
1064,55 ; 300,02 ;   6,682223 ;   10,08
1066,55 ; 300,06 ;   8,553633 ;   13,52
1068,56 ; 299,99 ;   4,019276 ;    6,48
1070,56 ; 300,06 ;   12,500835 ;   19,50
1072,56 ; 299,99 ;   2,008974 ;    3,99
1074,56 ; 300,03 ;   12,556034 ;   19,48
1076,56 ; 299,94 ;   4,604515 ;    7,57
1078,56 ; 300,02 ;   14,499731 ;   22,46
1080,56 ; 299,94 ;   2,088104 ;    3,59
1082,56 ; 300,05 ;   13,159186 ;   20,82
1084,56 ; 299,94 ;   00000,00 ;    0,00
1086,56 ; 299,94 ;   15,772005 ;   24,95
1088,57 ; 299,95 ;   7,964090 ;   12,58
1090,57 ; 299,91 ;   7,288376 ;   11,69
