Tempo total (s) ;Temperatura (ºC) ; Potencia atual (W) ; Saida
P:   1.96 I: 150.00 D:  37.52 Tensão:12.888 V Temperatura ambiente:     20.73ºC
2,00 ; 300,12 ;   8,486450 ;   13,54
4,00 ; 300,04 ;   5,973925 ;    9,97
6,00 ; 300,08 ;   9,807939 ;   15,29
8,00 ; 300,03 ;   6,564556 ;   10,90
10,00 ; 300,06 ;   9,143801 ;   14,15
12,01 ; 300,09 ;   7,227395 ;   11,22
14,01 ; 300,08 ;   7,217805 ;   11,46
16,01 ; 300,01 ;   7,889296 ;   12,62
18,01 ; 300,08 ;   9,803614 ;   15,05
20,01 ; 300,02 ;   5,966186 ;    9,75
22,01 ; 299,99 ;   9,145478 ;   14,75
24,01 ; 299,94 ;   8,558331 ;   13,36
26,01 ; 300,02 ;   9,141422 ;   14,62
28,01 ; 300,02 ;   5,902269 ;    9,58
30,01 ; 300,01 ;   7,886265 ;   12,45
32,02 ; 300,06 ;   7,889430 ;   12,75
34,02 ; 300,02 ;   6,570069 ;   10,35
36,02 ; 299,99 ;   9,154258 ;   14,17
38,02 ; 300,08 ;   8,541580 ;   13,36
40,02 ; 299,99 ;   5,901432 ;    9,17
42,02 ; 300,02 ;   9,816357 ;   15,65
44,02 ; 300,09 ;   7,163774 ;   11,59
46,02 ; 299,97 ;   5,906347 ;    9,72
48,02 ; 300,09 ;   10,405996 ;   16,85
50,02 ; 300,05 ;   4,651350 ;    8,00
52,02 ; 299,96 ;   8,480229 ;   13,51
54,03 ; 299,95 ;   9,873422 ;   16,00
56,03 ; 300,05 ;   8,555976 ;   13,16
58,03 ; 300,01 ;   5,313513 ;    8,35
60,03 ; 300,05 ;   9,209168 ;   14,18
62,03 ; 299,95 ;   6,564917 ;   10,64
64,03 ; 299,90 ;   10,473635 ;   16,60
66,03 ; 300,01 ;   9,146727 ;   14,40
68,03 ; 300,02 ;   5,311561 ;    8,44
70,03 ; 299,89 ;   7,822250 ;   12,16
72,03 ; 299,99 ;   11,138465 ;   17,29
74,04 ; 299,98 ;   5,239673 ;    8,76
76,04 ; 300,05 ;   7,896537 ;   12,80
78,04 ; 299,99 ;   5,905319 ;    9,79
80,04 ; 300,03 ;   9,140927 ;   14,79
82,04 ; 300,01 ;   6,573763 ;   10,98
84,04 ; 299,98 ;   8,476917 ;   13,32
86,04 ; 299,97 ;   8,568251 ;   13,37
88,04 ; 300,02 ;   8,479525 ;   13,11
90,04 ; 300,03 ;   6,631392 ;   10,73
92,04 ; 300,03 ;   7,231767 ;   11,84
94,04 ; 300,03 ;   7,885268 ;   12,42
96,05 ; 300,03 ;   7,878336 ;   12,41
98,05 ; 300,06 ;   7,883793 ;   12,41
100,05 ; 300,03 ;   7,218050 ;   11,20
102,05 ; 299,96 ;   8,480307 ;   13,56
104,05 ; 299,94 ;   9,807231 ;   15,14
106,05 ; 299,98 ;   8,471206 ;   13,46
108,05 ; 300,05 ;   6,564801 ;   10,78
110,05 ; 299,98 ;   5,899535 ;    9,78
112,05 ; 299,98 ;   9,812102 ;   15,09
114,05 ; 300,03 ;   7,819864 ;   12,51
116,05 ; 299,96 ;   6,564892 ;   10,69
118,06 ; 299,97 ;   9,803307 ;   15,14
120,06 ; 300,03 ;   7,892905 ;   12,25
122,06 ; 299,99 ;   6,570043 ;   10,12
124,06 ; 299,99 ;   8,558173 ;   13,93
126,06 ; 300,05 ;   7,880879 ;   12,49
128,06 ; 299,96 ;   6,562313 ;   10,07
130,06 ; 300,02 ;   9,820507 ;   16,00
132,06 ; 300,10 ;   6,561158 ;   10,43
134,06 ; 300,03 ;   5,901810 ;    9,12
136,06 ; 300,03 ;   9,214582 ;   14,99
138,06 ; 299,96 ;   7,878732 ;   12,41
140,07 ; 300,02 ;   9,814135 ;   15,13
142,07 ; 299,99 ;   6,562713 ;   10,43
144,07 ; 300,08 ;   8,557469 ;   13,35
146,07 ; 300,08 ;   5,900077 ;    9,16
148,07 ; 300,05 ;   7,880735 ;   12,31
150,07 ; 299,97 ;   8,480215 ;   13,22
152,07 ; 300,01 ;   9,807549 ;   15,69
154,07 ; 300,04 ;   7,214868 ;   11,02
156,07 ; 300,04 ;   7,221925 ;   11,24
158,07 ; 300,05 ;   7,890400 ;   12,39
160,08 ; 300,05 ;   7,228891 ;   11,78
162,08 ; 300,02 ;   7,827796 ;   12,35
164,08 ; 299,99 ;   8,556009 ;   13,87
166,08 ; 300,03 ;   8,556229 ;   13,34
168,08 ; 299,99 ;   6,559439 ;   10,96
170,08 ; 300,10 ;   8,557891 ;   13,91
172,08 ; 300,02 ;   5,308139 ;    8,24
174,08 ; 300,05 ;   9,820159 ;   15,59
176,08 ; 300,04 ;   6,568172 ;   10,91
178,08 ; 300,04 ;   7,821044 ;   12,95
180,08 ; 299,99 ;   7,814205 ;   12,38
182,09 ; 299,99 ;   9,216701 ;   14,19
184,09 ; 300,02 ;   7,884199 ;   12,47
186,09 ; 299,96 ;   7,217930 ;   11,56
188,09 ; 299,97 ;   9,143742 ;   14,54
190,09 ; 299,98 ;   7,901138 ;   12,23
192,09 ; 300,03 ;   7,226375 ;   11,91
194,09 ; 299,98 ;   6,572264 ;   10,67
196,09 ; 299,94 ;   9,150846 ;   14,21
198,09 ; 299,98 ;   9,141351 ;   14,30
200,09 ; 300,03 ;   6,565812 ;   10,77
202,09 ; 300,01 ;   6,567801 ;   10,67
204,10 ; 300,02 ;   8,547004 ;   13,30
206,10 ; 300,03 ;   7,822140 ;   12,14
208,10 ; 300,12 ;   7,163974 ;   11,82
210,10 ; 300,04 ;   5,897665 ;    9,07
212,10 ; 299,97 ;   9,814985 ;   15,25
214,10 ; 300,02 ;   9,805914 ;   15,10
216,10 ; 300,02 ;   6,631085 ;   10,70
218,10 ; 300,02 ;   7,879685 ;   12,42
220,10 ; 299,98 ;   7,879068 ;   12,42
222,10 ; 300,02 ;   8,480628 ;   13,63
224,10 ; 300,03 ;   7,228248 ;   11,27
226,11 ; 300,02 ;   7,160624 ;   11,82
228,11 ; 299,98 ;   7,819576 ;   12,99
230,11 ; 299,95 ;   8,486556 ;   13,63
232,11 ; 299,99 ;   8,563060 ;   13,99
234,11 ; 299,97 ;   6,561279 ;   10,74
236,11 ; 300,10 ;   8,556010 ;   13,38
238,11 ; 299,98 ;   4,644109 ;    7,37
240,11 ; 299,97 ;   10,472293 ;   16,79
242,11 ; 300,01 ;   8,556893 ;   13,09
244,11 ; 299,98 ;   7,160536 ;   11,00
246,11 ; 299,96 ;   8,479217 ;   13,34
248,12 ; 299,99 ;   8,489437 ;   13,39
250,12 ; 300,02 ;   7,228292 ;   11,32
252,12 ; 299,95 ;   7,233913 ;   11,56
254,12 ; 299,97 ;   9,805072 ;   15,15
256,12 ; 299,99 ;   7,165622 ;   11,65
258,12 ; 299,99 ;   7,223791 ;   11,61
260,12 ; 300,03 ;   7,885426 ;   12,47
262,12 ; 299,96 ;   6,561895 ;   10,96
264,12 ; 300,01 ;   9,807465 ;   15,12
266,12 ; 300,02 ;   6,567972 ;   10,72
268,12 ; 300,15 ;   7,818437 ;   12,14
270,13 ; 300,06 ;   4,574755 ;    7,28
272,13 ; 300,08 ;   9,809649 ;   15,49
274,13 ; 300,03 ;   7,228391 ;   11,72
276,13 ; 299,98 ;   9,150183 ;   14,11
278,13 ; 299,96 ;   9,215089 ;   14,20
280,13 ; 299,90 ;   8,479513 ;   13,39
282,13 ; 299,99 ;   9,137860 ;   14,95
284,13 ; 300,09 ;   5,897741 ;    9,02
286,13 ; 299,97 ;   5,237273 ;    8,83
288,13 ; 299,97 ;   10,461533 ;   16,82
290,14 ; 300,03 ;   7,824356 ;   12,51
292,14 ; 300,01 ;   6,631356 ;   10,09
294,14 ; 300,02 ;   8,482752 ;   13,30
296,14 ; 300,05 ;   7,818966 ;   12,13
298,14 ; 300,06 ;   6,567140 ;   10,90
300,14 ; 300,04 ;   7,886436 ;   12,04
302,14 ; 300,01 ;   8,548469 ;   13,23
304,14 ; 300,04 ;   8,474387 ;   13,58
306,14 ; 300,03 ;   7,227988 ;   11,22
308,14 ; 300,05 ;   7,890376 ;   12,67
310,14 ; 300,01 ;   7,227003 ;   11,47
312,15 ; 299,98 ;   9,143233 ;   14,15
314,15 ; 300,04 ;   8,488519 ;   13,33
316,15 ; 300,01 ;   6,563019 ;   10,35
318,15 ; 300,03 ;   8,554743 ;   13,57
320,15 ; 300,08 ;   7,215576 ;   11,52
322,15 ; 300,03 ;   6,564543 ;   10,56
324,15 ; 300,12 ;   9,154256 ;   14,10
326,15 ; 300,01 ;   5,900613 ;    9,05
328,15 ; 300,03 ;   10,457166 ;   16,44
330,15 ; 300,03 ;   7,228618 ;   11,51
332,15 ; 300,03 ;   7,825999 ;   12,37
334,16 ; 300,03 ;   7,891261 ;   12,37
336,16 ; 300,05 ;   7,894903 ;   12,37
338,16 ; 300,03 ;   7,230741 ;   11,46
340,16 ; 299,99 ;   8,559233 ;   13,23
342,16 ; 300,05 ;   8,541233 ;   13,88
344,16 ; 300,01 ;   6,570800 ;   10,02
346,16 ; 300,01 ;   9,145311 ;   14,13
348,16 ; 300,01 ;   7,891474 ;   12,41
350,16 ; 300,02 ;   7,895090 ;   12,41
352,16 ; 300,08 ;   7,882919 ;   12,11
354,16 ; 300,13 ;   5,901285 ;    9,97
356,17 ; 300,14 ;   6,567081 ;   10,45
358,17 ; 300,08 ;   7,231438 ;   11,57
360,17 ; 300,02 ;   9,220223 ;   14,56
362,17 ; 300,02 ;   9,155764 ;   14,68
364,17 ; 300,02 ;   7,884403 ;   12,38
366,17 ; 300,05 ;   7,821516 ;   12,38
368,17 ; 299,98 ;   6,628721 ;   10,87
370,17 ; 299,99 ;   9,815934 ;   15,03
372,17 ; 300,08 ;   7,819701 ;   12,14
374,17 ; 300,05 ;   5,903321 ;    9,10
376,17 ; 299,95 ;   8,560454 ;   13,16
378,18 ; 300,01 ;   10,465267 ;   16,54
380,18 ; 300,01 ;   6,565846 ;   10,10
382,18 ; 299,99 ;   7,889585 ;   12,39
384,18 ; 300,09 ;   7,889877 ;   13,00
386,18 ; 300,06 ;   5,312791 ;    8,79
388,18 ; 299,98 ;   8,546528 ;   13,15
390,18 ; 300,03 ;   9,807096 ;   15,31
392,18 ; 300,03 ;   6,566239 ;   10,62
394,18 ; 300,10 ;   7,890502 ;   12,34
396,18 ; 300,03 ;   5,906621 ;    9,62
398,18 ; 300,01 ;   9,151641 ;   14,92
400,19 ; 299,96 ;   8,484514 ;   13,25
402,19 ; 300,02 ;   9,152181 ;   14,20
404,19 ; 299,99 ;   6,564751 ;   10,36
406,19 ; 300,08 ;   8,476993 ;   13,28
408,19 ; 300,08 ;   5,908988 ;    9,09
410,19 ; 300,05 ;   7,900584 ;   12,25
412,19 ; 300,01 ;   8,483384 ;   13,15
414,19 ; 300,06 ;   9,158833 ;   14,10
416,19 ; 299,97 ;   6,562411 ;   10,26
418,19 ; 299,98 ;   9,871520 ;   15,90
420,19 ; 299,99 ;   7,219764 ;   11,85
422,20 ; 300,03 ;   7,820514 ;   12,12
424,20 ; 300,08 ;   6,569681 ;   10,90
426,20 ; 299,95 ;   6,562724 ;   10,52
428,20 ; 300,03 ;   11,138460 ;   17,38
430,20 ; 300,06 ;   5,899995 ;    9,17
432,20 ; 299,96 ;   7,226205 ;   11,12
434,20 ; 300,08 ;   10,473578 ;   16,20
436,20 ; 299,99 ;   4,579474 ;    7,93
438,20 ; 300,03 ;   9,811266 ;   15,57
440,20 ; 300,03 ;   6,566499 ;   10,89
442,20 ; 300,04 ;   7,900592 ;   12,33
444,20 ; 300,01 ;   7,889865 ;   12,03
446,21 ; 300,03 ;   8,480186 ;   13,52
448,21 ; 299,98 ;   7,156990 ;   11,47
450,21 ; 300,06 ;   9,148355 ;   14,14
452,21 ; 300,09 ;   5,901095 ;    9,39
454,21 ; 300,03 ;   7,222674 ;   11,35
456,21 ; 300,02 ;   9,149909 ;   14,33
458,21 ; 300,02 ;   7,888927 ;   12,93
460,21 ; 299,98 ;   7,891239 ;   12,35
462,21 ; 299,95 ;   8,557952 ;   13,56
464,21 ; 299,98 ;   8,478050 ;   13,93
466,21 ; 300,03 ;   6,565601 ;   10,98
468,22 ; 299,97 ;   6,564995 ;   10,60
470,22 ; 300,02 ;   9,214688 ;   14,74
472,22 ; 300,04 ;   6,560769 ;   10,63
474,22 ; 299,96 ;   7,162404 ;   11,45
476,22 ; 299,98 ;   9,811666 ;   15,33
478,22 ; 299,99 ;   7,216780 ;   11,55
480,22 ; 299,91 ;   7,882621 ;   12,11
482,22 ; 300,01 ;   9,804561 ;   15,43
484,22 ; 299,90 ;   5,300422 ;    8,93
486,22 ; 299,91 ;   10,472339 ;   16,61
488,23 ; 300,02 ;   7,223381 ;   11,99
490,23 ; 299,96 ;   5,311560 ;    8,63
492,23 ; 299,97 ;   9,150124 ;   14,48
494,23 ; 299,99 ;   7,891674 ;   12,17
496,23 ; 299,98 ;   7,230705 ;   11,55
498,23 ; 299,95 ;   7,898514 ;   12,71
500,23 ; 299,97 ;   8,550510 ;   13,94
502,23 ; 299,99 ;   7,218303 ;   11,60
504,23 ; 299,96 ;   7,222462 ;   11,55
506,23 ; 299,96 ;   8,554069 ;   13,62
508,23 ; 299,98 ;   7,817296 ;   12,48
510,23 ; 299,96 ;   7,222419 ;   11,57
512,24 ; 299,95 ;   8,479223 ;   13,34
514,24 ; 299,87 ;   8,554107 ;   13,08
516,24 ; 299,94 ;   9,809852 ;   15,54
518,24 ; 299,96 ;   5,896914 ;    9,95
520,24 ; 299,95 ;   7,222031 ;   11,62
522,24 ; 299,94 ;   8,481372 ;   13,09
524,24 ; 299,99 ;   7,893494 ;   12,82
526,24 ; 299,90 ;   6,566985 ;   10,42
528,24 ; 299,95 ;   10,474500 ;   16,06
530,24 ; 299,97 ;   6,565496 ;   10,80
532,24 ; 299,99 ;   7,226520 ;   11,62
534,25 ; 299,91 ;   7,216868 ;   11,57
536,25 ; 299,95 ;   9,810448 ;   15,46
538,25 ; 299,98 ;   7,226936 ;   11,38
540,25 ; 299,92 ;   7,227862 ;   11,02
542,25 ; 300,06 ;   9,154674 ;   14,87
544,25 ; 299,95 ;   4,645209 ;    7,13
546,25 ; 300,01 ;   10,469680 ;   16,84
548,25 ; 299,97 ;   6,567214 ;   10,11
550,25 ; 299,95 ;   8,491305 ;   13,92
552,25 ; 299,96 ;   8,538138 ;   13,39
554,25 ; 299,92 ;   7,160709 ;   11,93
556,26 ; 300,01 ;   9,147883 ;   14,02
558,26 ; 299,98 ;   5,901219 ;    9,25
560,26 ; 300,02 ;   8,480436 ;   13,32
562,26 ; 300,08 ;   7,227228 ;   11,25
564,26 ; 299,99 ;   5,903208 ;    9,97
566,26 ; 299,96 ;   9,812597 ;   15,60
568,26 ; 300,06 ;   8,491695 ;   13,65
570,26 ; 299,99 ;   5,310686 ;    8,57
572,26 ; 300,04 ;   9,870986 ;   15,02
574,26 ; 299,92 ;   6,626902 ;   10,62
576,26 ; 299,95 ;   10,465073 ;   16,89
578,27 ; 299,97 ;   7,219299 ;   11,67
580,27 ; 300,05 ;   7,222076 ;   11,63
582,27 ; 299,90 ;   5,899621 ;    9,16
584,27 ; 299,96 ;   11,735790 ;   18,37
586,27 ; 299,92 ;   6,555109 ;   10,21
588,27 ; 300,03 ;   9,149306 ;   14,02
590,27 ; 299,99 ;   5,300706 ;    8,35
592,27 ; 299,95 ;   8,482405 ;   13,88
594,27 ; 300,01 ;   9,216564 ;   14,26
596,27 ; 299,98 ;   6,564484 ;   10,12
598,27 ; 300,02 ;   8,552067 ;   13,33
600,28 ; 299,98 ;   7,222772 ;   11,25
602,28 ; 299,99 ;   8,483161 ;   13,61
604,28 ; 300,02 ;   7,890632 ;   12,16
606,28 ; 300,05 ;   7,225659 ;   11,54
608,28 ; 300,04 ;   6,630289 ;   10,89
610,28 ; 300,10 ;   7,825122 ;   12,93
612,28 ; 300,04 ;   5,905211 ;    9,93
614,28 ; 299,94 ;   9,219469 ;   14,65
616,28 ; 299,99 ;   10,463379 ;   16,28
618,28 ; 299,99 ;   6,565237 ;   10,43
620,28 ; 300,02 ;   7,881579 ;   12,44
622,29 ; 299,99 ;   7,222877 ;   11,54
624,29 ; 299,96 ;   8,481195 ;   13,31
626,29 ; 300,04 ;   8,556882 ;   13,66
628,29 ; 299,92 ;   5,905674 ;    9,48
630,29 ; 299,97 ;   10,403136 ;   16,89
632,29 ; 299,91 ;   6,567133 ;   10,77
634,29 ; 299,92 ;   9,141664 ;   14,61
636,29 ; 300,06 ;   7,883928 ;   12,30
638,29 ; 300,02 ;   4,642159 ;    7,14
640,29 ; 299,95 ;   9,146515 ;   14,13
642,29 ; 300,06 ;   9,809754 ;   15,13
644,30 ; 300,06 ;   5,310952 ;    8,00
646,30 ; 300,05 ;   7,824641 ;   12,31
648,30 ; 299,98 ;   7,826492 ;   12,61
650,30 ; 300,03 ;   9,810147 ;   15,04
652,30 ; 299,97 ;   6,565295 ;   10,65
654,30 ; 300,09 ;   9,147201 ;   14,79
656,30 ; 300,01 ;   4,643178 ;    7,95
658,30 ; 300,01 ;   9,817503 ;   15,28
660,30 ; 300,04 ;   7,898897 ;   12,41
662,30 ; 300,02 ;   7,234552 ;   11,20
664,30 ; 299,97 ;   8,552603 ;   13,26
666,31 ; 300,01 ;   9,149988 ;   14,21
668,31 ; 299,99 ;   6,559100 ;   10,98
670,31 ; 300,03 ;   8,552871 ;   13,02
672,31 ; 300,02 ;   6,564706 ;   10,93
674,31 ; 299,97 ;   7,897337 ;   12,97
676,31 ; 300,03 ;   9,150389 ;   14,21
678,31 ; 300,06 ;   6,630346 ;   10,07
680,31 ; 299,98 ;   7,226799 ;   11,15
682,31 ; 299,97 ;   9,802867 ;   15,33
684,31 ; 300,02 ;   8,491844 ;   13,06
686,31 ; 300,06 ;   6,562579 ;   10,67
688,32 ; 300,05 ;   6,569102 ;   10,58
690,32 ; 300,05 ;   7,819330 ;   12,60
692,32 ; 299,98 ;   7,890443 ;   12,31
694,32 ; 300,08 ;   9,813191 ;   15,04
696,32 ; 300,03 ;   5,319501 ;    8,82
698,32 ; 300,03 ;   9,151908 ;   14,08
700,32 ; 300,02 ;   7,896515 ;   12,36
702,32 ; 300,01 ;   7,900307 ;   12,96
704,32 ; 299,98 ;   7,888415 ;   12,69
706,32 ; 299,99 ;   8,476686 ;   13,31
708,32 ; 299,97 ;   7,896426 ;   12,15
710,33 ; 300,08 ;   8,556150 ;   13,34
712,33 ; 300,01 ;   5,236022 ;    8,24
714,33 ; 300,04 ;   9,143909 ;   14,99
716,33 ; 299,97 ;   7,232156 ;   11,19
718,33 ; 300,01 ;   9,814859 ;   15,06
720,33 ; 299,95 ;   6,570343 ;   10,97
722,33 ; 300,08 ;   9,149677 ;   14,82
724,33 ; 299,98 ;   4,648669 ;    7,38
726,33 ; 299,95 ;   9,814778 ;   15,89
728,33 ; 299,97 ;   8,554433 ;   13,96
730,33 ; 300,04 ;   7,226890 ;   11,62
732,33 ; 300,04 ;   5,902296 ;    9,76
734,34 ; 300,10 ;   7,818075 ;   12,34
736,34 ; 300,12 ;   5,901070 ;    9,92
738,34 ; 300,08 ;   7,234791 ;   11,61
740,34 ; 299,97 ;   8,567718 ;   13,69
742,34 ; 299,95 ;   10,471369 ;   16,49
744,34 ; 299,96 ;   8,481214 ;   13,38
746,34 ; 299,98 ;   7,235211 ;   11,91
748,34 ; 299,95 ;   7,238406 ;   11,58
750,34 ; 299,91 ;   8,555529 ;   13,96
752,34 ; 299,91 ;   8,482697 ;   13,73
754,35 ; 299,92 ;   7,894879 ;   12,59
756,35 ; 299,88 ;   7,891892 ;   12,29
758,35 ; 299,96 ;   9,136761 ;   14,39
760,35 ; 299,96 ;   5,906553 ;    9,34
762,35 ; 299,84 ;   7,895852 ;   12,50
764,35 ; 299,97 ;   11,123142 ;   17,04
766,35 ; 299,96 ;   4,636643 ;    7,90
768,35 ; 299,94 ;   7,881801 ;   12,80
770,35 ; 299,98 ;   8,477810 ;   13,42
772,35 ; 300,08 ;   6,563859 ;   10,74
774,35 ; 300,08 ;   5,309583 ;    8,83
776,35 ; 300,01 ;   7,895020 ;   12,28
778,36 ; 299,98 ;   9,143057 ;   15,00
780,36 ; 299,98 ;   8,563167 ;   13,32
782,36 ; 300,02 ;   7,820427 ;   12,46
784,36 ; 299,95 ;   7,238088 ;   11,25
786,36 ; 299,92 ;   9,815147 ;   15,12
788,36 ; 299,91 ;   8,558960 ;   13,45
790,36 ; 299,92 ;   7,879221 ;   12,89
792,36 ; 299,98 ;   7,819839 ;   12,30
794,36 ; 299,98 ;   6,563830 ;   10,17
796,36 ; 299,91 ;   7,883222 ;   12,47
798,36 ; 299,97 ;   9,800944 ;   15,19
800,37 ; 299,94 ;   6,561498 ;   10,49
802,37 ; 299,97 ;   8,558003 ;   13,71
804,37 ; 299,99 ;   7,229706 ;   11,36
806,37 ; 299,97 ;   7,222530 ;   11,60
808,37 ; 300,04 ;   8,557590 ;   13,37
810,37 ; 300,08 ;   5,904364 ;    9,78
812,37 ; 299,98 ;   6,570167 ;   10,85
814,37 ; 299,98 ;   9,813907 ;   15,92
816,37 ; 300,06 ;   7,882875 ;   12,47
818,37 ; 299,99 ;   5,902036 ;    9,45
820,37 ; 300,01 ;   9,812604 ;   15,04
822,38 ; 299,92 ;   7,160895 ;   11,85
824,38 ; 300,04 ;   9,810516 ;   15,75
826,38 ; 299,98 ;   5,238361 ;    8,06
828,38 ; 299,95 ;   9,148285 ;   14,48
830,38 ; 300,01 ;   8,546571 ;   13,99
832,38 ; 299,95 ;   6,563100 ;   10,13
834,38 ; 299,99 ;   9,213273 ;   14,85
836,38 ; 299,95 ;   6,568459 ;   10,74
838,38 ; 299,91 ;   9,144515 ;   14,28
840,38 ; 300,02 ;   8,560494 ;   13,77
842,38 ; 299,90 ;   5,307811 ;    8,68
844,39 ; 299,98 ;   10,478790 ;   16,95
846,39 ; 299,97 ;   5,963220 ;    9,32
848,39 ; 300,02 ;   8,481618 ;   13,09
850,39 ; 300,02 ;   6,570810 ;   10,70
852,39 ; 299,97 ;   7,821842 ;   12,42
854,39 ; 299,88 ;   9,149511 ;   14,24
856,39 ; 299,94 ;   10,468133 ;   16,15
858,39 ; 299,99 ;   6,563343 ;   10,28
860,39 ; 300,03 ;   6,568770 ;   10,46
862,39 ; 299,95 ;   6,565401 ;   10,96
864,39 ; 300,02 ;   9,807771 ;   15,72
866,39 ; 299,96 ;   5,900304 ;    9,84
868,40 ; 300,10 ;   9,139219 ;   14,54
870,40 ; 299,96 ;   4,576296 ;    7,09
872,40 ; 299,95 ;   11,121443 ;   17,70
874,40 ; 299,98 ;   8,483935 ;   13,14
876,40 ; 300,01 ;   7,228685 ;   11,05
878,40 ; 299,96 ;   7,227927 ;   11,58
880,40 ; 299,99 ;   9,208806 ;   14,26
882,40 ; 299,96 ;   7,159056 ;   11,33
884,40 ; 300,02 ;   8,489591 ;   13,69
886,40 ; 299,99 ;   6,566339 ;   10,42
888,41 ; 300,05 ;   8,556429 ;   13,34
890,41 ; 299,95 ;   6,566408 ;   10,05
892,41 ; 300,05 ;   10,472309 ;   16,59
894,41 ; 300,03 ;   5,312586 ;    8,33
896,41 ; 299,99 ;   8,558112 ;   13,26
898,41 ; 300,05 ;   8,483427 ;   13,91
900,41 ; 300,02 ;   6,577041 ;   10,05
902,41 ; 300,08 ;   8,477060 ;   13,86
904,41 ; 300,09 ;   6,565458 ;   10,00
906,41 ; 300,03 ;   7,224379 ;   12,00
908,41 ; 300,08 ;   9,144753 ;   14,40
910,41 ; 300,04 ;   6,569568 ;   10,57
912,42 ; 300,01 ;   8,487907 ;   13,81
914,42 ; 299,98 ;   8,550314 ;   13,58
916,42 ; 299,96 ;   8,483857 ;   13,34
918,42 ; 300,03 ;   8,561307 ;   13,39
920,42 ; 299,99 ;   5,962885 ;    9,80
922,42 ; 300,01 ;   8,479432 ;   13,90
924,42 ; 299,96 ;   7,161629 ;   11,86
926,42 ; 299,98 ;   9,142719 ;   14,25
928,42 ; 300,12 ;   7,225699 ;   11,62
930,42 ; 299,99 ;   4,648687 ;    7,34
932,42 ; 299,91 ;   11,073105 ;   17,06
934,43 ; 300,03 ;   9,800496 ;   15,49
936,43 ; 299,92 ;   5,308851 ;    8,08
938,43 ; 300,04 ;   10,474926 ;   16,62
940,43 ; 300,03 ;   5,312638 ;    8,07
942,43 ; 300,02 ;   7,892893 ;   12,67
944,43 ; 300,06 ;   7,895165 ;   12,99
946,43 ; 300,03 ;   6,565599 ;   10,60
948,43 ; 300,04 ;   8,559221 ;   13,53
950,43 ; 300,06 ;   7,890603 ;   12,08
952,43 ; 299,95 ;   7,232166 ;   11,46
954,43 ; 300,02 ;   10,470347 ;   16,86
956,44 ; 300,01 ;   5,901667 ;    9,83
958,44 ; 300,04 ;   7,819844 ;   12,72
960,44 ; 299,91 ;   7,224263 ;   11,22
962,44 ; 300,04 ;   11,060400 ;   17,21
964,44 ; 299,98 ;   4,654600 ;    7,77
966,44 ; 299,90 ;   9,148008 ;   14,49
968,44 ; 299,90 ;   9,807446 ;   15,81
970,44 ; 299,96 ;   7,880972 ;   12,65
972,44 ; 300,04 ;   6,561022 ;   10,23
974,44 ; 300,04 ;   5,970094 ;    9,50
976,44 ; 299,97 ;   7,890178 ;   12,37
978,45 ; 299,98 ;   9,808633 ;   15,10
980,45 ; 299,95 ;   7,220971 ;   11,91
982,45 ; 300,05 ;   8,483062 ;   13,99
984,45 ; 300,01 ;   5,245024 ;    8,33
986,45 ; 300,08 ;   9,146192 ;   14,16
988,45 ; 299,96 ;   5,962937 ;    9,71
990,45 ; 299,95 ;   10,475126 ;   16,83
992,45 ; 300,01 ;   8,484150 ;   13,13
994,45 ; 299,98 ;   6,572086 ;   10,14
996,45 ; 299,98 ;   8,480413 ;   13,34
998,45 ; 300,03 ;   7,886231 ;   12,48
1000,46 ; 299,96 ;   6,565462 ;   10,67
1002,46 ; 300,05 ;   9,814858 ;   15,11
1004,46 ; 299,95 ;   5,238163 ;    8,90
1006,46 ; 299,98 ;   10,467947 ;   16,58
1008,46 ; 300,04 ;   7,231654 ;   11,05
1010,46 ; 299,98 ;   6,572903 ;   10,36
1012,46 ; 299,94 ;   9,156594 ;   14,49
1014,46 ; 300,08 ;   9,144718 ;   14,30
1016,46 ; 300,09 ;   4,642269 ;    7,13
1018,46 ; 300,06 ;   7,161605 ;   11,99
1020,46 ; 299,94 ;   8,487013 ;   13,19
1022,46 ; 299,99 ;   11,133267 ;   17,17
1024,47 ; 300,05 ;   6,559262 ;   10,45
1026,47 ; 300,12 ;   6,571771 ;   10,04
1028,47 ; 299,99 ;   5,899283 ;    9,92
1030,47 ; 300,04 ;   11,140314 ;   17,06
1032,47 ; 300,04 ;   6,559474 ;   10,64
1034,47 ; 299,94 ;   7,894696 ;   12,37
1036,47 ; 300,09 ;   10,468638 ;   16,30
1038,47 ; 300,08 ;   3,979889 ;    6,82
1040,47 ; 299,97 ;   7,820236 ;   12,57
1042,47 ; 300,03 ;   10,405523 ;   16,52
1044,47 ; 300,01 ;   6,565297 ;   10,08
1046,48 ; 300,04 ;   8,478035 ;   13,29
1048,48 ; 299,99 ;   7,236157 ;   11,21
1050,48 ; 300,08 ;   9,214030 ;   14,18
1052,48 ; 300,05 ;   5,895431 ;    9,13
1054,48 ; 300,05 ;   8,479988 ;   13,19
1056,48 ; 299,98 ;   7,889612 ;   12,33
1058,48 ; 300,14 ;   9,804187 ;   15,05
1060,48 ; 300,04 ;   3,977551 ;    6,41
1062,48 ; 300,03 ;   10,471167 ;   16,09
1064,48 ; 300,01 ;   7,817345 ;   12,65
1066,49 ; 299,99 ;   8,483126 ;   13,27
1068,49 ; 300,06 ;   8,547020 ;   13,02
1070,49 ; 300,04 ;   5,897318 ;    9,72
1072,49 ; 300,01 ;   8,481398 ;   13,21
1074,49 ; 300,05 ;   8,551710 ;   13,56
1076,49 ; 300,06 ;   6,556057 ;   10,59
1078,49 ; 300,06 ;   7,889443 ;   12,01
1080,49 ; 300,05 ;   7,883326 ;   12,30
1082,49 ; 300,13 ;   7,889142 ;   12,60
1084,49 ; 300,02 ;   5,900573 ;    9,59
1086,49 ; 299,99 ;   10,466304 ;   16,41
1088,49 ; 300,09 ;   8,561625 ;   13,29
1090,50 ; 300,12 ;   5,239604 ;    8,80
1092,50 ; 300,06 ;   7,223653 ;   11,03
1094,50 ; 300,15 ;   9,144349 ;   14,30
1096,50 ; 300,05 ;   5,243535 ;    8,96
1098,50 ; 300,02 ;   9,805730 ;   15,74
1100,50 ; 300,03 ;   8,474301 ;   13,81
1102,50 ; 300,08 ;   7,232258 ;   11,77
1104,50 ; 300,04 ;   6,567401 ;   10,53
1106,50 ; 299,96 ;   8,479455 ;   13,76
1108,50 ; 300,09 ;   9,807309 ;   15,35
1110,50 ; 299,98 ;   4,637005 ;    7,64
1112,51 ; 300,02 ;   10,473801 ;   16,16
1114,51 ; 300,02 ;   7,218940 ;   11,22
1116,51 ; 299,98 ;   7,884657 ;   12,37
1118,51 ; 299,96 ;   8,480607 ;   13,58
1120,51 ; 299,99 ;   8,559992 ;   13,34
1122,51 ; 299,98 ;   7,226567 ;   11,27
1124,51 ; 300,02 ;   7,889691 ;   12,72
1126,51 ; 299,98 ;   7,223824 ;   11,22
1128,51 ; 299,96 ;   8,550865 ;   13,58
1130,51 ; 299,92 ;   8,477016 ;   13,34
1132,51 ; 300,03 ;   8,557893 ;   13,99
1134,52 ; 300,05 ;   5,235608 ;    8,32
1136,52 ; 300,05 ;   7,223266 ;   11,43
1138,52 ; 300,05 ;   7,883323 ;   12,29
1140,52 ; 299,92 ;   7,882755 ;   12,29
1142,52 ; 300,02 ;   11,059082 ;   17,43
1144,52 ; 299,99 ;   5,315053 ;    8,93
1146,52 ; 300,05 ;   8,554319 ;   13,28
1148,52 ; 299,97 ;   5,898383 ;    9,99
1150,52 ; 299,99 ;   9,809492 ;   15,62
1152,52 ; 300,02 ;   7,215934 ;   11,55
1154,52 ; 300,03 ;   7,217539 ;   11,51
1156,52 ; 299,95 ;   7,219153 ;   11,76
1158,53 ; 299,98 ;   9,804925 ;   15,67
1160,53 ; 299,97 ;   6,561765 ;   11,00
1162,53 ; 300,02 ;   8,561414 ;   13,04
1164,53 ; 299,99 ;   6,561616 ;   10,65
1166,53 ; 299,96 ;   8,563435 ;   13,28
1168,53 ; 299,99 ;   8,476132 ;   13,63
1170,53 ; 299,98 ;   7,220674 ;   11,27
1172,53 ; 300,01 ;   7,822270 ;   12,72
1174,53 ; 299,96 ;   7,237043 ;   11,53
1176,53 ; 299,99 ;   9,215264 ;   14,20
1178,53 ; 299,95 ;   7,165632 ;   11,27
1180,54 ; 299,96 ;   9,154813 ;   14,23
1182,54 ; 299,96 ;   7,226823 ;   11,91
1184,54 ; 299,99 ;   7,888011 ;   12,48
1186,54 ; 300,04 ;   7,221595 ;   11,27
1188,54 ; 300,01 ;   6,565262 ;   10,61
1190,54 ; 300,01 ;   8,558281 ;   13,54
1192,54 ; 300,02 ;   7,818598 ;   12,39
1194,54 ; 299,94 ;   7,899366 ;   12,09
1196,54 ; 299,91 ;   9,811208 ;   15,40
1198,54 ; 299,97 ;   8,551458 ;   13,44
1200,54 ; 299,96 ;   6,563821 ;   10,46
1202,55 ; 299,98 ;   7,893275 ;   12,77
1204,55 ; 299,96 ;   7,226836 ;   11,58
1206,55 ; 299,99 ;   8,482448 ;   13,35
1208,55 ; 299,96 ;   7,227332 ;   11,28
1210,55 ; 299,97 ;   8,492642 ;   13,64
1212,55 ; 300,02 ;   7,885939 ;   12,19
1214,55 ; 299,95 ;   6,565632 ;   10,66
1216,55 ; 299,95 ;   9,810870 ;   15,11
1218,55 ; 300,01 ;   7,896251 ;   12,52
1220,55 ; 300,05 ;   6,572757 ;   10,10
1222,55 ; 299,97 ;   6,569677 ;   10,58
1224,56 ; 300,06 ;   9,805827 ;   15,64
1226,56 ; 300,02 ;   5,302584 ;    8,85
1228,56 ; 300,10 ;   9,137333 ;   14,11
1230,56 ; 299,99 ;   5,980084 ;    9,06
1232,56 ; 299,99 ;   10,481716 ;   16,45
1234,56 ; 300,03 ;   7,880581 ;   12,43
1236,56 ; 300,08 ;   6,564429 ;   10,91
1238,56 ; 299,97 ;   6,569056 ;   10,53
1240,56 ; 299,99 ;   10,402536 ;   16,49
1242,56 ; 299,95 ;   7,232604 ;   11,56
1244,56 ; 299,97 ;   9,149927 ;   14,24
1246,57 ; 300,06 ;   7,225381 ;   11,61
1248,57 ; 299,97 ;   5,239976 ;    8,84
1250,57 ; 299,96 ;   9,808314 ;   15,92
1252,57 ; 299,99 ;   7,814811 ;   12,78
1254,57 ; 300,03 ;   7,165180 ;   11,28
1256,57 ; 299,92 ;   6,565690 ;   10,92
1258,57 ; 299,87 ;   10,480361 ;   16,58
1260,57 ; 300,04 ;   9,140093 ;   14,69
1262,57 ; 299,98 ;   3,985147 ;    6,03
1264,57 ; 299,98 ;   9,144011 ;   14,46
1266,57 ; 300,01 ;   7,898986 ;   12,45
1268,58 ; 299,96 ;   7,232775 ;   11,54
1270,58 ; 300,01 ;   9,152237 ;   14,22
1272,58 ; 300,02 ;   6,571078 ;   10,68
1274,58 ; 299,97 ;   7,813724 ;   12,10
1276,58 ; 299,99 ;   9,151176 ;   14,20
1278,58 ; 300,01 ;   7,225923 ;   11,57
1280,58 ; 300,03 ;   7,232634 ;   11,83
1282,58 ; 299,95 ;   7,233959 ;   11,50
1284,58 ; 299,98 ;   9,821187 ;   15,68
1286,58 ; 299,92 ;   7,231235 ;   11,01
1288,58 ; 299,96 ;   9,147796 ;   14,87
1290,59 ; 299,96 ;   7,236409 ;   11,06
1292,59 ; 299,95 ;   7,901573 ;   12,50
1294,59 ; 299,95 ;   8,480022 ;   13,11
1296,59 ; 299,98 ;   7,814688 ;   12,53
1298,59 ; 299,98 ;   7,169523 ;   11,02
1300,59 ; 299,99 ;   7,814546 ;   12,46
1302,59 ; 300,01 ;   7,890644 ;   12,16
1304,59 ; 300,02 ;   7,241900 ;   11,84
1306,59 ; 300,01 ;   7,898149 ;   12,11
1308,59 ; 300,12 ;   7,888369 ;   12,70
1310,59 ; 300,06 ;   5,248014 ;    8,17
1312,59 ; 300,06 ;   9,148778 ;   14,31
1314,60 ; 300,05 ;   7,888973 ;   12,30
1316,60 ; 300,03 ;   7,885285 ;   12,60
1318,60 ; 300,04 ;   8,555906 ;   13,22
1320,60 ; 300,01 ;   7,820246 ;   12,05
1322,60 ; 299,99 ;   8,481406 ;   13,55
1324,60 ; 300,05 ;   8,553100 ;   13,01
1326,60 ; 300,01 ;   6,564887 ;   10,01
1328,60 ; 299,97 ;   9,214723 ;   14,12
1330,60 ; 300,01 ;   8,486464 ;   13,91
1332,60 ; 300,03 ;   6,571705 ;   10,97
1334,60 ; 299,99 ;   7,226584 ;   11,49
1336,61 ; 300,05 ;   8,479121 ;   13,87
1338,61 ; 300,05 ;   6,575113 ;   10,01
1340,61 ; 300,08 ;   7,892273 ;   12,31
1342,61 ; 300,14 ;   7,230653 ;   11,40
1344,61 ; 299,95 ;   5,972234 ;    9,83
1346,61 ; 300,08 ;   12,391398 ;   19,69
1348,61 ; 300,03 ;   4,649509 ;    7,37
1350,61 ; 300,06 ;   9,148455 ;   14,07
1352,61 ; 300,01 ;   7,231421 ;   11,13
1354,61 ; 299,96 ;   9,146391 ;   14,40
1356,61 ; 300,03 ;   9,148832 ;   14,20
1358,62 ; 300,01 ;   5,971643 ;    9,76
1360,62 ; 299,98 ;   8,544922 ;   13,25
1362,62 ; 299,99 ;   8,479809 ;   13,30
1364,62 ; 300,02 ;   7,892912 ;   12,13
1366,62 ; 300,01 ;   7,226815 ;   11,51
1368,62 ; 300,06 ;   7,894171 ;   12,68
1370,62 ; 300,03 ;   6,565358 ;   10,27
1372,62 ; 300,05 ;   8,491114 ;   13,49
1374,62 ; 300,01 ;   7,231995 ;   11,43
1376,62 ; 300,01 ;   9,152446 ;   14,11
1378,62 ; 300,09 ;   7,820755 ;   12,38
1380,63 ; 300,04 ;   5,908221 ;    9,36
1382,63 ; 300,04 ;   9,149298 ;   14,04
1384,63 ; 300,05 ;   7,891435 ;   12,32
1386,63 ; 299,95 ;   7,229410 ;   11,71
1388,63 ; 300,05 ;   10,476470 ;   16,52
1390,63 ; 300,01 ;   5,307767 ;    8,27
1392,63 ; 300,03 ;   9,145591 ;   14,10
1394,63 ; 300,05 ;   7,224709 ;   11,47
1396,63 ; 300,01 ;   7,218906 ;   11,42
1398,63 ; 299,96 ;   9,145447 ;   14,10
1400,63 ; 300,09 ;   9,150009 ;   14,19
1402,63 ; 299,99 ;   4,583031 ;    7,63
1404,64 ; 300,04 ;   9,812821 ;   15,85
1406,64 ; 300,15 ;   6,566707 ;   10,59
1408,64 ; 300,05 ;   5,299810 ;    8,07
1410,64 ; 300,09 ;   9,812196 ;   15,72
1412,64 ; 300,01 ;   7,230437 ;   11,06
1414,64 ; 300,02 ;   9,812689 ;   15,24
1416,64 ; 300,05 ;   7,881775 ;   12,06
1418,64 ; 300,03 ;   6,559678 ;   10,84
1420,64 ; 300,01 ;   8,549055 ;   13,18
1422,64 ; 300,04 ;   8,479402 ;   13,22
1424,64 ; 300,01 ;   7,166510 ;   11,15
1426,65 ; 300,03 ;   8,554369 ;   13,51
1428,65 ; 300,01 ;   7,226182 ;   11,45
1430,65 ; 299,99 ;   8,539225 ;   13,22
1432,65 ; 300,08 ;   7,878677 ;   12,97
1434,65 ; 300,04 ;   5,899766 ;    9,06
1436,65 ; 300,04 ;   8,556068 ;   13,73
1438,65 ; 300,02 ;   7,892713 ;   12,30
1440,65 ; 299,97 ;   8,481140 ;   13,20
1442,65 ; 299,96 ;   9,209123 ;   14,16
1444,65 ; 300,01 ;   7,826143 ;   12,74
1446,65 ; 300,02 ;   6,561322 ;   10,64
1448,66 ; 300,02 ;   7,880638 ;   12,05
1450,66 ; 300,02 ;   7,879326 ;   12,34
1452,66 ; 300,02 ;   7,827330 ;   12,34
1454,66 ; 300,02 ;   7,890484 ;   12,34
1456,66 ; 300,05 ;   7,894046 ;   12,34
1458,66 ; 300,13 ;   6,570280 ;   10,83
1460,66 ; 300,06 ;   5,976193 ;    9,54
1462,66 ; 300,08 ;   9,145062 ;   14,54
1464,66 ; 300,12 ;   7,218444 ;   11,64
1466,66 ; 300,09 ;   6,559646 ;   10,69
1468,66 ; 300,05 ;   8,552488 ;   13,34
1470,67 ; 300,01 ;   8,485433 ;   13,40
1472,67 ; 300,03 ;   9,146946 ;   14,06
1474,67 ; 299,96 ;   7,221448 ;   11,43
1476,67 ; 299,97 ;   9,808257 ;   15,02
1478,67 ; 299,91 ;   7,879371 ;   12,13
1480,67 ; 299,97 ;   9,146776 ;   14,54
1482,67 ; 299,96 ;   6,565008 ;   10,41
1484,67 ; 299,95 ;   7,884006 ;   12,72
1486,67 ; 299,97 ;   8,479816 ;   13,04
1488,67 ; 299,94 ;   7,157991 ;   11,56
1490,67 ; 300,01 ;   8,478530 ;   13,64
1492,67 ; 299,97 ;   5,978025 ;    9,77
1494,68 ; 299,96 ;   8,538549 ;   13,86
1496,68 ; 300,04 ;   7,816625 ;   12,73
1498,68 ; 300,06 ;   5,898093 ;    9,42
1500,68 ; 300,05 ;   7,233102 ;   11,38
1502,68 ; 300,05 ;   7,894373 ;   12,54
1504,68 ; 300,09 ;   7,899621 ;   12,25
1506,68 ; 300,01 ;   7,231740 ;   11,04
1508,68 ; 300,04 ;   9,811646 ;   15,21
1510,68 ; 299,96 ;   7,227213 ;   11,13
1512,68 ; 300,05 ;   9,811830 ;   15,31
1514,68 ; 299,98 ;   5,307288 ;    8,80
1516,69 ; 299,95 ;   9,210790 ;   14,97
1518,69 ; 299,94 ;   8,479498 ;   13,90
1520,69 ; 299,94 ;   7,889803 ;   12,77
1522,69 ; 299,98 ;   7,892881 ;   12,48
1524,69 ; 299,96 ;   6,563916 ;   10,67
1526,69 ; 299,99 ;   8,485664 ;   13,30
1528,69 ; 299,94 ;   7,157572 ;   11,23
1530,69 ; 299,94 ;   9,140110 ;   14,50
1532,69 ; 299,92 ;   7,890545 ;   12,49
1534,69 ; 299,94 ;   8,482527 ;   13,10
1536,69 ; 300,01 ;   7,222038 ;   11,92
1538,70 ; 299,99 ;   5,898147 ;    9,77
1540,70 ; 300,03 ;   7,819406 ;   12,96
1542,70 ; 299,99 ;   6,563512 ;   10,87
1544,70 ; 299,97 ;   8,484506 ;   13,82
1546,70 ; 299,95 ;   8,558384 ;   13,29
1548,70 ; 299,92 ;   8,479194 ;   13,34
1550,70 ; 299,99 ;   8,555833 ;   13,39
1552,70 ; 299,96 ;   5,904865 ;    9,80
1554,70 ; 299,96 ;   8,476308 ;   13,60
1556,70 ; 299,95 ;   7,889954 ;   12,45
1558,70 ; 299,92 ;   8,548589 ;   13,06
1560,71 ; 299,92 ;   8,477128 ;   13,39
1562,71 ; 299,92 ;   7,888281 ;   12,54
1564,71 ; 299,94 ;   7,889342 ;   12,54
1566,71 ; 299,92 ;   7,226869 ;   11,93
1568,71 ; 299,98 ;   8,487733 ;   13,12
1570,71 ; 299,94 ;   6,562251 ;   10,12
1572,71 ; 299,97 ;   9,144490 ;   14,24
1574,71 ; 299,92 ;   7,227897 ;   11,30
1576,71 ; 299,96 ;   9,144913 ;   14,27
1578,71 ; 299,94 ;   7,233105 ;   11,04
1580,71 ; 300,01 ;   8,557430 ;   13,38
1582,71 ; 299,99 ;   5,900234 ;    9,79
1584,72 ; 300,03 ;   7,826217 ;   12,98
1586,72 ; 299,95 ;   6,573598 ;   10,90
1588,72 ; 299,94 ;   9,804144 ;   15,66
1590,72 ; 300,05 ;   7,896560 ;   12,81
1592,72 ; 300,02 ;   4,650275 ;    7,98
1594,72 ; 299,98 ;   8,492887 ;   13,80
1596,72 ; 299,94 ;   8,547959 ;   13,58
1598,72 ; 299,95 ;   9,141639 ;   14,24
1600,72 ; 299,99 ;   7,889118 ;   12,22
1602,72 ; 299,95 ;   6,567429 ;   10,69
1604,72 ; 299,98 ;   9,217993 ;   14,23
1606,73 ; 299,95 ;   6,565370 ;   11,00
1608,73 ; 299,92 ;   8,545017 ;   13,95
1610,73 ; 299,89 ;   8,478885 ;   13,42
1612,73 ; 299,94 ;   8,560765 ;   13,77
1614,73 ; 299,94 ;   6,559697 ;   10,81
1616,73 ; 299,96 ;   7,902308 ;   12,53
1618,73 ; 299,91 ;   7,228805 ;   11,63
1620,73 ; 299,97 ;   9,143568 ;   14,31
1622,73 ; 299,94 ;   6,571034 ;   10,47
1624,73 ; 299,90 ;   8,478227 ;   13,69
1626,73 ; 299,96 ;   9,219252 ;   14,05
1628,74 ; 299,90 ;   6,562094 ;   10,20
1630,74 ; 299,95 ;   9,148144 ;   14,92
1632,74 ; 299,98 ;   6,574385 ;   10,81
1634,74 ; 299,95 ;   7,214030 ;   11,02
1636,74 ; 299,91 ;   8,483517 ;   13,97
1638,74 ; 300,04 ;   8,554234 ;   13,74
1640,74 ; 299,97 ;   4,651405 ;    7,76
1642,74 ; 299,95 ;   9,870417 ;   15,07
1644,74 ; 299,97 ;   8,488690 ;   13,40
1646,74 ; 299,96 ;   7,231171 ;   11,63
1648,74 ; 299,98 ;   7,884401 ;   12,80
1650,74 ; 299,88 ;   7,223270 ;   11,60
1652,75 ; 299,89 ;   10,474098 ;   16,70
1654,75 ; 299,94 ;   7,868469 ;   12,08
1656,75 ; 299,89 ;   6,560472 ;   10,84
1658,75 ; 299,95 ;   9,145961 ;   14,38
1660,75 ; 299,95 ;   6,567704 ;   10,54
1662,75 ; 299,95 ;   7,816989 ;   12,55
1664,75 ; 299,97 ;   7,820791 ;   12,55
1666,75 ; 300,01 ;   7,224784 ;   11,65
1668,75 ; 299,98 ;   6,557477 ;   11,00
1670,75 ; 299,95 ;   8,484601 ;   13,34
1672,75 ; 299,96 ;   8,559122 ;   13,99
1674,76 ; 299,98 ;   7,229038 ;   11,95
1676,76 ; 299,96 ;   7,233744 ;   11,62
1678,76 ; 299,94 ;   8,557955 ;   13,39
1680,76 ; 299,92 ;   8,484585 ;   13,44
1682,76 ; 299,97 ;   8,553468 ;   13,18
1684,76 ; 299,92 ;   6,569739 ;   10,79
1686,76 ; 299,96 ;   9,148810 ;   14,33
1688,76 ; 299,92 ;   7,225990 ;   11,10
1690,76 ; 299,91 ;   9,218087 ;   14,05
1692,76 ; 299,96 ;   7,883022 ;   12,92
1694,76 ; 299,95 ;   6,561642 ;   10,82
1696,77 ; 299,99 ;   8,552402 ;   13,15
1698,77 ; 300,01 ;   6,565800 ;   10,76
1700,77 ; 300,03 ;   7,230875 ;   11,88
1702,77 ; 300,03 ;   7,225798 ;   11,54
1704,77 ; 300,04 ;   7,892853 ;   12,40
1706,77 ; 299,96 ;   7,898089 ;   12,10
1708,77 ; 299,97 ;   9,802688 ;   15,41
1710,77 ; 299,95 ;   7,893633 ;   12,24
1712,77 ; 299,96 ;   8,485143 ;   13,44
1714,77 ; 299,98 ;   7,160638 ;   11,97
1716,77 ; 299,94 ;   7,226016 ;   11,64
1718,78 ; 299,98 ;   9,147542 ;   14,31
1720,78 ; 299,95 ;   6,558571 ;   10,78
1722,78 ; 299,98 ;   9,220500 ;   14,02
1724,78 ; 299,99 ;   7,167262 ;   11,07
1726,78 ; 299,96 ;   7,827217 ;   12,20
1728,78 ; 300,03 ;   8,556156 ;   13,70
1730,78 ; 300,05 ;   5,900488 ;    9,83
1732,78 ; 300,05 ;   7,223842 ;   11,50
1734,78 ; 300,01 ;   7,882629 ;   12,36
1736,78 ; 300,02 ;   9,152356 ;   14,18
1738,78 ; 300,04 ;   7,876963 ;   12,15
1740,78 ; 299,99 ;   7,226992 ;   11,53
1742,79 ; 299,95 ;   9,145403 ;   14,21
1744,79 ; 300,01 ;   9,206661 ;   14,30
1746,79 ; 300,06 ;   6,564271 ;   10,16
1748,79 ; 300,06 ;   6,563902 ;   10,34
1750,79 ; 299,99 ;   7,888713 ;   12,34
1752,79 ; 300,04 ;   9,800222 ;   15,07
1754,79 ; 300,04 ;   6,565546 ;   10,67
1756,79 ; 300,01 ;   7,830126 ;   12,39
1758,79 ; 300,06 ;   8,554232 ;   13,60
1760,79 ; 300,09 ;   6,563722 ;   10,33
1762,79 ; 300,09 ;   7,166778 ;   11,43
1764,80 ; 300,09 ;   7,813616 ;   12,29
1766,80 ; 300,08 ;   7,815723 ;   12,29
1768,80 ; 300,04 ;   7,892377 ;   12,59
1770,80 ; 300,12 ;   8,559745 ;   13,81
1772,80 ; 299,99 ;   5,901030 ;    9,35
1774,80 ; 299,99 ;   11,123755 ;   17,06
1776,80 ; 299,99 ;   7,898858 ;   12,47
1778,80 ; 300,04 ;   7,889111 ;   12,47
1780,80 ; 300,05 ;   6,562974 ;   10,65
1782,80 ; 299,97 ;   7,237213 ;   11,77
1784,80 ; 300,09 ;   9,874283 ;   15,67
1786,81 ; 300,04 ;   4,575393 ;    7,97
1788,81 ; 300,05 ;   9,143283 ;   14,09
1790,81 ; 300,01 ;   7,231606 ;   11,76
1792,81 ; 299,99 ;   9,219871 ;   14,15
1794,81 ; 299,92 ;   8,478740 ;   13,03
1796,81 ; 300,05 ;   9,869753 ;   15,18
1798,81 ; 300,05 ;   4,579868 ;    7,45
1800,81 ; 300,02 ;   7,879485 ;   12,34
1802,81 ; 300,01 ;   8,482481 ;   13,85
1804,81 ; 300,04 ;   7,885126 ;   12,71
1806,81 ; 300,05 ;   7,233657 ;   11,22
1808,82 ; 300,04 ;   7,229452 ;   11,76
1810,82 ; 300,03 ;   7,891108 ;   12,94
1812,82 ; 300,12 ;   7,895604 ;   12,66
1814,82 ; 300,08 ;   5,900322 ;    9,05
1816,82 ; 300,04 ;   8,482905 ;   13,72
1818,82 ; 300,04 ;   8,556705 ;   13,79
1820,82 ; 299,95 ;   7,894211 ;   12,35
1822,82 ; 299,99 ;   9,811524 ;   15,98
1824,82 ; 299,99 ;   6,563299 ;   10,73
1826,82 ; 299,98 ;   7,889517 ;   12,45
1828,82 ; 300,02 ;   7,888900 ;   12,75
1830,82 ; 300,01 ;   7,226283 ;   11,25
1832,83 ; 299,98 ;   7,884700 ;   12,70
1834,83 ; 299,94 ;   8,485698 ;   13,32
1836,83 ; 299,96 ;   9,142224 ;   14,28
1838,83 ; 299,92 ;   7,220753 ;   11,65
1840,83 ; 299,96 ;   9,147997 ;   14,03
1842,83 ; 299,92 ;   7,165153 ;   11,08
1844,83 ; 300,03 ;   9,156785 ;   14,03
1846,83 ; 299,99 ;   5,303467 ;    8,36
1848,83 ; 300,02 ;   8,543760 ;   13,89
1850,83 ; 300,01 ;   7,165470 ;   11,55
1852,83 ; 299,99 ;   7,816993 ;   12,71
1854,84 ; 299,99 ;   8,564672 ;   13,03
1856,84 ; 300,05 ;   7,890294 ;   12,46
1858,84 ; 300,02 ;   6,560555 ;   10,03
1860,84 ; 300,06 ;   8,479025 ;   13,84
1862,84 ; 300,08 ;   6,560502 ;   10,59
1864,84 ; 300,02 ;   7,222571 ;   11,71
1866,84 ; 300,04 ;   9,145595 ;   14,70
1868,84 ; 300,04 ;   7,163232 ;   11,50
1870,84 ; 300,02 ;   7,829935 ;   12,36
1872,84 ; 299,97 ;   8,561707 ;   13,26
1874,84 ; 299,99 ;   9,136023 ;   14,22
1876,85 ; 299,94 ;   7,157427 ;   11,59
1878,85 ; 299,99 ;   9,136407 ;   14,57
1880,85 ; 299,97 ;   6,571529 ;   10,44
1882,85 ; 299,99 ;   8,564988 ;   13,36
1884,85 ; 299,99 ;   7,218921 ;   11,59
1886,85 ; 300,01 ;   7,901425 ;   12,45
1888,85 ; 300,02 ;   7,224314 ;   11,85
1890,85 ; 300,01 ;   7,887466 ;   12,12
1892,85 ; 300,03 ;   7,883246 ;   12,71
1894,85 ; 299,92 ;   7,226702 ;   11,51
1896,85 ; 300,06 ;   10,464370 ;   16,61
1898,86 ; 299,97 ;   4,635245 ;    7,14
1900,86 ; 299,99 ;   9,817487 ;   15,94
1902,86 ; 300,01 ;   7,229243 ;   11,59
1904,86 ; 299,98 ;   7,230543 ;   11,85
1906,86 ; 299,96 ;   8,483701 ;   13,33
1908,86 ; 299,99 ;   8,550778 ;   13,37
1910,86 ; 300,05 ;   7,213808 ;   11,30
1912,86 ; 299,99 ;   6,557641 ;   10,03
1914,86 ; 299,91 ;   9,155261 ;   14,75
1916,86 ; 300,06 ;   9,870463 ;   15,48
1918,86 ; 299,98 ;   3,924211 ;    6,86
1920,86 ; 299,99 ;   9,816433 ;   15,34
1922,87 ; 300,02 ;   7,885201 ;   12,17
1924,87 ; 300,05 ;   7,224715 ;   11,54
1926,87 ; 300,06 ;   6,565896 ;   10,89
1928,87 ; 299,99 ;   7,901816 ;   12,02
1930,87 ; 300,06 ;   9,810869 ;   15,03
1932,87 ; 300,02 ;   5,904775 ;    9,72
1934,87 ; 300,04 ;   9,142783 ;   14,12
1936,87 ; 299,99 ;   7,231004 ;   11,49
1938,87 ; 300,04 ;   9,155557 ;   14,17
1940,87 ; 299,98 ;   6,563867 ;   10,63
1942,87 ; 300,04 ;   9,215740 ;   14,47
1944,88 ; 299,99 ;   6,569503 ;   10,34
1946,88 ; 300,01 ;   9,147724 ;   14,17
1948,88 ; 299,92 ;   7,228825 ;   11,84
1950,88 ; 299,92 ;   9,804386 ;   15,74
1952,88 ; 300,05 ;   7,811348 ;   12,59
1954,88 ; 300,04 ;   4,578264 ;    7,44
1956,88 ; 300,05 ;   7,821483 ;   12,93
1958,88 ; 299,97 ;   7,217993 ;   11,75
1960,88 ; 300,01 ;   9,820773 ;   15,65
1962,88 ; 300,05 ;   6,566997 ;   10,98
1964,88 ; 299,97 ;   6,558731 ;   10,60
1966,89 ; 300,04 ;   9,811833 ;   15,65
1968,89 ; 299,98 ;   5,902027 ;    9,77
1970,89 ; 299,99 ;   9,218563 ;   14,47
1972,89 ; 299,99 ;   7,827770 ;   12,16
1974,89 ; 299,95 ;   7,896860 ;   12,44
1976,89 ; 299,96 ;   9,142679 ;   14,26
1978,89 ; 299,95 ;   7,230188 ;   11,93
1980,89 ; 299,94 ;   8,557313 ;   13,11
1982,89 ; 299,98 ;   7,820569 ;   12,84
1984,89 ; 299,95 ;   6,565648 ;   10,74
1986,89 ; 299,96 ;   8,480587 ;   13,98
1988,90 ; 299,99 ;   7,169813 ;   11,94
1990,90 ; 299,96 ;   7,164992 ;   11,30
1992,90 ; 299,96 ;   8,490764 ;   13,66
1994,90 ; 299,99 ;   7,894029 ;   12,52
1996,90 ; 299,99 ;   7,226729 ;   11,31
1998,90 ; 299,90 ;   7,878378 ;   12,46
2000,90 ; 299,94 ;   10,463856 ;   16,09
2002,90 ; 299,90 ;   7,160012 ;   11,13
2004,90 ; 299,91 ;   9,156356 ;   14,08
2006,90 ; 299,99 ;   7,815205 ;   12,04
2008,90 ; 299,98 ;   5,908810 ;    9,59
2010,90 ; 299,98 ;   7,894141 ;   12,77
2012,91 ; 300,04 ;   7,891164 ;   12,48
2014,91 ; 300,02 ;   6,565083 ;   10,36
2016,91 ; 300,03 ;   8,560190 ;   13,28
2018,91 ; 300,05 ;   7,231096 ;   11,81
2020,91 ; 300,04 ;   7,229670 ;   11,48
2022,91 ; 299,99 ;   7,890901 ;   12,94
2024,91 ; 300,04 ;   9,139245 ;   14,18
2026,91 ; 299,98 ;   6,564953 ;   10,65
2028,91 ; 299,96 ;   9,141662 ;   14,49
2030,91 ; 300,03 ;   8,534954 ;   13,38
2032,91 ; 300,02 ;   5,907460 ;    9,80
2034,92 ; 299,98 ;   7,896100 ;   12,99
2036,92 ; 299,99 ;   8,554557 ;   13,62
2038,92 ; 299,94 ;   7,880213 ;   12,17
2040,92 ; 300,02 ;   9,146300 ;   14,58
2042,92 ; 299,96 ;   5,964671 ;    9,55
2044,92 ; 299,92 ;   9,143908 ;   14,53
2046,92 ; 299,91 ;   9,146005 ;   14,04
2048,92 ; 299,41 ;   7,815619 ;   12,91
2050,92 ; 296,55 ;   20,138495 ;   31,99
2052,92 ; 292,62 ;   80,200327 ;  124,70
2054,93 ; 288,77 ;   80,244374 ;  125,00
2056,93 ; 285,64 ;   80,140718 ;  125,00
2058,93 ; 283,37 ;   80,028587 ;  125,00
2060,93 ; 281,96 ;   75,056803 ;  116,55
2062,93 ; 281,73 ;   56,177347 ;   87,94
2064,93 ; 282,26 ;   29,055422 ;   45,51
2066,93 ; 283,46 ;   11,055031 ;   17,40
2068,94 ; 285,09 ;   00000,00 ;    0,00
2070,94 ; 286,95 ;   00000,00 ;    0,00
2072,94 ; 288,71 ;   00000,00 ;    0,00
2074,94 ; 290,64 ;   00000,00 ;    0,00
2076,94 ; 292,41 ;   00000,00 ;    0,00
2078,94 ; 294,24 ;   00000,00 ;    0,00
2080,94 ; 295,91 ;   00000,00 ;    0,00
2082,94 ; 297,38 ;   00000,00 ;    0,00
2084,94 ; 298,66 ;   00000,00 ;    0,00
2086,94 ; 299,90 ;   00000,00 ;    0,00
2088,95 ; 300,97 ;   00000,00 ;    0,00
2090,95 ; 301,78 ;   00000,00 ;    0,00
2092,95 ; 302,63 ;   00000,00 ;    0,00
2094,95 ; 303,25 ;   00000,00 ;    0,00
2096,95 ; 303,84 ;   00000,00 ;    0,00
2098,95 ; 304,27 ;   00000,00 ;    0,00
2100,95 ; 304,63 ;   00000,00 ;    0,00
2102,95 ; 304,91 ;   00000,00 ;    0,00
2104,95 ; 305,05 ;   00000,00 ;    0,00
2106,95 ; 305,13 ;   00000,00 ;    0,00
2108,95 ; 305,09 ;   00000,00 ;    0,00
2110,96 ; 305,02 ;   00000,00 ;    0,00
2112,96 ; 304,95 ;   00000,00 ;    0,00
2114,96 ; 304,75 ;   00000,00 ;    0,00
2116,96 ; 304,53 ;   00000,00 ;    0,80
2118,96 ; 304,20 ;   0,727123 ;    1,68
2120,96 ; 303,91 ;   3,976969 ;    6,54
2122,96 ; 303,54 ;   3,327536 ;    5,28
2124,96 ; 303,24 ;   5,306679 ;    8,78
2126,96 ; 302,86 ;   3,924080 ;    6,69
2128,96 ; 302,38 ;   6,569888 ;   10,54
2130,96 ; 302,05 ;   9,824848 ;   15,14
2132,97 ; 301,59 ;   5,902717 ;   10,00
2134,97 ; 301,34 ;   9,818455 ;   15,43
2136,97 ; 300,99 ;   5,238716 ;    8,72
2138,97 ; 300,67 ;   7,887970 ;   12,54
2140,97 ; 300,38 ;   7,821616 ;   12,27
2142,97 ; 300,04 ;   7,240161 ;   11,99
2144,97 ; 299,88 ;   9,224307 ;   14,08
2146,97 ; 299,66 ;   5,238955 ;    8,09
2148,97 ; 299,45 ;   6,567019 ;   10,24
2150,97 ; 299,27 ;   6,566079 ;   10,66
2152,97 ; 299,09 ;   5,904815 ;    9,89
2154,98 ; 299,00 ;   6,577471 ;   10,26
2156,98 ; 298,84 ;   4,584001 ;    7,31
2158,98 ; 298,63 ;   5,914844 ;    9,95
2160,98 ; 298,57 ;   7,824761 ;   12,40
2162,98 ; 298,47 ;   4,582977 ;    7,11
2164,98 ; 298,25 ;   5,245252 ;    8,79
2166,98 ; 298,27 ;   8,487838 ;   13,58
2168,98 ; 297,99 ;   2,727623 ;    4,97
2170,98 ; 297,92 ;   10,491542 ;   16,18
2172,98 ; 297,67 ;   5,239017 ;    8,91
2174,98 ; 297,60 ;   10,475052 ;   16,06
2176,99 ; 297,52 ;   5,913108 ;    9,66
2178,99 ; 297,45 ;   6,580150 ;   10,47
2180,99 ; 297,41 ;   6,571491 ;   10,10
2182,99 ; 297,24 ;   5,905620 ;    9,09
2184,99 ; 297,13 ;   9,154422 ;   14,08
2186,99 ; 297,06 ;   7,886352 ;   12,66
2188,99 ; 296,97 ;   6,573791 ;   10,85
2190,99 ; 296,90 ;   7,896759 ;   12,26
2192,99 ; 296,84 ;   7,232913 ;   11,62
2194,99 ; 296,87 ;   7,230310 ;   11,24
2196,99 ; 296,80 ;   5,313162 ;    8,40
2198,99 ; 296,73 ;   7,895375 ;   12,07
2201,00 ; 296,66 ;   7,168243 ;   11,99
2203,00 ; 296,76 ;   7,838090 ;   12,50
2205,00 ; 296,60 ;   3,922552 ;    6,37
2207,00 ; 296,55 ;   9,817807 ;   15,96
2209,00 ; 296,57 ;   7,882368 ;   12,12
2211,00 ; 296,55 ;   5,905410 ;    9,88
2213,00 ; 296,48 ;   7,172840 ;   11,45
2215,00 ; 296,50 ;   8,488762 ;   13,10
2217,00 ; 296,48 ;   6,578131 ;   10,29
2219,00 ; 296,45 ;   7,164658 ;   11,87
2221,00 ; 296,48 ;   7,828305 ;   12,31
2223,01 ; 296,42 ;   6,569116 ;   10,04
2225,01 ; 296,45 ;   8,488721 ;   13,40
2227,01 ; 296,39 ;   6,634416 ;   10,58
2229,01 ; 296,37 ;   8,485817 ;   13,65
2231,01 ; 296,30 ;   7,904666 ;   12,64
2233,01 ; 296,41 ;   9,156742 ;   14,30
2235,01 ; 296,34 ;   4,580250 ;    7,86
2237,01 ; 296,37 ;   9,154717 ;   14,70
2239,01 ; 296,45 ;   7,230785 ;   11,30
2241,01 ; 296,52 ;   5,909550 ;    9,23
2243,01 ; 296,48 ;   5,901250 ;    9,17
2245,02 ; 296,45 ;   8,566129 ;   13,64
2247,02 ; 296,52 ;   8,487931 ;   13,81
2249,02 ; 296,48 ;   5,917742 ;    9,44
2251,02 ; 296,46 ;   8,564230 ;   13,92
2253,02 ; 296,48 ;   8,489015 ;   13,48
2255,02 ; 296,42 ;   7,220153 ;   11,81
2257,02 ; 296,51 ;   9,807341 ;   15,18
2259,02 ; 296,50 ;   5,902288 ;    9,65
2261,02 ; 296,55 ;   8,485344 ;   13,20
2263,02 ; 296,59 ;   7,239337 ;   11,19
2265,02 ; 296,66 ;   7,235243 ;   11,19
2267,03 ; 296,62 ;   6,570742 ;   10,27
2269,03 ; 296,66 ;   9,153397 ;   14,76
2271,03 ; 296,69 ;   7,226852 ;   11,31
2273,03 ; 296,71 ;   7,898044 ;   12,21
2275,03 ; 296,85 ;   7,884983 ;   12,25
2277,03 ; 296,85 ;   4,640415 ;    7,75
2279,03 ; 296,85 ;   8,553935 ;   13,00
2281,03 ; 296,94 ;   8,483712 ;   13,09
2283,03 ; 296,90 ;   5,915349 ;    9,84
2285,03 ; 296,91 ;   9,159931 ;   14,59
2287,03 ; 296,98 ;   7,903994 ;   12,63
2289,04 ; 297,06 ;   6,566252 ;   10,56
2291,04 ; 296,97 ;   6,573062 ;   10,20
2293,04 ; 297,01 ;   10,465064 ;   16,78
2295,04 ; 297,09 ;   7,170912 ;   11,90
2297,04 ; 297,12 ;   6,568452 ;   10,39
2299,04 ; 297,12 ;   7,888097 ;   12,12
2301,04 ; 297,26 ;   8,492897 ;   13,35
2303,04 ; 297,22 ;   4,647827 ;    7,97
2305,04 ; 297,23 ;   9,214740 ;   14,73
2307,04 ; 297,28 ;   7,818950 ;   12,76
2309,04 ; 297,41 ;   7,164744 ;   11,59
2311,05 ; 297,35 ;   5,245831 ;    8,54
2313,05 ; 297,34 ;   9,812841 ;   15,32
2315,05 ; 297,36 ;   8,559678 ;   13,99
2317,05 ; 297,40 ;   7,902053 ;   12,57
2319,05 ; 297,46 ;   7,223401 ;   11,99
2321,05 ; 297,51 ;   7,235413 ;   11,07
2323,05 ; 297,54 ;   7,229866 ;   11,62
2325,05 ; 297,46 ;   7,899854 ;   12,20
2327,05 ; 297,60 ;   10,478363 ;   16,44
2329,05 ; 297,67 ;   5,313908 ;    8,19
2331,05 ; 297,63 ;   6,572092 ;   10,69
2333,06 ; 297,66 ;   9,148292 ;   14,85
2335,06 ; 297,74 ;   7,885985 ;   12,57
2337,06 ; 297,74 ;   6,563340 ;   10,16
2339,06 ; 297,83 ;   8,497682 ;   13,38
2341,06 ; 297,80 ;   6,559357 ;   10,11
2343,06 ; 297,84 ;   9,156512 ;   14,23
2345,06 ; 297,80 ;   7,893137 ;   12,22
2347,06 ; 297,90 ;   9,211826 ;   14,63
2349,06 ; 297,92 ;   5,902219 ;    9,91
2351,06 ; 297,98 ;   7,824820 ;   12,50
2353,06 ; 297,99 ;   7,232549 ;   11,30
2355,07 ; 298,13 ;   7,817566 ;   12,76
2357,07 ; 298,10 ;   4,572429 ;    7,94
2359,07 ; 298,09 ;   9,149370 ;   14,37
2361,07 ; 298,17 ;   8,557094 ;   13,87
2363,07 ; 298,15 ;   6,563848 ;   10,02
2365,07 ; 298,13 ;   9,155823 ;   14,13
2367,07 ; 298,27 ;   8,489135 ;   13,92
2369,07 ; 298,32 ;   5,310861 ;    8,25
2371,07 ; 298,23 ;   7,235215 ;   11,06
2373,07 ; 298,31 ;   10,485062 ;   16,75
2375,07 ; 298,34 ;   6,567392 ;   10,02
2377,08 ; 298,44 ;   7,884434 ;   12,01
2379,08 ; 298,41 ;   5,900199 ;    9,57
2381,08 ; 298,34 ;   8,493259 ;   13,97
2383,08 ; 298,39 ;   10,476325 ;   16,17
2385,08 ; 298,59 ;   7,226492 ;   11,23
2387,08 ; 298,52 ;   3,330842 ;    5,41
2389,08 ; 298,64 ;   9,810703 ;   15,94
2391,08 ; 298,55 ;   5,300090 ;    8,26
2393,08 ; 298,55 ;   10,477357 ;   16,52
2395,08 ; 298,64 ;   8,549550 ;   13,12
2397,08 ; 298,59 ;   5,902282 ;    9,52
2399,09 ; 298,66 ;   9,220249 ;   14,82
2401,09 ; 298,66 ;   6,572835 ;   10,41
2403,09 ; 298,70 ;   8,554034 ;   13,03
2405,09 ; 298,80 ;   7,220045 ;   11,55
2407,09 ; 298,80 ;   5,908148 ;    9,39
2409,09 ; 298,86 ;   7,898004 ;   12,87
2411,09 ; 298,84 ;   6,565423 ;   10,48
2413,09 ; 298,80 ;   8,493428 ;   13,71
2415,09 ; 298,80 ;   9,146982 ;   14,39
2417,09 ; 298,93 ;   7,893226 ;   12,99
2419,09 ; 298,91 ;   4,652526 ;    7,88
2421,10 ; 298,84 ;   8,491043 ;   13,69
2423,10 ; 298,93 ;   9,821481 ;   15,28
2425,10 ; 298,87 ;   5,963910 ;    9,69
2427,10 ; 298,96 ;   9,806354 ;   15,29
2429,10 ; 298,91 ;   5,898950 ;    9,39
2431,10 ; 298,91 ;   9,146652 ;   14,68
2433,10 ; 299,03 ;   7,885027 ;   12,99
2435,10 ; 299,12 ;   5,244478 ;    8,48
2437,10 ; 299,05 ;   5,905505 ;    9,48
2439,10 ; 299,12 ;   9,877977 ;   15,08
2441,10 ; 299,07 ;   6,577228 ;   10,39
2443,11 ; 299,14 ;   9,152486 ;   14,52
2445,11 ; 299,14 ;   6,563340 ;   10,10
2447,11 ; 299,13 ;   7,826445 ;   12,71
2449,11 ; 299,09 ;   8,571781 ;   13,03
2451,11 ; 299,20 ;   9,147814 ;   14,28
2453,11 ; 299,19 ;   5,310733 ;    8,63
2455,11 ; 299,20 ;   8,558793 ;   13,28
2457,11 ; 299,14 ;   7,890261 ;   12,12
2459,11 ; 299,25 ;   9,813668 ;   15,14
2461,11 ; 299,32 ;   5,237382 ;    8,63
2463,11 ; 299,25 ;   5,901173 ;    9,94
2465,12 ; 299,32 ;   9,813483 ;   15,27
2467,12 ; 299,37 ;   5,903521 ;    9,98
2469,12 ; 299,33 ;   6,573430 ;   10,77
2471,12 ; 299,33 ;   9,163000 ;   14,02
2473,12 ; 299,33 ;   7,821458 ;   12,60
2475,12 ; 299,33 ;   7,881154 ;   12,62
2477,12 ; 299,41 ;   7,824755 ;   12,64
2479,12 ; 299,37 ;   5,906783 ;    9,32
2481,12 ; 299,40 ;   9,213518 ;   14,31
2483,12 ; 299,34 ;   7,226523 ;   11,40
2485,12 ; 299,45 ;   9,150648 ;   14,68
2487,13 ; 299,40 ;   5,303577 ;    8,45
2489,13 ; 299,41 ;   9,146259 ;   14,60
2491,13 ; 299,40 ;   7,889690 ;   12,00
2493,13 ; 299,46 ;   8,551805 ;   13,20
2495,13 ; 299,48 ;   6,576494 ;   10,22
2497,13 ; 299,44 ;   7,232169 ;   11,92
2499,13 ; 299,48 ;   9,214721 ;   14,02
2501,13 ; 299,53 ;   7,227630 ;   11,09
2503,13 ; 299,51 ;   6,571935 ;   10,42
2505,13 ; 299,53 ;   8,487726 ;   13,35
2507,13 ; 299,62 ;   7,227706 ;   11,60
2509,14 ; 299,69 ;   5,904392 ;    9,14
2511,14 ; 299,58 ;   5,912095 ;    9,58
2513,14 ; 299,59 ;   10,472443 ;   16,41
2515,14 ; 299,63 ;   7,229233 ;   11,80
2517,14 ; 299,65 ;   7,237826 ;   11,17
2519,14 ; 299,62 ;   7,236688 ;   11,42
2521,14 ; 299,70 ;   8,558944 ;   13,51
2523,14 ; 299,67 ;   5,900651 ;    9,34
2525,14 ; 299,65 ;   8,488845 ;   13,13
2527,14 ; 299,67 ;   8,554559 ;   13,18
2529,14 ; 299,73 ;   7,166010 ;   11,42
2531,15 ; 299,67 ;   5,901489 ;    9,87
2533,15 ; 299,60 ;   9,160919 ;   14,60
2535,15 ; 299,72 ;   9,815851 ;   15,03
2537,15 ; 299,71 ;   4,639395 ;    7,92
2539,15 ; 299,67 ;   7,903463 ;   12,54
2541,15 ; 299,72 ;   8,487251 ;   13,77
2543,15 ; 299,70 ;   6,634142 ;   10,53
2545,15 ; 299,70 ;   8,479824 ;   13,16
2547,15 ; 299,76 ;   7,819763 ;   12,31
2549,15 ; 299,72 ;   5,898584 ;    9,90
2551,15 ; 299,80 ;   8,559400 ;   13,71
2553,16 ; 299,80 ;   5,898732 ;    9,26
2555,16 ; 299,72 ;   7,820159 ;   12,14
2557,16 ; 299,76 ;   9,811656 ;   15,17
2559,16 ; 299,72 ;   6,563273 ;   10,79
2561,16 ; 299,69 ;   8,549977 ;   13,75
2563,16 ; 299,73 ;   8,481538 ;   13,53
2565,16 ; 299,71 ;   6,572623 ;   10,57
2567,16 ; 299,78 ;   8,480243 ;   13,21
2569,16 ; 299,72 ;   5,974179 ;    9,63
2571,16 ; 299,76 ;   9,147278 ;   14,64
2573,16 ; 299,78 ;   6,566579 ;   10,84
2575,17 ; 299,89 ;   7,223546 ;   11,37
2577,17 ; 299,82 ;   5,238678 ;    8,00
2579,17 ; 299,76 ;   9,150492 ;   14,75
2581,17 ; 299,82 ;   9,145601 ;   14,59
2583,17 ; 299,76 ;   5,970655 ;    9,88
2585,17 ; 299,83 ;   9,144571 ;   14,60
2587,17 ; 299,80 ;   5,977210 ;    9,59
2589,17 ; 299,76 ;   8,559995 ;   13,39
2591,17 ; 299,82 ;   8,483547 ;   13,76
2593,17 ; 299,73 ;   5,915780 ;    9,91
2595,18 ; 299,83 ;   9,814332 ;   15,54
2597,18 ; 299,76 ;   5,311919 ;    8,76
2599,18 ; 299,77 ;   9,209381 ;   14,93
2601,18 ; 299,85 ;   7,894035 ;   12,05
2603,18 ; 299,80 ;   5,913440 ;    9,01
2605,18 ; 299,87 ;   9,146460 ;   14,29
2607,18 ; 299,80 ;   5,910146 ;    9,57
2609,18 ; 299,85 ;   9,216025 ;   14,88
2611,18 ; 299,80 ;   6,634249 ;   10,18
2613,18 ; 299,84 ;   9,148077 ;   14,01
2615,18 ; 299,80 ;   6,566600 ;   10,78
2617,19 ; 299,82 ;   8,481822 ;   13,73
2619,19 ; 299,87 ;   7,227412 ;   11,70
2621,19 ; 299,84 ;   6,567340 ;   10,46
2623,19 ; 299,87 ;   8,485433 ;   13,09
2625,19 ; 299,89 ;   7,233210 ;   11,33
2627,19 ; 299,89 ;   7,218438 ;   11,28
2629,19 ; 299,85 ;   7,820525 ;   12,15
2631,19 ; 299,80 ;   8,487347 ;   13,66
2633,19 ; 299,85 ;   9,153302 ;   14,35
2635,19 ; 299,82 ;   6,565611 ;   10,23
2637,19 ; 299,89 ;   8,485635 ;   13,45
2639,20 ; 299,88 ;   5,900446 ;    9,59
2641,20 ; 299,98 ;   7,898395 ;   12,78
2643,20 ; 299,89 ;   4,654592 ;    7,97
2645,20 ; 299,89 ;   9,814028 ;   15,62
2647,20 ; 299,88 ;   7,898373 ;   12,18
2649,20 ; 299,88 ;   7,896183 ;   12,79
2651,20 ; 299,96 ;   7,898948 ;   12,22
2653,20 ; 299,89 ;   5,300260 ;    8,89
2655,20 ; 299,88 ;   9,147195 ;   14,77
2657,20 ; 299,89 ;   7,901257 ;   12,80
2659,20 ; 299,92 ;   7,232534 ;   11,62
2661,20 ; 299,91 ;   6,566982 ;   10,99
2663,21 ; 299,91 ;   7,819465 ;   12,44
2665,21 ; 299,87 ;   7,821825 ;   12,16
2667,21 ; 299,85 ;   8,560427 ;   13,97
2669,21 ; 299,89 ;   7,820522 ;   12,86
2671,21 ; 299,88 ;   6,633438 ;   10,78
2673,21 ; 299,89 ;   7,821955 ;   12,82
2675,21 ; 299,92 ;   7,221670 ;   11,64
2677,21 ; 299,88 ;   7,222051 ;   11,01
2679,21 ; 299,92 ;   8,482208 ;   13,98
2681,21 ; 299,95 ;   6,566206 ;   10,44
2683,21 ; 299,89 ;   7,225527 ;   11,26
2685,22 ; 299,89 ;   9,149071 ;   14,24
2687,22 ; 299,95 ;   7,898588 ;   12,23
2689,22 ; 299,94 ;   6,570854 ;   10,12
2691,22 ; 299,89 ;   7,896457 ;   12,43
2693,22 ; 299,87 ;   8,552217 ;   13,96
2695,22 ; 299,89 ;   8,486102 ;   13,15
2697,22 ; 299,90 ;   7,236318 ;   11,38
2699,22 ; 299,85 ;   7,232116 ;   11,94
2701,22 ; 299,84 ;   9,218843 ;   14,05
2703,22 ; 299,98 ;   7,829497 ;   12,63
2705,22 ; 299,87 ;   3,921216 ;    6,90
2707,23 ; 299,98 ;   10,477084 ;   16,61
2709,23 ; 299,92 ;   4,635879 ;    7,77
2711,23 ; 299,96 ;   9,150424 ;   14,50
2713,23 ; 299,89 ;   6,573147 ;   10,69
2715,23 ; 299,97 ;   9,145963 ;   14,85
2717,23 ; 300,03 ;   5,970486 ;    9,24
2719,23 ; 299,98 ;   5,910627 ;    9,69
2721,23 ; 299,90 ;   8,498190 ;   13,80
2723,23 ; 299,94 ;   9,815876 ;   15,41
2725,23 ; 299,90 ;   6,571533 ;   10,74
2727,23 ; 299,90 ;   8,568252 ;   13,69
2729,24 ; 299,94 ;   7,884550 ;   12,26
2731,24 ; 300,01 ;   6,563850 ;   10,75
2733,24 ; 299,90 ;   5,978196 ;    9,46
2735,24 ; 299,89 ;   10,488833 ;   16,28
2737,24 ; 299,97 ;   7,827568 ;   12,57
2739,24 ; 299,87 ;   5,916666 ;    9,26
2741,24 ; 299,90 ;   10,472500 ;   16,07
2743,24 ; 299,97 ;   7,223587 ;   11,13
2745,24 ; 300,02 ;   5,899952 ;    9,55
2747,24 ; 299,94 ;   6,572249 ;   10,32
2749,25 ; 299,95 ;   9,808097 ;   15,07
2751,25 ; 299,96 ;   7,229247 ;   11,90
2753,25 ; 299,99 ;   7,230430 ;   11,58
2755,25 ; 299,94 ;   6,631044 ;   10,95
2757,25 ; 299,95 ;   9,152428 ;   14,21
2759,25 ; 300,08 ;   7,235770 ;   11,90
2761,25 ; 300,01 ;   4,646844 ;    7,05
2763,25 ; 300,01 ;   9,150784 ;   14,65
2765,25 ; 299,99 ;   7,884503 ;   12,06
2767,25 ; 299,87 ;   7,831703 ;   12,67
2769,25 ; 299,94 ;   10,477723 ;   16,94
2771,25 ; 299,92 ;   5,906595 ;    9,62
2773,26 ; 299,97 ;   7,827008 ;   12,81
2775,26 ; 300,02 ;   6,569008 ;   10,43
2777,26 ; 299,95 ;   6,569472 ;   10,33
2779,26 ; 299,96 ;   9,212725 ;   14,78
2781,26 ; 299,99 ;   7,230278 ;   11,59
2783,26 ; 299,95 ;   6,559176 ;   10,96
2785,26 ; 299,95 ;   8,551366 ;   13,92
2787,26 ; 299,96 ;   7,817292 ;   12,20
2789,26 ; 300,01 ;   7,161783 ;   11,60
2791,26 ; 299,98 ;   6,562517 ;   10,36
2793,26 ; 299,94 ;   7,896260 ;   12,99
2795,27 ; 299,95 ;   8,489632 ;   13,94
2797,27 ; 299,97 ;   7,228669 ;   11,92
2799,27 ; 299,91 ;   7,230158 ;   11,30
2801,27 ; 299,91 ;   9,151844 ;   14,28
2803,27 ; 299,92 ;   7,886749 ;   12,27
2805,27 ; 299,88 ;   7,221863 ;   11,97
2807,27 ; 299,99 ;   9,153731 ;   14,08
2809,27 ; 299,91 ;   4,651225 ;    7,82
2811,27 ; 300,01 ;   9,808680 ;   15,15
2813,27 ; 300,01 ;   5,238084 ;    8,65
2815,27 ; 300,02 ;   7,826318 ;   12,10
2817,28 ; 299,94 ;   7,231734 ;   11,79
2819,28 ; 299,94 ;   9,805821 ;   15,11
2821,28 ; 300,02 ;   7,824041 ;   12,24
2823,28 ; 299,97 ;   5,901231 ;    9,21
2825,28 ; 300,06 ;   8,490865 ;   13,90
2827,28 ; 299,98 ;   5,310954 ;    8,55
2829,28 ; 299,96 ;   9,819668 ;   15,02
2831,28 ; 299,97 ;   8,487318 ;   13,05
2833,28 ; 299,96 ;   7,230067 ;   11,89
2835,28 ; 299,99 ;   7,817970 ;   12,48
2837,28 ; 299,95 ;   6,568825 ;   10,98
2839,29 ; 299,97 ;   8,484271 ;   13,95
2841,29 ; 300,01 ;   7,228910 ;   11,32
2843,29 ; 300,06 ;   6,561943 ;   10,67
2845,29 ; 300,05 ;   5,907500 ;    9,98
2847,29 ; 299,95 ;   7,883918 ;   12,29
2849,29 ; 299,99 ;   10,465518 ;   16,24
2851,29 ; 299,98 ;   6,569855 ;   10,41
2853,29 ; 300,02 ;   7,819568 ;   12,43
2855,29 ; 300,01 ;   6,561828 ;   10,94
2857,29 ; 299,95 ;   7,885405 ;   12,39
2859,29 ; 299,96 ;   9,144220 ;   14,52
2861,30 ; 299,91 ;   7,235061 ;   11,62
2863,30 ; 300,01 ;   9,154586 ;   14,01
2865,30 ; 299,98 ;   5,246913 ;    8,66
2867,30 ; 299,94 ;   8,562406 ;   13,01
2869,30 ; 300,01 ;   8,487041 ;   13,97
2871,30 ; 300,08 ;   5,905267 ;    9,52
2873,30 ; 299,99 ;   5,910592 ;    9,38
2875,30 ; 299,96 ;   9,817159 ;   15,29
2877,30 ; 300,08 ;   8,552527 ;   13,35
2879,30 ; 299,98 ;   4,580996 ;    7,66
2881,30 ; 299,95 ;   9,813193 ;   15,60
2883,31 ; 300,01 ;   8,483242 ;   13,66
2885,31 ; 300,01 ;   5,901562 ;    9,81
2887,31 ; 300,08 ;   7,897130 ;   12,11
2889,31 ; 300,09 ;   5,915680 ;    9,38
2891,31 ; 299,92 ;   7,223548 ;   11,66
2893,31 ; 300,03 ;   11,728803 ;   18,30
2895,31 ; 299,96 ;   5,318080 ;    8,04
2897,31 ; 299,99 ;   9,155372 ;   14,78
2899,31 ; 300,03 ;   6,632510 ;   10,98
2901,31 ; 300,03 ;   6,564918 ;   10,62
2903,31 ; 299,96 ;   7,902911 ;   12,06
2905,32 ; 299,97 ;   9,158923 ;   14,78
2907,32 ; 299,95 ;   7,238311 ;   11,89
2909,32 ; 299,96 ;   8,488523 ;   13,09
2911,32 ; 299,95 ;   7,239190 ;   11,62
2913,32 ; 300,02 ;   7,891835 ;   12,80
2915,32 ; 300,04 ;   5,901716 ;    9,51
2917,32 ; 300,01 ;   7,221109 ;   11,18
2919,32 ; 300,06 ;   8,486469 ;   13,26
2921,32 ; 300,08 ;   5,908419 ;    9,99
2923,32 ; 299,91 ;   7,239500 ;   11,39
2925,32 ; 299,98 ;   11,739686 ;   18,32
2927,32 ; 299,97 ;   5,970516 ;    9,57
2929,33 ; 299,97 ;   7,878384 ;   12,76
2931,33 ; 299,98 ;   7,819895 ;   12,18
2933,33 ; 299,95 ;   7,223792 ;   11,58
2935,33 ; 300,03 ;   8,481054 ;   13,67
2937,33 ; 299,97 ;   5,233734 ;    8,90
2939,33 ; 300,03 ;   9,158433 ;   14,48
2941,33 ; 299,94 ;   5,902139 ;    9,76
2943,33 ; 299,92 ;   9,813244 ;   15,69
2945,33 ; 300,02 ;   7,816767 ;   12,85
2947,33 ; 300,02 ;   5,238583 ;    8,65
2949,33 ; 300,03 ;   7,823290 ;   12,10
2951,34 ; 299,94 ;   7,231444 ;   11,49
2953,34 ; 299,98 ;   9,811568 ;   15,69
2955,34 ; 300,03 ;   6,565696 ;   10,44
2957,34 ; 299,95 ;   6,568148 ;   10,34
2959,34 ; 300,03 ;   9,825619 ;   15,39
2961,34 ; 299,95 ;   5,305382 ;    8,91
2963,34 ; 300,02 ;   9,820377 ;   15,39
2965,34 ; 300,01 ;   5,910181 ;    9,51
2967,34 ; 299,94 ;   7,891346 ;   12,40
2969,34 ; 299,92 ;   9,159766 ;   14,84
2971,34 ; 299,90 ;   7,823958 ;   12,86
2973,35 ; 299,97 ;   8,558573 ;   13,19
2975,35 ; 299,94 ;   5,905472 ;    9,61
2977,35 ; 300,01 ;   8,489513 ;   13,41
2979,35 ; 299,99 ;   5,909482 ;    9,54
2981,35 ; 300,03 ;   7,889078 ;   12,73
2983,35 ; 300,02 ;   6,564341 ;   10,64
2985,35 ; 299,94 ;   7,906264 ;   12,68
2987,35 ; 300,05 ;   9,817910 ;   15,13
2989,35 ; 299,97 ;   4,644547 ;    7,72
2991,35 ; 300,06 ;   9,815835 ;   15,36
2993,35 ; 300,01 ;   5,306203 ;    8,57
2995,36 ; 299,88 ;   9,150033 ;   14,13
2997,36 ; 299,98 ;   11,142932 ;   17,26
2999,36 ; 299,98 ;   5,239453 ;    8,15
3001,36 ; 299,98 ;   7,817380 ;   12,17
3003,36 ; 299,92 ;   7,896569 ;   12,17
3005,36 ; 299,91 ;   9,212793 ;   14,59
3007,36 ; 299,94 ;   7,826775 ;   12,60
3009,36 ; 299,98 ;   7,229722 ;   11,41
3011,36 ; 300,03 ;   6,567253 ;   10,45
3013,36 ; 300,05 ;   6,565921 ;   10,36
3015,36 ; 300,01 ;   7,230495 ;   11,17
3017,36 ; 300,03 ;   8,561626 ;   13,85
3019,37 ; 300,01 ;   7,232110 ;   11,22
3021,37 ; 300,12 ;   7,897235 ;   12,99
3023,37 ; 300,10 ;   4,646289 ;    7,89
3025,37 ; 300,09 ;   7,894987 ;   12,51
3027,37 ; 300,02 ;   7,897130 ;   12,54
3029,37 ; 300,03 ;   9,149318 ;   14,69
3031,37 ; 300,05 ;   7,233766 ;   11,50
3033,37 ; 300,02 ;   7,233567 ;   11,16
3035,37 ; 299,98 ;   8,553214 ;   13,54
3037,37 ; 300,04 ;   8,486527 ;   13,31
3039,38 ; 300,03 ;   6,569295 ;   10,04
3041,38 ; 299,96 ;   7,833877 ;   12,36
3043,38 ; 300,01 ;   9,211130 ;   14,79
3045,38 ; 299,95 ;   6,563859 ;   10,39
3047,38 ; 300,02 ;   9,149083 ;   14,54
3049,38 ; 299,92 ;   5,977996 ;    9,52
3051,38 ; 299,95 ;   9,802364 ;   15,73
3053,38 ; 299,96 ;   7,233549 ;   11,38
3055,38 ; 300,03 ;   7,233880 ;   11,64
3057,38 ; 299,99 ;   5,977652 ;    9,49
3059,38 ; 300,08 ;   8,542260 ;   13,59
3061,38 ; 300,03 ;   5,250979 ;    8,82
3063,39 ; 300,04 ;   8,497150 ;   13,79
3065,39 ; 300,08 ;   7,230881 ;   11,77
3067,39 ; 300,02 ;   6,571280 ;   10,54
3069,39 ; 300,02 ;   9,218913 ;   14,40
3071,39 ; 300,03 ;   7,835488 ;   12,10
3073,39 ; 300,01 ;   7,231022 ;   11,49
3075,39 ; 300,03 ;   7,891480 ;   12,97
3077,39 ; 299,94 ;   7,232592 ;   11,20
3079,39 ; 299,97 ;   9,817396 ;   15,70
3081,39 ; 299,90 ;   7,226764 ;   11,04
3083,39 ; 299,96 ;   9,154408 ;   14,91
3085,40 ; 300,09 ;   5,977974 ;    9,91
3087,40 ; 299,95 ;   4,647116 ;    7,37
3089,40 ; 299,98 ;   11,064528 ;   17,41
3091,40 ; 299,99 ;   6,568676 ;   10,73
3093,40 ; 299,92 ;   7,157559 ;   11,86
3095,40 ; 299,98 ;   9,146179 ;   14,87
3097,40 ; 299,96 ;   5,906071 ;    9,87
3099,40 ; 299,99 ;   8,482862 ;   13,07
3101,40 ; 299,97 ;   7,238377 ;   11,00
3103,40 ; 300,06 ;   8,553761 ;   13,06
3105,40 ; 300,04 ;   5,241119 ;    8,57
3107,41 ; 299,99 ;   7,881202 ;   12,92
