Tempo total (s) ;Temperatura (ºC) ; Potencia atual (W) ; Saida
P:   5.68 I: 104.06 D:  26.00 Tensão:6.659 V Temperatura ambiente:     21.34ºC
2,00 ; 300,02 ;   7,726484 ;   44,98
4,00 ; 299,99 ;   7,365313 ;   42,49
6,00 ; 300,02 ;   8,083373 ;   46,66
8,00 ; 300,02 ;   7,546923 ;   43,07
10,00 ; 299,99 ;   7,721106 ;   44,80
12,01 ; 300,08 ;   8,083064 ;   46,66
14,01 ; 299,99 ;   6,667811 ;   38,09
16,01 ; 299,99 ;   8,956973 ;   51,27
18,01 ; 300,02 ;   7,727081 ;   44,92
20,01 ; 299,97 ;   7,542049 ;   43,06
22,01 ; 299,99 ;   8,421509 ;   48,52
24,01 ; 299,92 ;   7,545892 ;   43,20
26,01 ; 299,98 ;   8,778059 ;   50,52
28,01 ; 300,03 ;   7,027338 ;   40,37
30,02 ; 300,02 ;   7,204083 ;   41,25
32,02 ; 300,02 ;   7,881830 ;   45,95
34,02 ; 300,01 ;   7,726173 ;   44,80
36,02 ; 299,98 ;   7,907617 ;   45,42
38,02 ; 299,97 ;   8,065310 ;   46,70
40,02 ; 299,97 ;   8,062903 ;   46,22
42,02 ; 299,98 ;   7,907728 ;   45,07
44,02 ; 299,98 ;   7,545571 ;   43,83
46,02 ; 299,96 ;   7,721400 ;   44,98
48,02 ; 300,02 ;   8,064209 ;   46,85
50,03 ; 300,04 ;   7,026993 ;   40,77
52,03 ; 300,04 ;   7,364491 ;   42,94
54,03 ; 300,02 ;   7,722887 ;   44,67
56,03 ; 299,99 ;   8,083592 ;   46,53
58,03 ; 300,02 ;   8,084284 ;   46,66
60,03 ; 300,08 ;   7,543936 ;   43,07
62,03 ; 300,02 ;   6,846035 ;   39,82
64,03 ; 299,96 ;   8,603501 ;   49,40
66,03 ; 299,96 ;   8,597903 ;   49,14
68,03 ; 299,96 ;   7,906421 ;   45,11
70,04 ; 300,02 ;   7,899151 ;   45,11
72,04 ; 300,02 ;   7,026300 ;   40,76
74,04 ; 299,99 ;   7,726302 ;   44,80
76,04 ; 299,92 ;   8,084276 ;   46,66
78,04 ; 300,03 ;   8,781792 ;   50,53
80,04 ; 300,04 ;   6,330457 ;   36,64
82,04 ; 299,97 ;   7,723053 ;   44,09
84,04 ; 300,05 ;   8,761967 ;   50,26
86,04 ; 300,01 ;   6,667721 ;   38,23
88,05 ; 299,97 ;   8,438034 ;   48,30
90,05 ; 299,97 ;   8,261170 ;   47,95
92,05 ; 299,97 ;   7,904052 ;   45,07
94,05 ; 299,96 ;   7,883505 ;   45,07
96,05 ; 299,98 ;   7,903583 ;   45,70
98,05 ; 299,99 ;   7,542293 ;   43,26
100,05 ; 299,98 ;   7,726951 ;   44,37
102,05 ; 299,98 ;   7,899797 ;   45,57
104,05 ; 299,99 ;   7,723078 ;   44,99
106,05 ; 299,96 ;   7,725083 ;   44,37
108,06 ; 300,03 ;   8,258564 ;   47,44
110,06 ; 299,98 ;   6,847029 ;   39,54
112,06 ; 300,05 ;   8,420176 ;   48,46
114,06 ; 299,99 ;   6,846538 ;   39,40
116,06 ; 300,04 ;   8,599796 ;   49,56
118,06 ; 299,92 ;   7,206979 ;   41,22
120,06 ; 300,05 ;   9,474723 ;   54,00
122,06 ; 299,96 ;   5,971064 ;   34,79
124,06 ; 299,99 ;   9,119257 ;   52,05
126,06 ; 299,99 ;   7,385692 ;   42,64
128,07 ; 300,03 ;   7,722539 ;   44,95
130,07 ; 300,02 ;   7,188880 ;   41,85
132,07 ; 299,98 ;   7,905858 ;   45,97
134,07 ; 299,96 ;   8,243233 ;   47,30
136,07 ; 300,05 ;   8,065573 ;   46,86
138,07 ; 300,03 ;   6,489078 ;   37,67
140,07 ; 300,04 ;   8,061581 ;   46,45
142,07 ; 300,04 ;   7,724744 ;   44,10
144,07 ; 300,02 ;   7,726764 ;   44,67
146,07 ; 300,03 ;   8,061551 ;   46,53
148,08 ; 299,94 ;   7,546629 ;   43,56
150,08 ; 300,04 ;   9,137153 ;   52,17
152,08 ; 300,05 ;   6,491121 ;   37,17
154,08 ; 299,98 ;   7,547443 ;   43,42
156,08 ; 300,04 ;   8,761290 ;   50,16
158,08 ; 299,96 ;   7,027922 ;   40,62
160,08 ; 299,98 ;   8,778556 ;   50,87
162,08 ; 299,99 ;   7,543292 ;   43,24
164,08 ; 299,96 ;   7,726778 ;   44,35
166,08 ; 300,03 ;   8,243192 ;   47,42
168,09 ; 299,98 ;   6,846400 ;   39,52
170,09 ; 300,05 ;   8,422968 ;   48,44
172,09 ; 300,02 ;   6,848631 ;   39,38
174,09 ; 299,99 ;   8,261240 ;   47,68
176,09 ; 299,98 ;   8,084047 ;   46,66
178,09 ; 299,98 ;   7,906792 ;   45,55
180,09 ; 299,94 ;   7,723095 ;   44,97
182,09 ; 299,98 ;   8,437814 ;   48,71
184,09 ; 299,94 ;   7,208531 ;   41,52
186,10 ; 299,99 ;   8,418867 ;   48,72
188,10 ; 300,03 ;   7,009914 ;   40,91
190,10 ; 299,94 ;   7,185633 ;   41,84
192,10 ; 300,04 ;   9,138032 ;   52,18
194,10 ; 299,96 ;   6,489653 ;   37,18
196,10 ; 300,05 ;   8,759725 ;   50,89
198,10 ; 300,03 ;   6,488579 ;   37,67
200,10 ; 299,96 ;   8,064462 ;   46,45
202,10 ; 300,02 ;   8,775341 ;   50,31
204,10 ; 299,95 ;   7,028802 ;   40,77
206,11 ; 299,99 ;   8,780547 ;   50,40
208,11 ; 299,99 ;   7,210323 ;   41,49
210,11 ; 300,02 ;   7,723982 ;   44,95
212,11 ; 299,98 ;   7,546943 ;   43,09
214,11 ; 300,05 ;   8,242329 ;   47,30
216,11 ; 299,98 ;   6,848657 ;   39,40
218,11 ; 299,87 ;   8,778008 ;   50,18
220,11 ; 300,08 ;   9,479632 ;   54,32
222,11 ; 300,01 ;   4,916087 ;   28,90
224,11 ; 299,95 ;   8,781593 ;   50,05
226,12 ; 300,01 ;   8,584524 ;   49,83
228,12 ; 300,01 ;   7,025520 ;   40,25
230,12 ; 299,94 ;   7,724506 ;   44,87
232,12 ; 300,04 ;   8,760012 ;   50,46
234,12 ; 300,02 ;   6,490042 ;   37,19
236,12 ; 300,02 ;   8,060811 ;   46,55
238,12 ; 299,92 ;   7,729167 ;   44,82
240,12 ; 299,96 ;   9,118840 ;   52,28
242,12 ; 300,02 ;   7,365955 ;   42,26
244,13 ; 300,01 ;   7,027614 ;   40,80
246,13 ; 300,04 ;   7,906422 ;   45,45
248,13 ; 300,02 ;   7,365093 ;   42,39
250,13 ; 300,03 ;   8,083481 ;   46,56
252,13 ; 299,98 ;   7,548857 ;   43,58
254,13 ; 300,05 ;   8,422511 ;   48,46
256,13 ; 300,01 ;   6,848988 ;   39,41
258,13 ; 300,04 ;   8,423095 ;   48,32
260,13 ; 299,98 ;   7,387223 ;   42,37
262,13 ; 300,08 ;   8,596921 ;   49,03
264,13 ; 299,99 ;   6,511947 ;   37,53
266,14 ; 300,01 ;   8,938812 ;   51,28
268,14 ; 299,99 ;   7,547158 ;   43,70
270,14 ; 300,05 ;   8,062959 ;   46,09
272,14 ; 300,03 ;   6,850087 ;   39,97
274,14 ; 299,92 ;   8,086017 ;   46,44
276,14 ; 299,99 ;   9,297709 ;   53,41
278,14 ; 299,98 ;   6,847981 ;   39,75
280,14 ; 299,98 ;   7,904893 ;   45,56
282,14 ; 300,04 ;   7,707127 ;   44,99
284,15 ; 300,02 ;   7,027895 ;   40,64
286,15 ; 300,03 ;   8,084667 ;   46,53
288,15 ; 299,99 ;   7,542815 ;   43,56
290,15 ; 300,02 ;   8,242385 ;   47,82
292,15 ; 300,01 ;   7,547068 ;   43,07
294,15 ; 299,99 ;   7,905056 ;   45,42
296,15 ; 300,04 ;   8,064017 ;   46,09
298,15 ; 299,99 ;   7,204396 ;   41,20
300,15 ; 300,01 ;   8,421180 ;   48,39
302,15 ; 299,91 ;   7,547427 ;   43,69
304,16 ; 300,02 ;   9,138386 ;   52,30
306,16 ; 299,97 ;   6,489450 ;   37,30
308,16 ; 299,99 ;   8,421181 ;   48,53
310,16 ; 299,99 ;   7,546534 ;   43,21
312,16 ; 299,98 ;   7,723711 ;   44,94
314,16 ; 300,04 ;   7,885574 ;   45,56
316,16 ; 299,95 ;   7,032903 ;   40,64
318,16 ; 299,95 ;   9,119210 ;   52,13
320,16 ; 299,99 ;   7,886229 ;   45,22
322,16 ; 300,04 ;   7,207818 ;   41,49
324,17 ; 299,97 ;   7,186780 ;   41,22
326,17 ; 300,05 ;   8,763093 ;   50,27
328,17 ; 300,04 ;   6,670125 ;   38,25
330,17 ; 299,99 ;   7,905669 ;   45,83
332,17 ; 299,98 ;   8,421232 ;   48,40
334,17 ; 300,05 ;   7,908083 ;   45,56
336,17 ; 300,03 ;   6,847611 ;   39,39
338,17 ; 300,08 ;   8,083144 ;   46,44
340,17 ; 300,02 ;   7,030778 ;   40,98
342,18 ; 299,98 ;   8,603952 ;   49,40
344,18 ; 299,97 ;   8,242093 ;   47,28
346,18 ; 299,96 ;   8,065169 ;   46,22
348,18 ; 300,03 ;   7,903080 ;   45,69
350,18 ; 300,08 ;   6,848753 ;   39,52
352,18 ; 300,02 ;   7,027984 ;   40,97
354,18 ; 300,02 ;   8,602099 ;   49,40
356,18 ; 299,98 ;   7,723693 ;   44,78
358,18 ; 300,03 ;   8,260286 ;   47,27
360,18 ; 299,99 ;   7,206301 ;   41,23
362,19 ; 299,92 ;   8,245243 ;   47,80
364,19 ; 299,98 ;   8,776062 ;   50,52
366,19 ; 299,99 ;   7,026853 ;   40,36
368,19 ; 299,95 ;   7,727140 ;   44,35
370,19 ; 299,95 ;   8,418386 ;   48,66
372,19 ; 299,97 ;   7,882932 ;   45,21
374,19 ; 300,02 ;   7,546933 ;   43,35
376,19 ; 300,01 ;   7,189205 ;   41,35
378,19 ; 300,04 ;   7,905796 ;   45,43
380,20 ; 300,10 ;   7,366652 ;   42,36
382,20 ; 300,03 ;   6,847995 ;   39,69
384,20 ; 300,04 ;   8,585492 ;   49,89
386,20 ; 299,97 ;   7,724295 ;   44,07
388,20 ; 300,03 ;   8,764250 ;   50,24
390,20 ; 299,94 ;   7,009217 ;   40,08
392,20 ; 299,99 ;   9,117861 ;   52,16
394,20 ; 300,03 ;   7,029831 ;   40,89
396,20 ; 299,96 ;   7,205705 ;   41,82
398,20 ; 300,01 ;   8,780925 ;   50,29
400,21 ; 299,97 ;   7,206911 ;   41,38
402,21 ; 299,97 ;   8,242434 ;   47,94
404,21 ; 300,06 ;   7,885386 ;   45,07
406,21 ; 300,02 ;   6,510610 ;   37,61
408,21 ; 300,03 ;   8,424505 ;   48,25
410,21 ; 299,94 ;   7,545484 ;   43,54
412,21 ; 299,99 ;   9,118088 ;   52,16
414,21 ; 299,99 ;   7,025375 ;   40,89
416,21 ; 299,98 ;   7,721925 ;   44,93
418,21 ; 300,02 ;   7,884860 ;   45,55
420,22 ; 300,01 ;   7,386029 ;   42,49
422,22 ; 299,99 ;   7,883567 ;   45,42
424,22 ; 299,95 ;   8,083160 ;   46,08
426,22 ; 299,97 ;   8,424008 ;   48,66
428,22 ; 300,05 ;   7,549065 ;   43,34
430,22 ; 299,95 ;   6,670694 ;   38,23
432,22 ; 300,01 ;   9,298764 ;   53,28
434,22 ; 299,98 ;   7,026859 ;   40,24
436,22 ; 299,99 ;   8,066852 ;   46,71
438,23 ; 300,08 ;   7,724896 ;   44,36
440,23 ; 300,02 ;   6,670844 ;   38,10
442,23 ; 299,97 ;   8,598748 ;   49,41
444,23 ; 300,10 ;   8,422548 ;   48,53
446,23 ; 300,03 ;   5,971822 ;   34,50
448,23 ; 300,04 ;   8,601754 ;   49,89
450,23 ; 299,98 ;   7,725128 ;   44,07
452,23 ; 300,05 ;   8,422949 ;   49,00
454,23 ; 300,01 ;   6,848165 ;   39,37
456,23 ; 299,97 ;   8,420161 ;   48,28
458,23 ; 299,99 ;   8,241289 ;   47,93
460,24 ; 299,97 ;   7,545957 ;   43,18
462,24 ; 299,99 ;   8,061188 ;   46,78
464,24 ; 299,95 ;   7,545559 ;   43,19
466,24 ; 299,99 ;   8,422956 ;   48,65
468,24 ; 300,02 ;   7,189195 ;   41,46
470,24 ; 299,99 ;   7,545529 ;   43,06
472,24 ; 299,99 ;   8,065292 ;   46,65
474,24 ; 299,99 ;   7,722423 ;   44,92
476,24 ; 300,05 ;   7,723071 ;   44,93
478,25 ; 300,02 ;   6,848501 ;   39,95
480,25 ; 300,03 ;   8,242051 ;   47,67
482,25 ; 299,97 ;   7,546874 ;   43,54
484,25 ; 300,01 ;   8,600830 ;   49,66
486,25 ; 300,02 ;   7,206712 ;   41,95
488,25 ; 300,02 ;   7,724539 ;   44,21
490,25 ; 300,02 ;   7,726082 ;   44,78
492,25 ; 299,97 ;   7,723996 ;   44,78
494,25 ; 300,04 ;   8,421472 ;   48,51
496,25 ; 300,02 ;   6,831771 ;   39,46
498,26 ; 299,96 ;   8,064612 ;   46,51
500,26 ; 299,95 ;   8,600265 ;   49,13
502,26 ; 299,91 ;   8,084612 ;   46,34
504,26 ; 299,89 ;   8,242172 ;   47,68
506,26 ; 299,98 ;   8,242430 ;   47,25
508,26 ; 299,99 ;   6,668281 ;   38,07
510,26 ; 299,99 ;   7,727066 ;   44,37
512,26 ; 299,91 ;   7,723990 ;   44,94
514,26 ; 299,97 ;   8,940229 ;   51,16
516,26 ; 299,98 ;   7,188295 ;   41,05
518,27 ; 299,96 ;   7,563605 ;   43,85
520,27 ; 299,97 ;   8,065401 ;   46,87
522,27 ; 299,96 ;   7,723106 ;   44,52
524,27 ; 299,99 ;   7,882339 ;   45,72
526,27 ; 299,98 ;   7,385365 ;   42,67
528,27 ; 300,02 ;   7,882586 ;   45,59
530,27 ; 299,98 ;   7,367372 ;   42,53
532,27 ; 299,99 ;   8,261697 ;   47,32
534,27 ; 299,98 ;   7,707731 ;   44,40
536,27 ; 300,03 ;   7,906505 ;   45,60
538,28 ; 299,99 ;   7,188743 ;   41,29
540,28 ; 299,92 ;   8,261820 ;   47,86
542,28 ; 299,99 ;   8,782327 ;   50,57
544,28 ; 299,92 ;   6,847722 ;   39,79
546,28 ; 299,99 ;   8,761300 ;   50,58
548,28 ; 300,04 ;   6,849337 ;   39,80
550,28 ; 299,99 ;   7,203716 ;   41,26
552,28 ; 299,97 ;   8,422487 ;   48,45
554,28 ; 299,96 ;   8,082622 ;   46,85
556,28 ; 299,95 ;   7,906978 ;   45,75
558,29 ; 299,98 ;   8,061127 ;   46,42
560,29 ; 299,97 ;   7,383541 ;   42,17
562,29 ; 300,04 ;   8,063544 ;   46,29
564,29 ; 299,97 ;   6,848828 ;   39,55
566,29 ; 300,04 ;   8,779689 ;   50,33
568,29 ; 300,01 ;   6,851200 ;   39,55
570,29 ; 299,99 ;   8,243662 ;   47,22
572,29 ; 299,95 ;   8,084626 ;   46,16
574,29 ; 299,96 ;   8,418343 ;   48,73
576,30 ; 299,97 ;   7,723782 ;   44,04
578,30 ; 299,99 ;   7,726216 ;   44,57
580,30 ; 300,02 ;   7,546937 ;   43,29
582,30 ; 299,98 ;   7,545643 ;   43,15
584,30 ; 300,02 ;   8,241322 ;   47,37
586,30 ; 300,02 ;   7,365650 ;   42,58
588,30 ; 300,01 ;   7,724909 ;   44,88
590,30 ; 300,02 ;   7,906479 ;   45,50
592,30 ; 300,09 ;   7,725772 ;   44,30
594,30 ; 299,95 ;   6,848964 ;   39,28
596,30 ; 300,08 ;   9,653701 ;   55,65
598,31 ; 300,02 ;   5,970503 ;   34,71
600,31 ; 300,01 ;   8,603340 ;   49,48
602,31 ; 300,05 ;   7,900659 ;   45,48
604,31 ; 300,08 ;   7,211339 ;   41,18
606,31 ; 300,02 ;   7,363161 ;   42,76
608,31 ; 300,03 ;   8,583902 ;   49,46
610,31 ; 300,06 ;   7,547731 ;   43,60
612,31 ; 300,06 ;   7,364154 ;   42,26
614,31 ; 300,01 ;   7,722857 ;   44,56
616,31 ; 299,97 ;   8,423437 ;   48,91
618,32 ; 299,98 ;   8,241248 ;   47,98
620,32 ; 299,98 ;   7,542649 ;   43,86
622,32 ; 300,03 ;   7,905553 ;   45,01
624,32 ; 299,99 ;   7,189369 ;   41,28
626,32 ; 300,02 ;   8,263036 ;   47,85
628,32 ; 299,99 ;   7,545632 ;   43,10
630,32 ; 299,97 ;   8,063026 ;   46,69
632,32 ; 299,90 ;   8,060125 ;   46,83
634,32 ; 299,95 ;   8,780009 ;   50,70
636,33 ; 299,95 ;   7,207643 ;   41,79
638,33 ; 299,96 ;   7,903196 ;   45,26
640,33 ; 300,03 ;   7,721759 ;   44,02
642,33 ; 299,96 ;   6,845638 ;   39,58
644,33 ; 300,01 ;   8,774315 ;   50,36
646,33 ; 300,06 ;   7,209464 ;   41,45
648,33 ; 299,95 ;   7,025582 ;   40,55
650,33 ; 299,99 ;   9,295513 ;   53,91
652,33 ; 299,96 ;   7,207072 ;   41,54
654,33 ; 299,98 ;   8,242156 ;   47,48
656,34 ; 299,98 ;   7,546569 ;   43,32
658,34 ; 299,98 ;   7,901654 ;   45,05
660,34 ; 299,99 ;   7,887469 ;   45,05
662,34 ; 300,02 ;   7,723334 ;   44,43
664,34 ; 300,04 ;   7,543342 ;   43,14
666,34 ; 299,98 ;   7,545835 ;   43,01
668,34 ; 300,02 ;   8,602169 ;   49,08
670,34 ; 299,98 ;   7,363145 ;   42,56
672,34 ; 300,03 ;   8,260358 ;   47,35
674,34 ; 300,06 ;   7,208780 ;   41,32
676,35 ; 300,02 ;   7,363842 ;   42,29
678,35 ; 299,94 ;   8,422751 ;   48,31
680,35 ; 299,99 ;   8,959540 ;   51,07
682,35 ; 299,95 ;   7,026147 ;   40,96
684,35 ; 299,96 ;   8,419014 ;   48,73
686,35 ; 299,97 ;   7,722068 ;   44,03
688,35 ; 299,95 ;   7,706773 ;   44,57
690,35 ; 299,98 ;   8,261706 ;   47,01
692,35 ; 300,06 ;   7,387173 ;   42,18
694,36 ; 300,02 ;   6,667448 ;   38,85
696,36 ; 300,08 ;   8,419877 ;   48,34
698,36 ; 300,03 ;   6,850883 ;   39,90
700,36 ; 300,01 ;   8,421853 ;   48,24
702,36 ; 300,03 ;   8,083482 ;   46,64
704,36 ; 300,09 ;   7,545142 ;   43,04
706,36 ; 300,09 ;   7,007203 ;   40,42
708,36 ; 300,06 ;   7,707694 ;   44,44
710,36 ; 300,05 ;   8,084618 ;   46,30
712,36 ; 299,97 ;   7,898232 ;   45,18
714,36 ; 300,02 ;   8,960618 ;   51,44
716,37 ; 299,96 ;   7,204035 ;   41,37
718,37 ; 300,03 ;   8,599088 ;   49,18
720,37 ; 300,05 ;   6,846011 ;   39,55
722,37 ; 299,95 ;   7,386328 ;   42,87
724,37 ; 299,92 ;   9,295256 ;   53,30
726,37 ; 300,05 ;   8,245665 ;   47,10
728,37 ; 300,04 ;   5,972435 ;   34,80
730,37 ; 300,02 ;   7,881570 ;   45,85
732,37 ; 299,98 ;   8,083069 ;   46,56
734,38 ; 300,03 ;   8,242265 ;   47,31
736,38 ; 299,99 ;   7,187075 ;   41,28
738,38 ; 300,03 ;   8,260779 ;   47,84
740,38 ; 300,08 ;   7,209617 ;   41,85
742,38 ; 300,06 ;   7,202839 ;   41,00
744,38 ; 300,06 ;   7,883309 ;   45,70
746,38 ; 299,98 ;   7,724973 ;   44,54
748,38 ; 299,99 ;   8,778053 ;   50,75
750,38 ; 299,98 ;   7,724274 ;   44,36
752,38 ; 299,99 ;   7,905756 ;   45,56
754,39 ; 299,98 ;   7,722898 ;   44,36
756,39 ; 299,98 ;   7,881968 ;   45,56
758,39 ; 300,08 ;   7,729038 ;   44,99
760,39 ; 300,08 ;   6,489077 ;   37,52
762,39 ; 300,08 ;   7,723479 ;   44,44
764,39 ; 299,98 ;   7,721381 ;   44,43
766,39 ; 299,95 ;   8,941436 ;   51,88
768,39 ; 300,03 ;   8,422548 ;   48,08
770,39 ; 299,96 ;   6,667201 ;   38,36
772,39 ; 299,89 ;   8,759843 ;   50,29
774,40 ; 300,02 ;   8,759545 ;   50,71
776,40 ; 299,94 ;   6,148614 ;   35,58
778,40 ; 299,99 ;   8,939318 ;   51,02
780,40 ; 300,06 ;   7,027443 ;   40,91
782,40 ; 300,02 ;   6,846983 ;   39,35
784,40 ; 300,02 ;   8,404250 ;   48,26
786,40 ; 299,95 ;   7,728541 ;   44,80
788,40 ; 299,99 ;   8,777344 ;   50,40
790,40 ; 300,02 ;   7,204028 ;   41,48
792,40 ; 300,01 ;   7,544554 ;   43,08
794,41 ; 299,99 ;   7,899055 ;   45,43
796,41 ; 299,97 ;   8,064477 ;   46,09
798,41 ; 300,02 ;   8,062792 ;   46,81
800,41 ; 300,05 ;   7,205236 ;   41,35
802,41 ; 300,02 ;   7,188597 ;   41,70
804,41 ; 299,99 ;   8,258903 ;   47,68
806,41 ; 299,96 ;   8,081032 ;   46,66
808,41 ; 299,97 ;   8,259680 ;   47,42
810,41 ; 299,95 ;   7,723597 ;   44,50
812,42 ; 300,01 ;   8,082420 ;   46,94
814,42 ; 299,98 ;   7,028207 ;   40,25
816,42 ; 300,03 ;   8,083806 ;   46,72
818,42 ; 300,03 ;   7,183911 ;   41,26
820,42 ; 299,97 ;   7,723349 ;   44,72
822,42 ; 300,04 ;   8,601066 ;   49,69
824,42 ; 300,03 ;   6,847245 ;   39,48
826,42 ; 300,02 ;   7,905000 ;   45,29
828,42 ; 300,02 ;   7,900041 ;   45,96
830,42 ; 299,97 ;   7,707377 ;   44,80
832,43 ; 299,92 ;   8,424680 ;   48,53
834,43 ; 300,02 ;   8,421694 ;   48,81
836,43 ; 299,97 ;   6,491652 ;   37,89
838,43 ; 299,98 ;   8,421982 ;   48,54
840,43 ; 299,97 ;   7,545927 ;   43,84
842,43 ; 299,97 ;   8,083095 ;   46,24
844,43 ; 299,92 ;   7,884256 ;   45,09
846,43 ; 299,97 ;   8,438167 ;   48,83
848,43 ; 300,02 ;   7,207125 ;   41,64
850,43 ; 299,96 ;   7,187214 ;   41,37
852,44 ; 299,97 ;   8,584561 ;   49,18
854,44 ; 299,94 ;   7,725844 ;   44,53
856,44 ; 299,99 ;   8,242270 ;   47,60
858,44 ; 300,04 ;   7,025851 ;   40,95
860,44 ; 300,06 ;   7,186274 ;   41,25
862,44 ; 300,01 ;   7,370802 ;   42,84
864,44 ; 299,97 ;   8,422618 ;   48,92
866,44 ; 300,04 ;   8,244395 ;   47,99
868,44 ; 299,91 ;   6,831935 ;   39,52
870,45 ; 299,94 ;   9,457447 ;   54,65
872,45 ; 299,98 ;   7,545429 ;   43,57
874,45 ; 300,01 ;   7,203546 ;   41,57
876,45 ; 299,99 ;   7,545604 ;   43,17
878,45 ; 299,96 ;   8,063049 ;   46,14
880,45 ; 299,94 ;   8,242420 ;   47,47
882,45 ; 300,02 ;   8,241943 ;   47,04
884,45 ; 299,96 ;   6,847850 ;   39,10
886,45 ; 300,06 ;   8,581957 ;   49,22
888,45 ; 300,01 ;   6,489867 ;   37,10
890,46 ; 299,98 ;   8,421689 ;   48,94
892,46 ; 300,02 ;   8,065052 ;   46,77
894,46 ; 300,01 ;   7,365116 ;   42,55
896,46 ; 299,95 ;   7,908340 ;   45,48
898,46 ; 300,02 ;   8,600423 ;   49,88
900,46 ; 300,02 ;   6,849831 ;   39,68
902,46 ; 299,99 ;   7,707172 ;   44,86
904,46 ; 300,05 ;   8,085902 ;   46,73
906,46 ; 299,97 ;   7,009271 ;   40,02
908,47 ; 300,06 ;   8,941929 ;   51,47
910,47 ; 299,95 ;   6,511660 ;   37,67
912,47 ; 299,99 ;   9,298242 ;   53,91
914,47 ; 299,97 ;   7,206007 ;   41,53
916,47 ; 299,97 ;   8,082710 ;   46,86
918,47 ; 299,91 ;   7,907320 ;   45,13
920,47 ; 300,04 ;   8,596539 ;   49,49
922,47 ; 299,99 ;   6,130753 ;   35,51
924,47 ; 300,05 ;   8,424983 ;   48,46
926,47 ; 300,02 ;   7,008540 ;   40,03
928,48 ; 300,02 ;   8,243194 ;   47,75
930,48 ; 299,95 ;   7,723122 ;   44,86
932,48 ; 299,99 ;   8,760890 ;   50,46
934,48 ; 299,96 ;   7,187298 ;   41,54
936,48 ; 299,97 ;   8,263577 ;   47,49
938,48 ; 299,95 ;   7,724580 ;   44,57
940,48 ; 299,96 ;   8,260503 ;   47,01
942,48 ; 299,94 ;   7,724901 ;   44,05
944,48 ; 299,90 ;   8,243004 ;   47,07
946,48 ; 299,98 ;   8,423598 ;   48,46
948,49 ; 300,08 ;   6,667428 ;   38,74
950,49 ; 299,95 ;   6,509406 ;   37,63
952,49 ; 299,96 ;   9,655121 ;   55,10
954,49 ; 300,02 ;   7,727340 ;   44,07
956,49 ; 300,04 ;   7,028192 ;   40,87
958,49 ; 300,01 ;   7,543368 ;   43,04
960,49 ; 300,04 ;   8,259824 ;   47,25
962,49 ; 300,03 ;   7,387425 ;   42,46
964,49 ; 300,02 ;   7,884191 ;   45,38
966,50 ; 300,04 ;   8,083309 ;   46,05
968,50 ; 300,04 ;   7,547363 ;   43,03
970,50 ; 299,97 ;   7,725586 ;   44,75
972,50 ; 300,01 ;   8,759735 ;   50,34
974,50 ; 300,03 ;   7,365338 ;   42,05
976,50 ; 300,01 ;   7,563192 ;   43,07
978,50 ; 300,03 ;   8,063299 ;   46,66
980,50 ; 299,98 ;   7,548295 ;   43,06
982,50 ; 300,06 ;   8,419747 ;   48,52
984,50 ; 300,05 ;   6,667928 ;   38,84
986,51 ; 300,08 ;   7,883933 ;   45,22
988,51 ; 300,04 ;   7,383985 ;   42,78
990,51 ; 300,03 ;   8,243296 ;   47,61
992,51 ; 300,03 ;   7,881663 ;   45,34
994,51 ; 299,64 ;   7,723243 ;   44,76
996,51 ; 297,76 ;   13,162107 ;   75,85
998,51 ; 295,27 ;   21,653464 ;  125,00
1000,51 ; 292,60 ;   21,695012 ;  125,00
1002,51 ; 290,32 ;   21,691474 ;  125,00
1004,52 ; 288,31 ;   21,669703 ;  125,00
1006,52 ; 286,52 ;   21,681260 ;  125,00
1008,52 ; 285,12 ;   21,680734 ;  125,00
1010,52 ; 284,01 ;   21,656826 ;  125,00
1012,52 ; 283,11 ;   21,653313 ;  125,00
1014,52 ; 282,60 ;   21,650734 ;  125,00
1016,52 ; 282,30 ;   21,648305 ;  125,00
1018,52 ; 282,05 ;   21,660683 ;  124,35
1020,53 ; 282,06 ;   21,659554 ;  124,26
1022,53 ; 282,27 ;   18,765215 ;  107,16
1024,53 ; 282,71 ;   16,250857 ;   93,52
1026,53 ; 283,16 ;   12,929337 ;   75,00
1028,53 ; 283,73 ;   12,772898 ;   73,72
1030,53 ; 284,40 ;   11,207268 ;   64,23
1032,53 ; 285,11 ;   9,459130 ;   54,03
1034,53 ; 285,75 ;   8,406466 ;   48,73
1036,53 ; 286,49 ;   8,936455 ;   51,84
1038,54 ; 287,34 ;   7,195573 ;   41,63
1040,54 ; 287,95 ;   5,265397 ;   30,70
1042,54 ; 288,63 ;   7,892626 ;   45,23
1044,54 ; 289,31 ;   6,662390 ;   38,00
1046,54 ; 289,81 ;   6,125683 ;   35,33
1048,54 ; 290,41 ;   8,075140 ;   46,82
1050,54 ; 290,96 ;   6,305857 ;   36,98
1052,54 ; 291,44 ;   6,665191 ;   38,89
1054,55 ; 291,85 ;   7,360231 ;   42,31
1056,55 ; 292,22 ;   7,901947 ;   45,48
1058,55 ; 292,59 ;   8,239819 ;   47,69
1060,55 ; 292,88 ;   7,896326 ;   45,79
1062,55 ; 293,23 ;   8,934456 ;   51,89
1064,55 ; 293,49 ;   7,703278 ;   44,83
1066,55 ; 293,77 ;   8,937997 ;   51,56
1068,55 ; 293,95 ;   8,598071 ;   49,53
1070,55 ; 294,22 ;   9,649046 ;   55,47
1072,55 ; 294,45 ;   8,416072 ;   48,83
1074,56 ; 294,70 ;   8,935615 ;   51,04
1076,56 ; 294,84 ;   8,240089 ;   47,84
1078,56 ; 295,09 ;   9,812492 ;   56,88
1080,56 ; 295,23 ;   8,080515 ;   46,73
1082,56 ; 295,44 ;   9,650473 ;   55,71
1084,56 ; 295,59 ;   8,595251 ;   49,26
1086,56 ; 295,80 ;   9,137004 ;   52,88
1088,56 ; 295,96 ;   8,417699 ;   48,10
1090,57 ; 296,18 ;   8,935922 ;   51,69
1092,57 ; 296,40 ;   8,060516 ;   46,26
1094,57 ; 296,52 ;   7,900734 ;   45,41
1096,57 ; 296,70 ;   8,955086 ;   52,00
1098,57 ; 296,87 ;   8,244017 ;   47,93
1100,57 ; 297,06 ;   8,241822 ;   47,29
1102,57 ; 297,13 ;   7,727381 ;   44,77
1104,57 ; 297,33 ;   9,472425 ;   54,53
1106,57 ; 297,46 ;   7,545764 ;   43,30
1108,58 ; 297,61 ;   8,259924 ;   48,00
1110,58 ; 297,68 ;   8,084547 ;   46,27
1112,58 ; 297,84 ;   8,938046 ;   51,89
1114,58 ; 298,00 ;   7,725304 ;   44,89
1116,58 ; 298,15 ;   7,546678 ;   43,60
1118,58 ; 298,18 ;   7,724415 ;   44,12
1120,58 ; 298,25 ;   9,116380 ;   52,78
1122,58 ; 298,45 ;   8,582918 ;   49,69
1124,58 ; 298,56 ;   6,668685 ;   38,91
1126,59 ; 298,63 ;   7,885734 ;   45,36
1128,59 ; 298,76 ;   8,259136 ;   47,99
1130,59 ; 298,80 ;   7,545339 ;   43,38
1132,59 ; 298,88 ;   8,583228 ;   49,64
1134,59 ; 298,95 ;   7,903300 ;   45,81
1136,59 ; 299,01 ;   8,061274 ;   46,68
1138,59 ; 299,10 ;   8,259470 ;   47,63
1140,59 ; 299,23 ;   7,723996 ;   44,31
1142,59 ; 299,25 ;   7,206156 ;   41,38
1144,60 ; 299,33 ;   8,420458 ;   48,82
1146,60 ; 299,39 ;   7,724613 ;   44,42
1148,60 ; 299,40 ;   7,905380 ;   45,28
1150,60 ; 299,50 ;   8,599188 ;   49,34
1152,60 ; 299,60 ;   7,208221 ;   41,90
1154,60 ; 299,50 ;   7,208105 ;   41,37
1156,60 ; 299,57 ;   9,814567 ;   56,99
1158,60 ; 299,65 ;   7,546376 ;   43,95
1160,60 ; 299,69 ;   7,364407 ;   42,97
1162,61 ; 299,82 ;   7,907149 ;   45,66
1164,61 ; 299,77 ;   6,669501 ;   38,01
1166,61 ; 299,85 ;   9,122231 ;   52,18
1168,61 ; 299,87 ;   7,185573 ;   41,33
1170,61 ; 299,95 ;   8,064161 ;   46,45
1172,61 ; 299,95 ;   7,203188 ;   41,40
1174,61 ; 299,92 ;   8,244774 ;   47,17
1176,61 ; 299,99 ;   8,599631 ;   49,04
1178,61 ; 300,03 ;   7,206749 ;   41,73
1180,62 ; 300,09 ;   7,546548 ;   43,81
1182,62 ; 300,03 ;   7,387252 ;   42,33
1184,62 ; 300,18 ;   8,776392 ;   50,71
1186,62 ; 300,12 ;   5,973689 ;   34,86
1188,62 ; 300,13 ;   8,782042 ;   50,77
1190,62 ; 300,17 ;   7,906306 ;   45,52
1192,62 ; 300,10 ;   7,362993 ;   42,35
1194,62 ; 300,17 ;   8,943544 ;   51,39
1196,62 ; 300,20 ;   7,028556 ;   40,59
1198,62 ; 300,16 ;   7,545454 ;   43,90
1200,63 ; 300,26 ;   8,422116 ;   48,09
1202,63 ; 300,20 ;   6,668854 ;   38,31
1204,63 ; 300,22 ;   8,779397 ;   50,17
1206,63 ; 300,29 ;   7,545033 ;   43,67
1208,63 ; 300,26 ;   6,847424 ;   39,78
1210,63 ; 300,20 ;   8,242041 ;   47,43
1212,63 ; 300,22 ;   8,600586 ;   49,45
1214,63 ; 300,22 ;   7,720811 ;   44,14
1216,63 ; 300,26 ;   7,882348 ;   45,27
1218,64 ; 300,35 ;   7,384949 ;   42,14
1220,64 ; 300,33 ;   6,488547 ;   37,53
1222,64 ; 300,34 ;   8,064345 ;   46,28
1224,64 ; 300,36 ;   7,541919 ;   43,89
1226,64 ; 300,33 ;   7,388805 ;   42,57
1228,64 ; 300,35 ;   8,062404 ;   46,75
1230,64 ; 300,29 ;   7,388401 ;   42,54
1232,64 ; 300,22 ;   8,598064 ;   49,21
1234,64 ; 300,33 ;   8,763197 ;   50,15
1236,65 ; 300,41 ;   6,330377 ;   36,24
1238,65 ; 300,33 ;   6,669288 ;   38,05
1240,65 ; 300,26 ;   8,600685 ;   49,99
1242,65 ; 300,26 ;   8,606586 ;   49,79
1244,65 ; 300,31 ;   7,723699 ;   44,57
1246,65 ; 300,35 ;   7,028870 ;   40,19
1248,65 ; 300,26 ;   7,190943 ;   41,08
1250,65 ; 300,17 ;   8,959350 ;   51,39
1252,65 ; 300,33 ;   8,960996 ;   51,28
1254,66 ; 300,33 ;   5,630741 ;   32,48
1256,66 ; 300,34 ;   7,563823 ;   43,98
1258,66 ; 300,35 ;   7,546106 ;   43,32
1260,66 ; 300,31 ;   7,371425 ;   42,62
1262,66 ; 300,35 ;   8,066841 ;   46,84
1264,66 ; 300,35 ;   7,026914 ;   40,82
1266,66 ; 300,33 ;   7,544551 ;   43,66
1268,66 ; 300,33 ;   7,908379 ;   45,49
1270,66 ; 300,30 ;   7,546655 ;   43,72
1272,66 ; 300,35 ;   7,908768 ;   45,55
1274,67 ; 300,34 ;   7,028225 ;   40,06
1276,67 ; 300,24 ;   7,726285 ;   44,72
1278,67 ; 300,29 ;   8,761717 ;   51,00
1280,67 ; 300,31 ;   7,027416 ;   40,32
1282,67 ; 300,29 ;   7,209495 ;   41,88
1284,67 ; 300,23 ;   7,903661 ;   45,44
1286,67 ; 300,27 ;   8,436574 ;   48,03
1288,67 ; 300,18 ;   7,204541 ;   41,49
1290,67 ; 300,20 ;   8,777711 ;   50,61
1292,68 ; 300,33 ;   7,383102 ;   43,00
1294,68 ; 300,23 ;   5,792957 ;   33,56
1296,68 ; 300,20 ;   8,775990 ;   50,79
1298,68 ; 300,22 ;   8,077028 ;   46,95
1300,68 ; 300,22 ;   7,385281 ;   42,18
1302,68 ; 300,24 ;   7,543865 ;   43,89
1304,68 ; 300,22 ;   7,202094 ;   42,00
1306,68 ; 300,23 ;   7,899954 ;   45,56
1308,68 ; 300,18 ;   7,384300 ;   42,57
1310,68 ; 300,20 ;   8,420161 ;   48,05
1312,69 ; 300,20 ;   7,363402 ;   42,13
1314,69 ; 300,17 ;   7,544585 ;   43,84
1316,69 ; 300,20 ;   8,084783 ;   46,30
1318,69 ; 300,20 ;   7,364670 ;   42,11
1320,69 ; 300,16 ;   7,544330 ;   43,82
1322,69 ; 300,20 ;   8,083924 ;   46,28
1324,69 ; 300,17 ;   7,184250 ;   41,47
1326,69 ; 300,20 ;   7,881729 ;   45,62
1328,69 ; 300,18 ;   7,384768 ;   42,01
1330,70 ; 300,18 ;   7,720710 ;   44,96
1332,70 ; 300,20 ;   7,545888 ;   43,79
1334,70 ; 300,15 ;   7,365900 ;   42,52
1336,70 ; 300,16 ;   8,241347 ;   47,39
1338,70 ; 300,16 ;   7,367570 ;   42,67
1340,70 ; 300,16 ;   7,545024 ;   43,80
1342,70 ; 300,13 ;   7,545398 ;   43,79
1344,70 ; 300,20 ;   8,061299 ;   46,88
1346,70 ; 300,15 ;   6,508081 ;   37,76
1348,71 ; 300,15 ;   8,241587 ;   47,86
1350,71 ; 300,14 ;   7,546816 ;   43,81
1352,71 ; 300,14 ;   7,728473 ;   44,41
1354,71 ; 300,05 ;   7,543056 ;   43,82
1356,71 ; 300,10 ;   8,780340 ;   50,64
1358,71 ; 300,16 ;   7,027165 ;   40,57
1360,71 ; 300,06 ;   6,848949 ;   39,04
1362,71 ; 300,05 ;   8,939674 ;   51,72
1364,71 ; 300,04 ;   7,720014 ;   44,84
1366,71 ; 300,03 ;   7,882379 ;   45,50
1368,72 ; 300,15 ;   7,721519 ;   44,96
1370,72 ; 300,06 ;   6,152409 ;   35,05
1372,72 ; 300,04 ;   8,762427 ;   50,53
1374,72 ; 300,12 ;   8,064649 ;   46,04
1376,72 ; 300,03 ;   6,669303 ;   38,09
1378,72 ; 300,13 ;   8,763084 ;   50,68
1380,72 ; 300,08 ;   6,311191 ;   36,88
1382,72 ; 300,08 ;   8,241247 ;   47,51
1384,72 ; 300,09 ;   7,726669 ;   44,05
1386,73 ; 300,09 ;   7,546008 ;   43,41
1388,73 ; 300,14 ;   7,547122 ;   43,98
1390,73 ; 300,03 ;   6,851670 ;   39,62
1392,73 ; 300,06 ;   9,122686 ;   52,35
1394,73 ; 300,08 ;   7,206346 ;   41,78
1396,73 ; 300,06 ;   7,365890 ;   42,84
1398,73 ; 300,08 ;   7,906937 ;   45,23
1400,73 ; 300,03 ;   7,365202 ;   42,82
1402,73 ; 300,05 ;   8,260591 ;   47,70
1404,73 ; 300,17 ;   7,384892 ;   42,37
1406,74 ; 300,12 ;   5,971979 ;   34,77
1408,74 ; 300,09 ;   8,245812 ;   47,75
1410,74 ; 300,08 ;   8,083507 ;   46,19
1412,74 ; 300,08 ;   7,725977 ;   44,49
1414,74 ; 300,04 ;   7,545864 ;   43,91
1416,74 ; 300,02 ;   8,243847 ;   47,01
1418,74 ; 300,08 ;   7,901763 ;   45,99
1420,74 ; 300,12 ;   6,850459 ;   39,28
1422,74 ; 300,03 ;   7,009313 ;   40,78
1424,75 ; 300,03 ;   8,759997 ;   50,49
1426,75 ; 300,05 ;   7,722484 ;   44,14
1428,75 ; 300,02 ;   7,363896 ;   42,27
1430,75 ; 300,03 ;   8,243722 ;   47,11
1432,75 ; 300,08 ;   7,368050 ;   42,98
1434,75 ; 300,01 ;   7,024834 ;   40,40
1436,75 ; 299,98 ;   8,599540 ;   49,44
1438,75 ; 299,90 ;   8,083441 ;   46,12
1440,75 ; 300,02 ;   8,937577 ;   51,23
1442,76 ; 299,96 ;   6,145178 ;   35,57
1444,76 ; 300,03 ;   8,423521 ;   48,57
1446,76 ; 300,06 ;   6,667644 ;   38,94
1448,76 ; 299,97 ;   7,184218 ;   41,64
1450,76 ; 300,03 ;   8,940960 ;   51,40
1452,76 ; 299,99 ;   6,847980 ;   39,51
1454,76 ; 300,13 ;   8,243421 ;   47,23
1456,76 ; 300,06 ;   5,792701 ;   33,78
1458,76 ; 300,05 ;   8,420806 ;   48,54
1460,76 ; 300,08 ;   7,721426 ;   44,54
1462,77 ; 299,98 ;   7,366371 ;   42,10
1464,77 ; 300,04 ;   8,955671 ;   51,28
1466,77 ; 300,03 ;   7,026670 ;   40,01
1468,77 ; 300,02 ;   7,728417 ;   44,66
1470,77 ; 299,99 ;   7,899924 ;   45,33
1472,77 ; 300,05 ;   8,064697 ;   46,04
1474,77 ; 300,01 ;   6,845842 ;   39,33
1476,77 ; 300,01 ;   8,244287 ;   47,67
1478,77 ; 300,04 ;   7,725821 ;   44,21
1480,77 ; 300,08 ;   7,204621 ;   41,72
1482,78 ; 300,02 ;   7,024587 ;   40,92
1484,78 ; 300,05 ;   8,419952 ;   48,76
1486,78 ; 300,12 ;   7,185508 ;   41,04
1488,78 ; 300,06 ;   6,670373 ;   38,94
1490,78 ; 300,01 ;   8,242168 ;   47,90
1492,78 ; 300,08 ;   8,422950 ;   48,21
1494,78 ; 300,04 ;   6,669543 ;   38,57
1496,78 ; 299,99 ;   8,085524 ;   46,86
1498,78 ; 300,09 ;   8,240976 ;   47,71
1500,79 ; 300,02 ;   6,308716 ;   36,79
1502,79 ; 300,09 ;   8,602597 ;   49,29
1504,79 ; 300,08 ;   6,670789 ;   38,50
1506,79 ; 300,04 ;   7,730278 ;   44,31
1508,79 ; 300,05 ;   8,060749 ;   46,83
1510,79 ; 299,95 ;   7,383229 ;   42,70
1512,79 ; 300,08 ;   9,118561 ;   52,55
1514,79 ; 300,02 ;   5,792607 ;   33,92
1516,79 ; 300,02 ;   8,418286 ;   48,68
1518,80 ; 299,97 ;   7,723737 ;   44,07
1520,80 ; 300,02 ;   8,242290 ;   47,80
1522,80 ; 299,97 ;   7,027689 ;   40,61
1524,80 ; 299,98 ;   8,241758 ;   47,80
1526,80 ; 300,01 ;   7,545470 ;   43,10
1528,80 ; 300,03 ;   7,383344 ;   42,39
1530,80 ; 299,95 ;   7,363637 ;   42,25
1532,80 ; 300,02 ;   8,781178 ;   50,82
1534,80 ; 300,01 ;   6,686313 ;   38,89
1536,80 ; 300,04 ;   7,729256 ;   44,69
1538,81 ; 300,01 ;   7,186100 ;   41,63
1540,81 ; 299,98 ;   8,064161 ;   46,42
1542,81 ; 299,92 ;   7,901687 ;   45,98
1544,81 ; 300,04 ;   8,603746 ;   49,22
1546,81 ; 300,08 ;   6,148102 ;   35,29
1548,81 ; 300,03 ;   7,027445 ;   40,83
1550,81 ; 300,01 ;   8,260736 ;   47,43
1552,81 ; 300,04 ;   7,907057 ;   45,84
1554,81 ; 300,02 ;   7,203245 ;   41,62
1556,82 ; 299,98 ;   7,900554 ;   45,79
1558,82 ; 300,01 ;   8,086089 ;   46,54
1560,82 ; 300,03 ;   7,368963 ;   42,37
1562,82 ; 299,97 ;   7,365885 ;   42,24
1564,82 ; 300,06 ;   8,422317 ;   48,93
1566,82 ; 299,94 ;   6,328624 ;   36,86
1568,82 ; 299,95 ;   9,297553 ;   53,73
1570,82 ; 299,98 ;   7,545788 ;   43,89
1572,82 ; 299,91 ;   7,190724 ;   41,36
1574,82 ; 300,02 ;   8,601049 ;   49,84
1576,83 ; 299,95 ;   6,310486 ;   36,58
1578,83 ; 300,05 ;   8,599876 ;   49,67
1580,83 ; 300,01 ;   6,152860 ;   35,78
1582,83 ; 299,95 ;   8,242636 ;   47,58
1584,83 ; 299,97 ;   8,582580 ;   49,09
1586,83 ; 300,02 ;   7,363543 ;   42,62
1588,83 ; 300,02 ;   7,011765 ;   40,62
1590,83 ; 300,03 ;   7,705576 ;   44,08
1592,83 ; 299,94 ;   7,368827 ;   42,83
1594,83 ; 299,92 ;   8,939082 ;   51,45
1596,84 ; 300,02 ;   7,902838 ;   45,77
1598,84 ; 299,97 ;   6,489134 ;   37,17
1600,84 ; 300,01 ;   8,245070 ;   47,82
1602,84 ; 300,03 ;   7,188090 ;   41,25
1604,84 ; 299,97 ;   7,387409 ;   42,27
1606,84 ; 300,04 ;   8,421435 ;   48,97
1608,84 ; 299,97 ;   6,667521 ;   38,76
1610,84 ; 300,03 ;   8,602859 ;   49,55
1612,84 ; 299,97 ;   6,848198 ;   39,38
1614,85 ; 300,06 ;   8,423355 ;   48,97
1616,85 ; 299,98 ;   6,309491 ;   36,90
1618,85 ; 299,94 ;   8,778205 ;   50,03
1620,85 ; 299,96 ;   8,242289 ;   47,99
1622,85 ; 299,98 ;   7,367585 ;   42,68
1624,85 ; 300,02 ;   7,385678 ;   42,54
1626,85 ; 300,02 ;   7,187948 ;   41,79
1628,85 ; 300,02 ;   7,726018 ;   44,09
1630,85 ; 299,96 ;   7,729653 ;   44,09
1632,86 ; 300,09 ;   8,422841 ;   48,44
1634,86 ; 300,03 ;   5,989635 ;   34,46
1636,86 ; 299,92 ;   8,423708 ;   48,03
1638,86 ; 299,98 ;   9,116866 ;   52,70
1640,86 ; 300,02 ;   6,849648 ;   39,66
1642,86 ; 299,94 ;   7,184374 ;   41,79
1644,86 ; 299,90 ;   8,783532 ;   50,31
1646,86 ; 299,96 ;   8,259109 ;   47,66
1648,86 ; 300,02 ;   6,848480 ;   39,81
1650,86 ; 299,96 ;   7,026448 ;   40,08
1652,87 ; 299,98 ;   8,421109 ;   48,46
1654,87 ; 299,97 ;   7,364534 ;   42,57
1656,87 ; 300,01 ;   7,904829 ;   45,54
1658,87 ; 299,99 ;   7,185238 ;   41,28
1660,87 ; 300,05 ;   7,882843 ;   45,41
1662,87 ; 300,01 ;   6,849768 ;   39,28
1664,87 ; 300,06 ;   8,244959 ;   47,62
1666,87 ; 300,02 ;   6,847758 ;   39,81
1668,87 ; 299,94 ;   8,241603 ;   47,57
1670,88 ; 300,08 ;   8,774194 ;   50,32
1672,88 ; 300,01 ;   5,792708 ;   33,38
1674,88 ; 299,97 ;   8,601355 ;   49,34
1676,88 ; 299,95 ;   8,245790 ;   47,26
1678,88 ; 299,98 ;   8,063767 ;   46,24
1680,88 ; 300,02 ;   7,204068 ;   41,41
1682,88 ; 299,97 ;   7,186581 ;   41,81
1684,88 ; 300,04 ;   8,243987 ;   47,84
1686,88 ; 299,98 ;   6,668297 ;   38,79
1688,88 ; 299,98 ;   8,425917 ;   48,33
1690,89 ; 300,04 ;   7,724124 ;   44,29
1692,89 ; 300,08 ;   6,845978 ;   39,94
1694,89 ; 299,99 ;   7,026978 ;   40,87
1696,89 ; 299,99 ;   8,762102 ;   50,58
1698,89 ; 300,03 ;   7,723479 ;   44,24
1700,89 ; 300,02 ;   7,185154 ;   41,13
1702,89 ; 299,98 ;   7,881444 ;   45,25
1704,89 ; 299,94 ;   8,081269 ;   46,58
1706,89 ; 300,01 ;   8,421129 ;   48,01
1708,90 ; 300,03 ;   6,669534 ;   38,96
1710,90 ; 300,03 ;   7,362960 ;   42,29
1712,90 ; 300,05 ;   7,726711 ;   44,01
1714,90 ; 299,97 ;   7,364970 ;   42,14
1716,90 ; 300,03 ;   8,780033 ;   50,71
1718,90 ; 300,03 ;   6,845264 ;   39,39
1720,90 ; 300,03 ;   7,722639 ;   44,00
1722,90 ; 299,99 ;   7,542594 ;   44,00
1724,90 ; 299,95 ;   8,245928 ;   47,10
1726,90 ; 299,98 ;   8,241946 ;   47,95
1728,91 ; 300,02 ;   7,184667 ;   41,39
1730,91 ; 299,95 ;   7,185767 ;   41,79
1732,91 ; 300,03 ;   8,601763 ;   49,69
1734,91 ; 300,04 ;   6,488281 ;   37,67
1736,91 ; 300,06 ;   7,544264 ;   43,38
1738,91 ; 299,99 ;   7,364228 ;   42,09
1740,91 ; 300,05 ;   8,603176 ;   49,41
1742,91 ; 300,02 ;   6,832744 ;   39,25
1744,91 ; 300,06 ;   8,063252 ;   46,96
1746,92 ; 299,99 ;   7,026369 ;   40,35
1748,92 ; 300,03 ;   8,604489 ;   49,40
1750,92 ; 300,05 ;   7,207369 ;   41,10
1752,92 ; 299,98 ;   7,384982 ;   42,11
1754,92 ; 299,97 ;   8,599885 ;   49,43
1756,92 ; 299,97 ;   7,900771 ;   45,49
1758,92 ; 299,99 ;   7,707224 ;   44,34
1760,92 ; 300,10 ;   7,386704 ;   42,48
1762,92 ; 300,02 ;   6,146314 ;   35,50
1764,92 ; 299,89 ;   8,781193 ;   50,40
1766,93 ; 300,03 ;   9,459313 ;   54,01
1768,93 ; 300,02 ;   5,793912 ;   33,60
1770,93 ; 299,99 ;   7,883344 ;   45,22
1772,93 ; 300,05 ;   7,905922 ;   45,93
1774,93 ; 300,03 ;   6,846041 ;   39,23
1776,93 ; 300,08 ;   7,905805 ;   45,70
1778,93 ; 300,05 ;   7,025101 ;   40,24
1780,93 ; 300,06 ;   7,900992 ;   45,55
1782,93 ; 299,96 ;   7,564834 ;   43,19
1784,94 ; 300,02 ;   8,939457 ;   51,84
1786,94 ; 300,01 ;   7,029332 ;   40,00
1788,94 ; 299,95 ;   7,722951 ;   44,66
1790,94 ; 299,95 ;   8,601016 ;   49,06
1792,94 ; 299,97 ;   7,724419 ;   44,45
1794,94 ; 299,91 ;   7,368467 ;   42,59
1796,94 ; 299,95 ;   8,420704 ;   48,68
1798,94 ; 300,02 ;   7,364871 ;   42,16
1800,94 ; 299,95 ;   6,671662 ;   38,88
1802,95 ; 299,98 ;   8,595781 ;   49,66
1804,95 ; 299,96 ;   7,206180 ;   41,37
1806,95 ; 300,05 ;   8,061214 ;   46,12
1808,95 ; 299,96 ;   6,328547 ;   36,93
1810,95 ; 299,98 ;   8,960045 ;   51,30
1812,95 ; 300,09 ;   7,365256 ;   42,53
1814,95 ; 300,02 ;   6,333047 ;   36,18
1816,95 ; 299,98 ;   8,598738 ;   49,26
1818,95 ; 300,06 ;   8,084053 ;   46,55
1820,95 ; 300,02 ;   6,670394 ;   38,03
1822,96 ; 299,97 ;   8,243739 ;   47,52
1824,96 ; 299,97 ;   8,245638 ;   47,79
1826,96 ; 300,08 ;   7,724112 ;   44,34
1828,96 ; 300,05 ;   6,149210 ;   35,63
1830,96 ; 300,02 ;   7,902855 ;   45,56
1832,96 ; 300,05 ;   8,082907 ;   46,93
1834,96 ; 300,06 ;   7,030682 ;   40,94
1836,96 ; 300,05 ;   7,564861 ;   43,20
1838,96 ; 300,13 ;   7,721713 ;   44,39
1840,97 ; 300,05 ;   6,668011 ;   38,21
1842,97 ; 300,01 ;   8,439646 ;   48,98
1844,97 ; 299,99 ;   8,245555 ;   47,52
1846,97 ; 299,98 ;   7,908338 ;   45,30
1848,97 ; 299,90 ;   7,723472 ;   44,77
1850,97 ; 299,91 ;   8,941327 ;   51,04
1852,97 ; 299,98 ;   7,548659 ;   43,46
1854,97 ; 299,95 ;   6,848796 ;   39,03
1856,97 ; 299,98 ;   8,245656 ;   47,33
1858,97 ; 299,96 ;   7,190166 ;   41,34
1860,98 ; 299,96 ;   8,082025 ;   46,09
1862,98 ; 300,03 ;   7,723548 ;   44,37
1864,98 ; 300,06 ;   6,671588 ;   38,77
1866,98 ; 300,04 ;   7,191317 ;   41,47
1868,98 ; 299,95 ;   7,903695 ;   45,64
1870,98 ; 299,97 ;   8,940941 ;   51,37
1872,98 ; 299,98 ;   7,387570 ;   42,59
1874,98 ; 299,97 ;   7,543965 ;   43,08
1876,98 ; 299,96 ;   7,904952 ;   45,47
1878,99 ; 299,98 ;   7,723728 ;   44,95
1880,99 ; 299,98 ;   7,369288 ;   42,51
1882,99 ; 300,05 ;   7,724947 ;   44,24
1884,99 ; 299,99 ;   6,670298 ;   38,65
1886,99 ; 300,03 ;   8,423480 ;   48,80
1888,99 ; 299,98 ;   7,203914 ;   41,08
1890,99 ; 300,01 ;   8,242331 ;   47,69
1892,99 ; 300,06 ;   7,368396 ;   42,37
1894,99 ; 299,96 ;   6,849906 ;   39,75
1896,99 ; 300,08 ;   8,959681 ;   51,85
1899,00 ; 300,01 ;   6,150628 ;   35,04
1901,00 ; 300,02 ;   8,599652 ;   49,27
1903,00 ; 299,96 ;   7,543177 ;   43,46
1905,00 ; 299,96 ;   8,424775 ;   48,39
1907,00 ; 299,95 ;   7,723276 ;   44,36
1909,00 ; 299,90 ;   7,901482 ;   45,61
1911,00 ; 299,97 ;   8,422094 ;   48,19
1913,00 ; 299,99 ;   6,850090 ;   39,15
1915,00 ; 299,98 ;   7,386116 ;   42,47
1917,01 ; 300,08 ;   7,723163 ;   44,83
1919,01 ; 300,10 ;   6,310736 ;   36,79
1921,01 ; 300,01 ;   7,187122 ;   41,83
1923,01 ; 300,04 ;   8,940361 ;   51,01
1925,01 ; 300,09 ;   7,188029 ;   41,61
1927,01 ; 299,90 ;   7,028234 ;   40,18
1929,01 ; 300,02 ;   10,171269 ;   58,56
1931,01 ; 299,97 ;   6,151559 ;   35,40
1933,01 ; 300,03 ;   8,242214 ;   47,78
1935,02 ; 300,03 ;   6,845762 ;   39,35
1937,02 ; 299,99 ;   7,544969 ;   43,96
1939,02 ; 300,06 ;   8,260789 ;   47,06
1941,02 ; 300,03 ;   6,672113 ;   38,58
1943,02 ; 300,03 ;   8,065198 ;   46,25
1945,02 ; 299,99 ;   7,547032 ;   43,94
1947,02 ; 299,94 ;   8,243984 ;   47,05
1949,02 ; 299,96 ;   8,420491 ;   48,52
1951,02 ; 299,94 ;   7,364587 ;   42,63
1953,02 ; 299,92 ;   8,084414 ;   46,22
1955,03 ; 299,95 ;   7,886636 ;   45,74
1957,03 ; 299,96 ;   7,384004 ;   42,74
1959,03 ; 299,91 ;   7,547075 ;   43,23
1961,03 ; 299,97 ;   8,421445 ;   48,11
1963,03 ; 299,97 ;   7,009767 ;   40,31
1965,03 ; 300,02 ;   7,723715 ;   44,35
1967,03 ; 300,01 ;   7,028362 ;   40,62
1969,03 ; 299,97 ;   7,706915 ;   44,70
1971,03 ; 300,05 ;   8,261462 ;   47,24
1973,04 ; 299,97 ;   6,512971 ;   37,52
1975,04 ; 299,99 ;   8,783656 ;   50,69
1977,04 ; 299,96 ;   7,388098 ;   42,49
1979,04 ; 300,03 ;   8,065858 ;   46,71
1981,04 ; 299,98 ;   6,668764 ;   38,81
1983,04 ; 300,02 ;   8,245142 ;   47,72
1985,04 ; 299,97 ;   7,185682 ;   41,78
1987,04 ; 299,99 ;   8,244543 ;   47,81
1989,04 ; 299,98 ;   7,366620 ;   42,49
1991,04 ; 300,06 ;   7,727361 ;   44,85
1993,05 ; 300,03 ;   6,687586 ;   38,05
1995,05 ; 300,02 ;   8,067367 ;   46,30
1997,05 ; 300,03 ;   7,902947 ;   45,23
1999,05 ; 299,98 ;   7,370637 ;   42,83
2001,05 ; 300,08 ;   8,244851 ;   47,71
2003,05 ; 300,03 ;   6,311478 ;   36,80
2005,05 ; 299,98 ;   8,244645 ;   47,44
2007,05 ; 299,97 ;   8,243955 ;   47,70
2009,05 ; 299,98 ;   7,902326 ;   45,49
2011,06 ; 300,01 ;   7,548344 ;   43,10
2013,06 ; 299,99 ;   7,388101 ;   42,39
2015,06 ; 300,08 ;   7,901818 ;   45,36
2017,06 ; 299,97 ;   6,512712 ;   37,37
2019,06 ; 299,98 ;   9,122765 ;   52,41
2021,06 ; 299,97 ;   7,548444 ;   43,09
2023,06 ; 300,01 ;   7,900785 ;   45,49
2025,06 ; 300,01 ;   7,208109 ;   41,23
2027,06 ; 299,94 ;   7,727423 ;   44,12
2029,06 ; 299,95 ;   8,599034 ;   49,71
2031,07 ; 299,94 ;   7,564322 ;   43,91
2033,07 ; 300,02 ;   7,885570 ;   45,11
2035,07 ; 299,91 ;   6,671144 ;   38,33
