Tempo total (s) ;Temperatura (ºC) ; Potencia atual (W) ; Saida
P:   5.68 I: 104.06 D:  26.00 Tensão:6.636 V Temperatura ambiente:     21.45ºC
2,00 ; 299,96 ;   7,527669 ;   43,64
4,00 ; 300,02 ;   7,862045 ;   45,99
6,00 ; 299,96 ;   7,170925 ;   41,07
8,00 ; 299,98 ;   8,560347 ;   49,46
10,00 ; 300,06 ;   7,514453 ;   43,56
12,01 ; 299,96 ;   6,818778 ;   39,07
14,01 ; 299,94 ;   9,075055 ;   52,91
16,01 ; 299,95 ;   8,202508 ;   47,29
18,01 ; 299,99 ;   7,689293 ;   44,94
20,01 ; 300,14 ;   7,155806 ;   41,80
22,01 ; 299,94 ;   5,784219 ;   33,44
24,01 ; 299,97 ;   10,481854 ;   60,55
26,01 ; 299,92 ;   7,508918 ;   43,08
28,01 ; 300,02 ;   8,563477 ;   49,12
30,02 ; 299,98 ;   6,636562 ;   38,20
32,02 ; 300,02 ;   8,222203 ;   47,61
34,02 ; 299,97 ;   7,332879 ;   42,82
36,02 ; 300,03 ;   8,379307 ;   48,85
38,02 ; 300,04 ;   6,994831 ;   40,42
40,02 ; 300,12 ;   7,688340 ;   44,41
42,02 ; 300,02 ;   6,656570 ;   38,76
44,02 ; 299,98 ;   9,076835 ;   52,60
46,02 ; 299,91 ;   8,226083 ;   47,59
48,03 ; 300,05 ;   8,740320 ;   50,88
50,03 ; 299,99 ;   5,942898 ;   34,50
52,03 ; 300,05 ;   8,555377 ;   49,85
54,03 ; 299,94 ;   6,994597 ;   40,27
56,03 ; 300,02 ;   9,430271 ;   54,20
58,03 ; 299,99 ;   6,815448 ;   39,34
60,03 ; 300,03 ;   8,041034 ;   46,97
62,03 ; 300,02 ;   7,349346 ;   42,14
64,03 ; 300,02 ;   8,045003 ;   46,26
66,03 ; 299,98 ;   7,848007 ;   45,10
68,04 ; 299,91 ;   8,223464 ;   47,59
70,04 ; 299,97 ;   8,740200 ;   50,88
72,04 ; 299,99 ;   7,154280 ;   41,35
74,04 ; 299,97 ;   7,528802 ;   43,52
76,04 ; 299,97 ;   8,204219 ;   47,12
78,04 ; 300,01 ;   7,840653 ;   45,39
80,04 ; 300,01 ;   7,345348 ;   42,29
82,04 ; 300,01 ;   7,844933 ;   45,17
84,04 ; 300,06 ;   7,859251 ;   45,17
86,05 ; 300,01 ;   6,969397 ;   40,81
88,05 ; 300,05 ;   8,546380 ;   49,20
90,05 ; 300,04 ;   7,156557 ;   41,43
92,05 ; 299,91 ;   8,012397 ;   46,13
94,05 ; 300,02 ;   9,415765 ;   54,92
96,05 ; 300,08 ;   6,468805 ;   37,62
98,05 ; 299,99 ;   6,981328 ;   40,14
100,05 ; 300,04 ;   8,887583 ;   51,58
102,05 ; 300,02 ;   7,141167 ;   41,51
104,05 ; 299,92 ;   8,015551 ;   46,83
106,06 ; 299,97 ;   9,063057 ;   52,56
108,06 ; 299,97 ;   7,144479 ;   41,92
110,06 ; 300,03 ;   7,859282 ;   45,38
112,06 ; 300,04 ;   6,968719 ;   40,41
114,06 ; 299,96 ;   7,658016 ;   44,40
116,06 ; 300,01 ;   8,904482 ;   51,19
118,06 ; 300,06 ;   7,164172 ;   41,70
120,06 ; 299,88 ;   6,982822 ;   40,80
122,06 ; 299,99 ;   10,285655 ;   59,75
124,07 ; 300,03 ;   6,292784 ;   36,60
126,07 ; 299,99 ;   7,320995 ;   42,14
128,07 ; 300,01 ;   8,369337 ;   48,13
130,07 ; 299,99 ;   7,676002 ;   44,01
132,07 ; 300,03 ;   8,016406 ;   46,40
134,07 ; 300,03 ;   7,321477 ;   42,14
136,07 ; 299,99 ;   7,858115 ;   45,02
138,07 ; 300,01 ;   8,370089 ;   48,13
140,07 ; 300,03 ;   7,674049 ;   44,00
142,07 ; 300,04 ;   7,501284 ;   43,29
144,08 ; 299,99 ;   7,680072 ;   44,39
146,08 ; 300,01 ;   8,372459 ;   48,69
148,08 ; 300,03 ;   7,501424 ;   43,99
150,08 ; 300,03 ;   7,499241 ;   43,28
152,08 ; 300,03 ;   7,858125 ;   45,01
154,08 ; 299,96 ;   7,852497 ;   45,00
156,08 ; 299,98 ;   8,708867 ;   50,59
158,08 ; 299,97 ;   7,499455 ;   43,54
160,08 ; 299,99 ;   8,013600 ;   46,52
162,09 ; 299,99 ;   7,495343 ;   43,50
164,09 ; 299,97 ;   7,857818 ;   45,24
166,09 ; 299,99 ;   8,193696 ;   47,10
168,09 ; 299,94 ;   7,497717 ;   43,51
170,09 ; 300,02 ;   8,549935 ;   49,59
172,09 ; 300,02 ;   6,790418 ;   39,35
174,09 ; 300,04 ;   7,836574 ;   45,11
176,09 ; 300,03 ;   7,501959 ;   43,24
178,09 ; 299,99 ;   7,859854 ;   45,59
180,09 ; 300,04 ;   8,370275 ;   48,12
182,10 ; 300,01 ;   7,143562 ;   41,51
184,10 ; 300,09 ;   8,193928 ;   47,45
186,10 ; 299,99 ;   6,630441 ;   38,92
188,10 ; 299,97 ;   9,067487 ;   52,14
190,10 ; 299,97 ;   8,194302 ;   47,09
192,10 ; 300,02 ;   7,851431 ;   45,36
194,10 ; 300,01 ;   7,141646 ;   41,64
196,10 ; 300,01 ;   7,858790 ;   45,71
198,10 ; 300,02 ;   7,852072 ;   45,14
200,11 ; 299,97 ;   7,660598 ;   44,51
202,11 ; 300,02 ;   8,374420 ;   48,82
204,11 ; 300,05 ;   7,143822 ;   41,63
206,11 ; 300,06 ;   7,143776 ;   41,98
208,11 ; 300,08 ;   7,679148 ;   44,24
210,11 ; 300,03 ;   7,500955 ;   43,56
212,11 ; 300,05 ;   8,374516 ;   48,44
214,11 ; 300,06 ;   7,500605 ;   43,11
216,11 ; 299,99 ;   7,684213 ;   44,21
218,11 ; 299,94 ;   8,706461 ;   50,38
220,12 ; 299,94 ;   8,549689 ;   49,54
222,12 ; 299,97 ;   7,853538 ;   45,51
224,12 ; 299,97 ;   7,501859 ;   43,03
226,12 ; 299,99 ;   7,856320 ;   45,34
228,12 ; 300,14 ;   7,501341 ;   43,48
230,12 ; 299,99 ;   5,759536 ;   33,39
232,12 ; 300,03 ;   9,755190 ;   56,15
234,12 ; 299,96 ;   7,321822 ;   42,09
236,12 ; 299,95 ;   8,733937 ;   50,56
238,13 ; 299,97 ;   8,013922 ;   46,62
240,13 ; 299,98 ;   7,500575 ;   43,61
242,13 ; 299,98 ;   7,679714 ;   44,10
244,13 ; 299,95 ;   7,857829 ;   45,25
246,13 ; 299,94 ;   8,370921 ;   48,36
248,13 ; 299,95 ;   8,036610 ;   46,11
250,13 ; 299,97 ;   7,662193 ;   44,92
252,13 ; 300,06 ;   7,496402 ;   43,64
254,13 ; 299,94 ;   6,467208 ;   37,91
256,14 ; 300,02 ;   9,415107 ;   54,76
258,14 ; 300,04 ;   6,804175 ;   39,33
260,14 ; 300,08 ;   7,515363 ;   43,23
262,14 ; 300,02 ;   7,138287 ;   41,85
264,14 ; 299,99 ;   8,530046 ;   49,70
266,14 ; 300,03 ;   8,009894 ;   46,95
268,14 ; 299,98 ;   7,320357 ;   42,11
270,14 ; 300,01 ;   8,364081 ;   48,72
272,14 ; 300,01 ;   7,496207 ;   43,40
274,14 ; 299,95 ;   7,856159 ;   45,12
276,15 ; 300,02 ;   8,704753 ;   50,10
278,15 ; 300,08 ;   6,802639 ;   39,89
280,15 ; 299,95 ;   6,985767 ;   40,11
282,15 ; 299,96 ;   9,596208 ;   55,28
284,15 ; 299,97 ;   7,674646 ;   44,24
286,15 ; 300,01 ;   7,674749 ;   44,78
288,15 ; 300,03 ;   7,319159 ;   42,25
290,15 ; 299,99 ;   7,496798 ;   43,27
292,15 ; 299,99 ;   8,383421 ;   48,10
294,16 ; 299,95 ;   7,855228 ;   45,22
296,16 ; 299,90 ;   8,367817 ;   48,95
298,16 ; 299,96 ;   8,531335 ;   49,23
300,16 ; 299,97 ;   6,979370 ;   40,81
302,16 ; 299,98 ;   7,678616 ;   44,80
304,16 ; 300,02 ;   7,674711 ;   44,14
306,16 ; 300,01 ;   7,317957 ;   42,81
308,16 ; 300,06 ;   7,854891 ;   45,73
310,16 ; 300,02 ;   6,980815 ;   40,80
312,16 ; 299,94 ;   8,371394 ;   48,56
314,17 ; 300,03 ;   8,883998 ;   51,32
316,17 ; 299,97 ;   6,631717 ;   38,10
318,17 ; 299,98 ;   8,545373 ;   49,99
320,17 ; 300,03 ;   7,675376 ;   44,14
322,17 ; 299,97 ;   7,165088 ;   41,56
324,17 ; 300,02 ;   8,545636 ;   49,99
326,17 ; 299,97 ;   7,161718 ;   41,65
328,17 ; 299,95 ;   8,374078 ;   48,84
330,17 ; 300,02 ;   8,191993 ;   47,25
332,18 ; 299,98 ;   6,788819 ;   39,93
334,18 ; 299,97 ;   8,190998 ;   47,60
336,18 ; 299,98 ;   8,013185 ;   46,54
338,18 ; 300,04 ;   7,676526 ;   44,15
340,18 ; 299,98 ;   6,981815 ;   40,95
342,18 ; 300,02 ;   8,547468 ;   49,33
344,18 ; 299,95 ;   7,340584 ;   42,81
346,18 ; 299,95 ;   8,705868 ;   50,71
348,18 ; 299,94 ;   7,833817 ;   45,53
350,19 ; 299,99 ;   8,031619 ;   46,16
352,19 ; 300,03 ;   7,141800 ;   41,24
354,19 ; 299,95 ;   7,339055 ;   42,17
356,19 ; 299,91 ;   8,882911 ;   51,88
358,19 ; 299,94 ;   8,372068 ;   48,03
360,19 ; 300,01 ;   7,495527 ;   43,87
362,19 ; 299,96 ;   6,985683 ;   40,01
364,19 ; 300,05 ;   8,372288 ;   48,93
366,19 ; 300,04 ;   6,627973 ;   38,01
368,19 ; 299,95 ;   8,017296 ;   46,17
370,20 ; 300,01 ;   9,062140 ;   52,48
372,20 ; 300,02 ;   6,985912 ;   40,59
374,20 ; 299,95 ;   7,681655 ;   44,58
376,20 ; 299,99 ;   8,724638 ;   50,75
378,20 ; 299,97 ;   7,159575 ;   41,83
380,20 ; 299,97 ;   8,189656 ;   47,16
382,20 ; 300,06 ;   7,832093 ;   45,43
384,20 ; 299,98 ;   6,468574 ;   37,98
386,20 ; 300,05 ;   8,904438 ;   51,11
388,21 ; 300,03 ;   6,804984 ;   39,75
390,21 ; 300,01 ;   8,035385 ;   46,79
392,21 ; 300,04 ;   8,013279 ;   46,93
394,21 ; 299,99 ;   7,319122 ;   42,71
396,21 ; 300,03 ;   8,370226 ;   48,74
398,21 ; 299,91 ;   7,318569 ;   42,17
400,21 ; 300,02 ;   9,417268 ;   54,38
402,21 ; 300,03 ;   6,451702 ;   37,66
404,21 ; 299,99 ;   7,498211 ;   43,91
406,21 ; 300,01 ;   8,364445 ;   48,17
408,22 ; 299,95 ;   7,675123 ;   44,04
410,22 ; 299,94 ;   8,705583 ;   50,17
412,22 ; 299,99 ;   8,012742 ;   46,18
414,22 ; 300,04 ;   7,158776 ;   41,26
416,22 ; 300,01 ;   7,142070 ;   41,57
418,22 ; 299,99 ;   8,208689 ;   47,51
420,22 ; 300,01 ;   8,032540 ;   46,45
422,22 ; 300,06 ;   7,672951 ;   44,05
424,22 ; 299,98 ;   6,982808 ;   40,85
426,23 ; 299,98 ;   8,903798 ;   51,10
428,23 ; 299,97 ;   7,855723 ;   45,33
430,23 ; 300,01 ;   8,015895 ;   46,58
432,23 ; 299,97 ;   7,318310 ;   42,32
434,23 ; 300,03 ;   8,372586 ;   48,31
436,23 ; 300,02 ;   6,981373 ;   40,46
438,23 ; 300,06 ;   8,015690 ;   46,31
440,23 ; 299,99 ;   7,161973 ;   41,42
442,23 ; 299,98 ;   8,725581 ;   50,47
444,23 ; 300,04 ;   7,856859 ;   45,91
446,24 ; 299,97 ;   6,983205 ;   40,98
448,24 ; 300,02 ;   8,719326 ;   50,61
450,24 ; 299,97 ;   7,161633 ;   41,69
452,24 ; 299,97 ;   8,368312 ;   48,88
454,24 ; 299,98 ;   7,834989 ;   45,42
456,24 ; 299,98 ;   7,679116 ;   44,18
458,24 ; 300,04 ;   7,854169 ;   45,34
460,24 ; 300,01 ;   6,968156 ;   40,99
462,24 ; 300,03 ;   8,195188 ;   47,50
464,25 ; 299,94 ;   7,498261 ;   43,33
466,25 ; 300,02 ;   9,059718 ;   52,52
468,25 ; 300,03 ;   6,788833 ;   39,39
470,25 ; 300,09 ;   7,498161 ;   43,91
472,25 ; 300,08 ;   6,982727 ;   40,71
474,25 ; 300,04 ;   7,851214 ;   45,36
476,25 ; 299,96 ;   8,211890 ;   47,88
478,25 ; 299,55 ;   8,906591 ;   51,21
480,25 ; 297,84 ;   13,589664 ;   78,42
482,26 ; 295,50 ;   21,515509 ;  125,00
484,26 ; 293,16 ;   21,565288 ;  125,00
486,26 ; 290,96 ;   21,558385 ;  125,00
488,26 ; 289,07 ;   21,552902 ;  125,00
490,26 ; 287,61 ;   21,549918 ;  125,00
492,26 ; 286,34 ;   21,544204 ;  125,00
494,26 ; 285,39 ;   21,542371 ;  125,00
496,26 ; 284,70 ;   21,536292 ;  125,00
498,27 ; 284,18 ;   21,532523 ;  125,00
500,27 ; 283,85 ;   21,530086 ;  125,00
502,27 ; 283,75 ;   20,381222 ;  117,69
504,27 ; 283,91 ;   17,889640 ;  103,34
506,27 ; 284,16 ;   14,764724 ;   85,18
508,27 ; 284,42 ;   13,387692 ;   77,96
510,27 ; 284,87 ;   13,545761 ;   78,17
512,27 ; 285,44 ;   10,957791 ;   63,47
514,27 ; 286,09 ;   9,060985 ;   52,62
516,28 ; 286,72 ;   7,643824 ;   44,67
518,28 ; 287,29 ;   7,483903 ;   43,68
520,28 ; 287,95 ;   7,998975 ;   46,46
522,28 ; 288,45 ;   6,460074 ;   37,06
524,28 ; 289,05 ;   8,200756 ;   47,59
526,28 ; 289,59 ;   6,618601 ;   38,50
528,28 ; 290,09 ;   6,972733 ;   40,63
530,28 ; 290,58 ;   7,134872 ;   41,11
532,29 ; 291,12 ;   7,135648 ;   41,10
534,29 ; 291,41 ;   5,931963 ;   34,99
536,29 ; 291,80 ;   9,054762 ;   52,13
538,29 ; 292,09 ;   7,670819 ;   44,50
540,29 ; 292,51 ;   8,702296 ;   50,02
542,29 ; 292,77 ;   6,798952 ;   39,84
544,29 ; 293,05 ;   8,720853 ;   50,70
546,29 ; 293,26 ;   8,187717 ;   47,50
548,29 ; 293,47 ;   9,233001 ;   53,43
550,30 ; 293,63 ;   9,077102 ;   52,38
552,30 ; 293,79 ;   9,589682 ;   55,58
554,30 ; 293,95 ;   9,571259 ;   55,96
556,30 ; 294,16 ;   9,570437 ;   55,73
558,30 ; 294,35 ;   8,881842 ;   51,14
560,30 ; 294,55 ;   8,900819 ;   51,80
562,30 ; 294,70 ;   8,897754 ;   51,28
564,30 ; 294,84 ;   9,235387 ;   53,86
566,30 ; 295,06 ;   9,409569 ;   54,78
568,31 ; 295,23 ;   8,365336 ;   48,31
570,31 ; 295,48 ;   8,879786 ;   51,94
572,31 ; 295,70 ;   7,670758 ;   44,65
574,31 ; 295,80 ;   7,829961 ;   45,58
576,31 ; 295,94 ;   9,595374 ;   55,31
578,31 ; 296,02 ;   8,896748 ;   51,49
580,31 ; 296,10 ;   9,592258 ;   55,47
582,31 ; 296,48 ;   9,769385 ;   56,03
584,31 ; 296,52 ;   5,418106 ;   31,74
586,32 ; 296,58 ;   9,930974 ;   57,28
588,32 ; 296,85 ;   9,749665 ;   56,19
590,32 ; 296,91 ;   6,645316 ;   38,84
592,32 ; 297,09 ;   9,416269 ;   54,38
594,32 ; 297,28 ;   7,850292 ;   45,66
596,32 ; 297,38 ;   7,497621 ;   43,12
598,32 ; 297,46 ;   8,706137 ;   50,36
600,32 ; 297,65 ;   8,718732 ;   50,73
602,33 ; 297,79 ;   7,319640 ;   42,43
604,33 ; 297,90 ;   7,832749 ;   45,33
606,33 ; 298,02 ;   8,209495 ;   47,24
608,33 ; 298,13 ;   8,032924 ;   46,22
610,33 ; 298,17 ;   7,834259 ;   45,76
612,33 ; 298,31 ;   8,901484 ;   51,50
614,33 ; 298,32 ;   7,499285 ;   43,39
616,33 ; 298,49 ;   9,242721 ;   53,33
618,33 ; 298,57 ;   6,982506 ;   40,41
620,33 ; 298,66 ;   8,192448 ;   47,04
622,34 ; 298,70 ;   8,012875 ;   46,13
624,34 ; 298,80 ;   8,366756 ;   48,88
626,34 ; 298,93 ;   7,835387 ;   45,02
628,34 ; 298,95 ;   7,160122 ;   41,50
630,34 ; 299,01 ;   8,542439 ;   49,56
632,34 ; 299,03 ;   8,194049 ;   47,05
634,34 ; 299,20 ;   8,543980 ;   49,32
636,34 ; 299,13 ;   6,452743 ;   37,49
638,35 ; 299,19 ;   9,595338 ;   55,85
640,35 ; 299,25 ;   8,029990 ;   46,40
642,35 ; 299,33 ;   7,855746 ;   45,55
644,35 ; 299,34 ;   7,673125 ;   44,03
646,35 ; 299,35 ;   8,365672 ;   48,63
648,35 ; 299,41 ;   8,546443 ;   49,23
650,35 ; 299,53 ;   7,673592 ;   44,90
652,35 ; 299,50 ;   6,965950 ;   40,25
654,35 ; 299,53 ;   8,884289 ;   51,44
656,35 ; 299,59 ;   8,032128 ;   46,70
658,36 ; 299,66 ;   7,657094 ;   44,08
660,36 ; 299,72 ;   7,496397 ;   43,14
662,36 ; 299,73 ;   7,672860 ;   44,02
664,36 ; 299,71 ;   8,010614 ;   46,84
666,36 ; 299,83 ;   8,543361 ;   49,89
668,36 ; 299,80 ;   6,627715 ;   38,86
670,36 ; 299,80 ;   8,543616 ;   49,39
672,36 ; 299,94 ;   8,207669 ;   47,69
674,36 ; 299,87 ;   6,466290 ;   37,14
676,37 ; 299,89 ;   9,060436 ;   52,54
678,37 ; 299,92 ;   7,831640 ;   45,50
680,37 ; 300,01 ;   7,674808 ;   44,76
682,37 ; 300,02 ;   6,981786 ;   40,23
684,37 ; 300,04 ;   7,855161 ;   45,95
686,37 ; 300,06 ;   7,672893 ;   44,66
688,37 ; 300,08 ;   7,657739 ;   44,52
690,37 ; 299,97 ;   7,673705 ;   45,00
692,37 ; 300,03 ;   9,415517 ;   54,85
694,38 ; 300,13 ;   7,160677 ;   41,81
696,38 ; 300,13 ;   6,627116 ;   38,95
698,38 ; 300,05 ;   7,831922 ;   45,86
700,38 ; 300,13 ;   8,900189 ;   51,44
702,38 ; 300,17 ;   6,983966 ;   40,65
704,38 ; 300,12 ;   7,338268 ;   42,10
706,38 ; 300,14 ;   8,541346 ;   49,89
708,38 ; 300,20 ;   7,496282 ;   43,97
710,38 ; 300,15 ;   6,984789 ;   40,71
712,38 ; 300,10 ;   8,546994 ;   49,66
714,39 ; 300,20 ;   8,528794 ;   49,34
716,39 ; 300,18 ;   6,448964 ;   37,78
718,39 ; 300,17 ;   8,190458 ;   47,12
720,39 ; 300,17 ;   7,831004 ;   45,99
722,39 ; 300,17 ;   7,853476 ;   45,40
724,39 ; 300,12 ;   7,850145 ;   45,38
726,39 ; 300,17 ;   8,524469 ;   49,71
728,39 ; 300,18 ;   7,159308 ;   41,31
730,39 ; 300,18 ;   7,673762 ;   44,71
732,40 ; 300,23 ;   7,849901 ;   45,26
734,40 ; 300,23 ;   6,980070 ;   40,89
736,40 ; 300,20 ;   7,673788 ;   44,90
738,40 ; 300,18 ;   8,193198 ;   47,98
740,40 ; 300,14 ;   8,027060 ;   46,32
742,40 ; 300,18 ;   8,382446 ;   48,26
744,40 ; 300,17 ;   7,320016 ;   42,25
746,40 ; 300,16 ;   7,837615 ;   45,74
748,40 ; 300,18 ;   7,850352 ;   45,76
750,41 ; 300,22 ;   7,498006 ;   43,93
752,41 ; 300,20 ;   7,139916 ;   41,95
754,41 ; 300,17 ;   8,032442 ;   46,68
756,41 ; 300,22 ;   8,012510 ;   46,79
758,41 ; 300,20 ;   7,141976 ;   41,31
760,41 ; 300,20 ;   7,834371 ;   45,99
762,41 ; 300,20 ;   7,678283 ;   44,81
764,41 ; 300,20 ;   7,675724 ;   44,79
766,41 ; 300,26 ;   7,674468 ;   44,77
768,42 ; 300,29 ;   6,963335 ;   40,40
770,42 ; 300,24 ;   7,140459 ;   41,92
772,42 ; 300,24 ;   8,207257 ;   47,92
774,42 ; 300,13 ;   7,673937 ;   44,44
776,42 ; 300,22 ;   9,240547 ;   53,74
778,42 ; 300,20 ;   6,466553 ;   37,61
780,42 ; 300,15 ;   8,029497 ;   46,37
782,42 ; 300,17 ;   8,352404 ;   48,35
784,42 ; 300,15 ;   7,493995 ;   43,01
786,43 ; 300,15 ;   8,030758 ;   46,59
788,43 ; 300,10 ;   7,657961 ;   44,84
790,43 ; 300,08 ;   8,372172 ;   48,56
792,43 ; 300,22 ;   8,007200 ;   46,95
794,43 ; 300,17 ;   5,934613 ;   34,02
796,43 ; 300,16 ;   8,367811 ;   48,11
798,43 ; 300,10 ;   7,831793 ;   45,25
800,43 ; 300,17 ;   8,545353 ;   49,63
802,43 ; 300,18 ;   6,801769 ;   39,41
804,44 ; 300,20 ;   7,493905 ;   43,96
806,44 ; 300,20 ;   7,496342 ;   43,27
808,44 ; 300,15 ;   7,675204 ;   44,40
810,44 ; 300,23 ;   8,370935 ;   48,11
812,44 ; 300,23 ;   6,448466 ;   37,80
814,44 ; 300,30 ;   7,654535 ;   44,11
816,44 ; 300,16 ;   6,624266 ;   38,49
818,44 ; 300,20 ;   9,417282 ;   54,84
820,44 ; 300,17 ;   7,159796 ;   41,96
822,44 ; 300,26 ;   8,011478 ;   46,11
824,45 ; 300,15 ;   6,450645 ;   37,52
826,45 ; 300,15 ;   9,057686 ;   52,54
828,45 ; 300,14 ;   7,674604 ;   44,45
830,45 ; 300,20 ;   7,853230 ;   45,06
832,45 ; 300,17 ;   6,961051 ;   40,11
834,45 ; 300,08 ;   7,831523 ;   45,99
836,45 ; 300,13 ;   8,900687 ;   51,70
838,45 ; 300,22 ;   7,161071 ;   41,05
840,45 ; 300,15 ;   6,447916 ;   37,03
842,46 ; 300,16 ;   8,526703 ;   49,52
844,46 ; 300,18 ;   7,493966 ;   43,07
846,46 ; 300,12 ;   7,335684 ;   42,96
848,46 ; 300,17 ;   8,524176 ;   49,07
850,46 ; 300,16 ;   6,981079 ;   40,10
852,46 ; 300,17 ;   7,673298 ;   44,73
854,46 ; 300,15 ;   7,496677 ;   43,52
856,46 ; 300,14 ;   7,855374 ;   45,94
858,46 ; 300,16 ;   7,672027 ;   44,82
860,47 ; 300,15 ;   7,315787 ;   42,36
862,47 ; 300,14 ;   7,852332 ;   45,31
864,47 ; 300,05 ;   7,673998 ;   44,77
866,47 ; 300,13 ;   8,880005 ;   51,01
868,47 ; 300,12 ;   6,805104 ;   39,07
870,47 ; 300,08 ;   7,672783 ;   44,87
872,47 ; 300,17 ;   8,188427 ;   47,39
874,47 ; 300,17 ;   6,446517 ;   37,03
876,47 ; 300,01 ;   7,496622 ;   43,93
878,47 ; 300,04 ;   9,748564 ;   56,97
880,48 ; 300,17 ;   7,323002 ;   42,38
882,48 ; 300,10 ;   5,933675 ;   34,11
884,48 ; 300,05 ;   8,541860 ;   49,49
886,48 ; 300,12 ;   8,367372 ;   48,02
888,48 ; 300,05 ;   6,801398 ;   39,58
890,48 ; 300,05 ;   8,544997 ;   49,15
892,48 ; 300,05 ;   7,671926 ;   44,53
894,48 ; 300,05 ;   7,656839 ;   44,53
896,48 ; 300,08 ;   7,675652 ;   44,52
898,49 ; 300,08 ;   7,317727 ;   42,65
900,49 ; 300,02 ;   7,670982 ;   44,37
902,49 ; 300,02 ;   8,544391 ;   49,34
904,49 ; 300,12 ;   7,674185 ;   44,72
906,49 ; 300,04 ;   6,267254 ;   36,64
908,49 ; 300,14 ;   8,714041 ;   50,34
910,49 ; 300,04 ;   6,285319 ;   36,49
912,49 ; 300,10 ;   9,075221 ;   52,05
914,49 ; 300,09 ;   6,799775 ;   39,57
916,49 ; 300,10 ;   7,849461 ;   45,42
918,50 ; 300,09 ;   7,489273 ;   43,01
920,50 ; 300,03 ;   7,852550 ;   45,40
922,50 ; 300,03 ;   8,363867 ;   48,59
924,50 ; 300,05 ;   7,668563 ;   44,55
926,50 ; 300,09 ;   7,333211 ;   42,68
928,50 ; 299,98 ;   7,157892 ;   41,92
930,50 ; 300,01 ;   9,053043 ;   52,30
932,50 ; 300,08 ;   7,314604 ;   42,94
934,50 ; 300,04 ;   6,803322 ;   39,07
936,51 ; 300,04 ;   8,186676 ;   47,36
938,51 ; 300,08 ;   7,651187 ;   44,47
940,51 ; 300,08 ;   7,135377 ;   41,36
942,51 ; 300,08 ;   7,671492 ;   44,23
944,51 ; 300,04 ;   7,668862 ;   44,23
946,51 ; 300,06 ;   8,202049 ;   47,33
948,51 ; 300,09 ;   7,335075 ;   42,57
950,51 ; 300,13 ;   7,312742 ;   42,43
952,51 ; 300,08 ;   7,154446 ;   41,04
954,52 ; 300,13 ;   8,201825 ;   47,65
956,52 ; 300,09 ;   6,977877 ;   40,44
958,52 ; 300,04 ;   8,011519 ;   47,00
960,52 ; 300,02 ;   8,186648 ;   47,84
962,52 ; 300,06 ;   8,008832 ;   46,24
964,52 ; 300,08 ;   6,978280 ;   40,78
966,52 ; 300,12 ;   7,312186 ;   42,99
968,52 ; 300,05 ;   7,134212 ;   41,02
970,52 ; 300,05 ;   8,378352 ;   48,87
972,52 ; 299,99 ;   7,674411 ;   44,25
974,53 ; 300,06 ;   8,540209 ;   49,22
976,53 ; 299,95 ;   6,798183 ;   39,01
978,53 ; 300,01 ;   9,232922 ;   53,52
980,53 ; 300,02 ;   6,798401 ;   39,90
982,53 ; 300,06 ;   7,493273 ;   43,89
984,53 ; 299,97 ;   6,978038 ;   40,73
986,53 ; 300,02 ;   8,896140 ;   51,65
988,53 ; 300,04 ;   7,157614 ;   41,00
990,53 ; 300,01 ;   7,313299 ;   42,59
992,54 ; 300,01 ;   8,025509 ;   46,81
994,54 ; 300,03 ;   7,667757 ;   44,50
996,54 ; 299,98 ;   7,315726 ;   42,63
998,54 ; 300,02 ;   8,362667 ;   48,09
1000,54 ; 299,97 ;   7,318243 ;   42,15
1002,54 ; 299,99 ;   8,361787 ;   48,18
1004,54 ; 300,04 ;   7,316055 ;   42,86
1006,54 ; 300,06 ;   6,979520 ;   40,86
1008,54 ; 300,03 ;   7,315128 ;   42,45
1010,55 ; 299,95 ;   8,026456 ;   46,66
1012,55 ; 299,98 ;   8,877135 ;   51,19
1014,55 ; 300,06 ;   7,138427 ;   41,74
1016,55 ; 300,04 ;   6,641796 ;   38,41
1018,55 ; 300,01 ;   8,021460 ;   46,04
1020,55 ; 300,06 ;   8,010299 ;   46,79
1022,55 ; 299,97 ;   6,960166 ;   40,13
1024,55 ; 299,99 ;   8,876325 ;   51,62
1026,55 ; 299,96 ;   7,313396 ;   42,84
1028,56 ; 300,01 ;   8,200873 ;   47,06
1030,56 ; 300,01 ;   7,154711 ;   41,02
1032,56 ; 299,94 ;   7,670789 ;   44,48
1034,56 ; 300,04 ;   8,717458 ;   50,08
1036,56 ; 300,01 ;   6,286324 ;   36,81
1038,56 ; 300,06 ;   8,010925 ;   46,79
1040,56 ; 299,94 ;   6,976776 ;   40,13
1042,56 ; 299,91 ;   9,408200 ;   54,10
1044,56 ; 299,94 ;   8,020950 ;   46,76
1046,56 ; 299,90 ;   7,509710 ;   43,17
1048,57 ; 300,14 ;   8,360918 ;   48,02
1050,57 ; 300,06 ;   4,366781 ;   25,87
1052,57 ; 300,04 ;   8,538322 ;   49,94
1054,57 ; 300,05 ;   8,008164 ;   46,04
1056,57 ; 299,96 ;   7,494813 ;   43,06
1058,57 ; 299,95 ;   8,892332 ;   51,67
1060,57 ; 300,04 ;   7,828304 ;   46,00
1062,57 ; 300,09 ;   6,462295 ;   37,39
1064,57 ; 300,04 ;   6,979504 ;   40,57
1066,58 ; 300,05 ;   8,201961 ;   47,75
1068,58 ; 300,10 ;   7,493993 ;   43,05
1070,58 ; 300,02 ;   6,960717 ;   40,46
1072,58 ; 300,08 ;   8,700822 ;   50,75
1074,58 ; 299,96 ;   6,799124 ;   39,43
1076,58 ; 299,98 ;   9,231830 ;   53,36
1078,58 ; 300,02 ;   7,335963 ;   42,85
1080,58 ; 299,98 ;   7,313374 ;   42,10
1082,58 ; 299,99 ;   8,028064 ;   46,89
1084,58 ; 300,02 ;   7,493998 ;   43,96
