Tempo total (s) ;Temperatura (ºC) ; Potencia atual (W) ; Saida
P:   5.68 I: 104.06 D:  26.00 Tensão:6.66 V Temperatura ambiente:     21.97ºC
2,00 ; 300,02 ;   7,537622 ;   43,43
4,00 ; 300,08 ;   7,719479 ;   44,54
6,00 ; 300,02 ;   7,025729 ;   40,14
8,00 ; 300,02 ;   8,599485 ;   49,72
10,01 ; 299,98 ;   7,878493 ;   45,11
12,01 ; 300,05 ;   8,238597 ;   47,59
14,01 ; 300,02 ;   6,846508 ;   39,69
16,01 ; 299,99 ;   8,240523 ;   47,98
18,01 ; 300,09 ;   8,080439 ;   46,96
20,01 ; 300,05 ;   6,485788 ;   37,77
22,01 ; 299,99 ;   8,237549 ;   47,17
24,01 ; 299,96 ;   8,590453 ;   49,83
26,01 ; 299,96 ;   8,258043 ;   47,71
28,02 ; 299,95 ;   7,904065 ;   45,41
30,02 ; 300,01 ;   8,057489 ;   46,65
32,02 ; 299,98 ;   7,026833 ;   40,53
34,02 ; 300,04 ;   8,238436 ;   47,01
36,02 ; 299,97 ;   7,025024 ;   40,93
38,02 ; 300,03 ;   8,773336 ;   50,56
40,02 ; 300,05 ;   7,024029 ;   40,40
42,02 ; 300,02 ;   7,541440 ;   43,14
44,02 ; 300,03 ;   8,257259 ;   47,97
46,03 ; 300,01 ;   7,542523 ;   43,84
48,03 ; 300,04 ;   8,079265 ;   46,86
50,03 ; 299,96 ;   7,365313 ;   42,64
52,03 ; 300,08 ;   8,933900 ;   51,16
54,03 ; 300,01 ;   6,306556 ;   36,07
56,03 ; 300,02 ;   8,777186 ;   50,31
58,03 ; 299,98 ;   7,722147 ;   44,50
60,03 ; 299,90 ;   8,237917 ;   47,56
62,03 ; 300,04 ;   9,115532 ;   52,09
64,03 ; 299,98 ;   5,966405 ;   34,57
66,04 ; 300,01 ;   8,598045 ;   49,30
68,04 ; 299,99 ;   7,543477 ;   43,40
70,04 ; 300,05 ;   8,060409 ;   46,37
72,04 ; 300,08 ;   7,021955 ;   40,24
74,04 ; 300,06 ;   7,361853 ;   42,99
76,04 ; 300,02 ;   7,902629 ;   45,95
78,04 ; 300,01 ;   8,416720 ;   48,52
80,04 ; 300,02 ;   7,882652 ;   45,68
82,04 ; 299,99 ;   7,723009 ;   44,48
84,05 ; 299,98 ;   8,058329 ;   46,92
86,05 ; 300,01 ;   7,900478 ;   45,82
88,05 ; 299,92 ;   7,542184 ;   43,38
90,05 ; 300,02 ;   8,936514 ;   51,94
92,05 ; 299,98 ;   6,665896 ;   38,15
94,05 ; 299,97 ;   8,241021 ;   47,55
96,05 ; 299,98 ;   8,057740 ;   46,49
98,05 ; 299,99 ;   7,718202 ;   44,10
100,05 ; 300,03 ;   7,720231 ;   44,63
102,06 ; 300,03 ;   7,381558 ;   42,10
104,06 ; 299,95 ;   7,719035 ;   44,98
106,06 ; 300,02 ;   8,938121 ;   51,82
108,06 ; 300,01 ;   6,845295 ;   39,88
110,06 ; 300,04 ;   7,878084 ;   45,69
112,06 ; 299,99 ;   7,381793 ;   42,63
114,06 ; 300,01 ;   8,416143 ;   48,66
116,06 ; 300,02 ;   7,560256 ;   43,96
118,06 ; 300,03 ;   7,720456 ;   44,49
120,06 ; 299,99 ;   7,540571 ;   43,82
122,07 ; 300,01 ;   8,417939 ;   48,08
124,07 ; 299,99 ;   7,543532 ;   43,95
126,07 ; 300,01 ;   8,080502 ;   46,35
128,07 ; 299,97 ;   7,540230 ;   43,95
130,07 ; 299,98 ;   8,416580 ;   48,21
132,07 ; 300,04 ;   7,701561 ;   44,09
134,07 ; 299,98 ;   7,026521 ;   40,90
136,07 ; 300,02 ;   8,599697 ;   49,28
138,07 ; 299,99 ;   7,361201 ;   42,76
140,08 ; 299,98 ;   8,077718 ;   46,93
142,08 ; 299,98 ;   7,900931 ;   45,82
144,08 ; 300,03 ;   7,896856 ;   45,24
146,08 ; 300,03 ;   7,184366 ;   41,52
148,08 ; 299,99 ;   7,722401 ;   44,97
150,08 ; 299,96 ;   8,417662 ;   48,08
152,08 ; 300,01 ;   8,238081 ;   47,68
154,08 ; 299,99 ;   7,182717 ;   41,65
156,08 ; 299,97 ;   8,061571 ;   46,35
158,09 ; 299,92 ;   8,239466 ;   47,06
160,09 ; 299,98 ;   8,591311 ;   49,07
162,09 ; 300,02 ;   7,025875 ;   40,64
164,09 ; 299,96 ;   7,380678 ;   42,77
166,09 ; 299,94 ;   8,576838 ;   49,43
168,09 ; 299,97 ;   8,236948 ;   47,26
170,09 ; 299,99 ;   7,538634 ;   43,05
172,09 ; 300,06 ;   7,539726 ;   43,50
174,09 ; 300,10 ;   6,846872 ;   39,63
176,10 ; 299,98 ;   7,181893 ;   41,70
178,10 ; 300,03 ;   9,292744 ;   53,90
180,10 ; 300,05 ;   7,186491 ;   41,52
182,10 ; 300,03 ;   7,540691 ;   43,12
184,10 ; 300,04 ;   8,061804 ;   46,70
186,10 ; 300,02 ;   7,717584 ;   44,35
188,10 ; 299,98 ;   8,056492 ;   46,79
190,10 ; 300,05 ;   8,242017 ;   47,54
192,10 ; 299,96 ;   6,841485 ;   39,64
194,10 ; 299,96 ;   9,130695 ;   52,28
196,11 ; 299,96 ;   7,879748 ;   45,37
198,11 ; 300,04 ;   7,901311 ;   45,38
200,11 ; 300,03 ;   6,841414 ;   39,16
202,11 ; 299,98 ;   7,902253 ;   45,55
204,11 ; 300,03 ;   8,416502 ;   48,70
206,11 ; 300,02 ;   7,205167 ;   41,51
208,11 ; 299,97 ;   8,073927 ;   46,21
210,11 ; 299,98 ;   8,415869 ;   48,78
212,11 ; 300,03 ;   7,724315 ;   44,09
214,12 ; 300,08 ;   7,180766 ;   41,51
216,12 ; 300,01 ;   7,181806 ;   41,23
218,12 ; 300,04 ;   8,776492 ;   50,28
220,12 ; 300,08 ;   7,362185 ;   42,60
222,12 ; 299,95 ;   7,199197 ;   41,80
224,12 ; 300,08 ;   9,631185 ;   55,24
226,12 ; 299,95 ;   5,968859 ;   34,88
228,12 ; 300,05 ;   9,653276 ;   55,24
230,12 ; 300,02 ;   6,308214 ;   36,74
232,12 ; 299,99 ;   8,237260 ;   47,91
234,13 ; 299,96 ;   8,058255 ;   46,89
236,13 ; 300,02 ;   8,238378 ;   47,65
238,13 ; 299,99 ;   7,024542 ;   41,00
240,13 ; 300,01 ;   8,063639 ;   46,90
242,13 ; 300,02 ;   7,539879 ;   43,93
244,13 ; 299,92 ;   7,718936 ;   44,46
246,13 ; 300,03 ;   9,114584 ;   52,49
248,13 ; 299,99 ;   6,308354 ;   36,87
250,13 ; 300,04 ;   8,417710 ;   48,05
252,14 ; 300,03 ;   7,202974 ;   41,44
254,14 ; 300,04 ;   7,902358 ;   45,52
256,14 ; 300,04 ;   7,718002 ;   44,32
258,14 ; 300,03 ;   7,700731 ;   44,89
260,14 ; 299,99 ;   7,878825 ;   45,51
262,14 ; 299,98 ;   8,419040 ;   48,04
264,14 ; 299,96 ;   7,896742 ;   45,78
266,14 ; 299,96 ;   8,239291 ;   47,07
268,14 ; 299,98 ;   7,884013 ;   45,34
270,15 ; 299,91 ;   7,537529 ;   43,48
272,15 ; 299,98 ;   8,773470 ;   50,80
274,15 ; 300,05 ;   7,022852 ;   40,03
276,15 ; 299,98 ;   6,844235 ;   39,62
278,15 ; 299,97 ;   8,760267 ;   50,40
280,15 ; 299,98 ;   8,062720 ;   46,46
282,15 ; 300,09 ;   7,717348 ;   44,07
284,15 ; 299,99 ;   6,484157 ;   37,14
286,15 ; 299,94 ;   9,114971 ;   52,09
288,16 ; 299,98 ;   8,594365 ;   49,52
290,16 ; 299,98 ;   7,183547 ;   41,76
292,16 ; 299,94 ;   7,901100 ;   45,22
294,16 ; 300,03 ;   8,416753 ;   48,96
296,16 ; 300,04 ;   6,667281 ;   38,04
298,16 ; 300,05 ;   7,720974 ;   44,33
300,16 ; 300,09 ;   7,540076 ;   43,66
302,16 ; 299,98 ;   7,361069 ;   42,32
304,16 ; 300,09 ;   9,131799 ;   52,70
306,16 ; 300,03 ;   6,485567 ;   37,12
308,17 ; 300,09 ;   8,415649 ;   48,96
310,17 ; 300,09 ;   7,004829 ;   40,57
312,17 ; 299,98 ;   7,703533 ;   44,60
314,17 ; 300,02 ;   9,132826 ;   52,67
316,17 ; 300,01 ;   7,361634 ;   42,69
318,17 ; 300,06 ;   7,902343 ;   45,62
320,17 ; 299,95 ;   7,023078 ;   40,69
322,17 ; 299,96 ;   9,472209 ;   54,05
324,17 ; 300,05 ;   7,720437 ;   44,16
326,18 ; 300,02 ;   6,487670 ;   37,85
328,18 ; 299,99 ;   8,239620 ;   47,88
330,18 ; 299,95 ;   8,064179 ;   46,86
332,18 ; 299,98 ;   8,417829 ;   48,86
334,18 ; 299,98 ;   7,383130 ;   42,30
336,18 ; 299,91 ;   7,880435 ;   45,18
338,18 ; 299,97 ;   8,774845 ;   50,78
340,18 ; 300,01 ;   7,203670 ;   41,25
342,18 ; 300,04 ;   7,361897 ;   42,18
344,19 ; 300,08 ;   7,365651 ;   42,57
346,19 ; 299,98 ;   7,198128 ;   41,77
348,19 ; 299,97 ;   9,113773 ;   52,10
350,19 ; 299,99 ;   8,077611 ;   46,43
352,19 ; 299,94 ;   7,542616 ;   43,41
354,19 ; 300,03 ;   8,596048 ;   49,50
356,19 ; 300,03 ;   6,663404 ;   38,00
358,19 ; 300,08 ;   7,721577 ;   44,92
360,19 ; 299,99 ;   7,203809 ;   41,19
362,19 ; 300,01 ;   8,932139 ;   51,48
364,20 ; 300,01 ;   7,541070 ;   43,89
366,20 ; 300,15 ;   7,896133 ;   45,04
368,20 ; 300,03 ;   5,807621 ;   33,85
370,20 ; 300,02 ;   9,276881 ;   53,54
372,20 ; 300,08 ;   8,056578 ;   46,13
374,20 ; 300,04 ;   7,025616 ;   40,00
376,20 ; 300,03 ;   8,240059 ;   47,72
378,20 ; 300,01 ;   7,896764 ;   45,45
380,20 ; 300,04 ;   8,055121 ;   46,74
382,21 ; 300,04 ;   7,380083 ;   42,52
384,21 ; 300,02 ;   7,718457 ;   44,82
386,21 ; 300,02 ;   8,061668 ;   46,68
388,21 ; 300,03 ;   7,719544 ;   44,95
390,21 ; 300,04 ;   7,541319 ;   43,70
392,21 ; 299,92 ;   7,718704 ;   44,23
394,21 ; 300,02 ;   9,453248 ;   54,13
396,21 ; 299,98 ;   6,665281 ;   38,03
398,21 ; 299,91 ;   8,238338 ;   47,43
400,22 ; 299,97 ;   8,775820 ;   50,73
402,22 ; 299,94 ;   7,203062 ;   41,19
404,22 ; 299,96 ;   8,238134 ;   47,72
406,22 ; 300,03 ;   7,540622 ;   43,56
408,22 ; 300,01 ;   6,827352 ;   39,69
410,22 ; 300,01 ;   8,058320 ;   46,74
412,22 ; 300,05 ;   7,896659 ;   45,01
414,22 ; 300,04 ;   7,204967 ;   41,28
416,22 ; 300,02 ;   7,897796 ;   45,98
418,22 ; 300,02 ;   8,061137 ;   46,69
420,23 ; 300,02 ;   7,719551 ;   44,96
422,23 ; 299,97 ;   7,721125 ;   44,95
424,23 ; 299,98 ;   8,414785 ;   48,68
426,23 ; 300,03 ;   7,540226 ;   43,98
428,23 ; 299,94 ;   7,186120 ;   41,41
430,23 ; 300,08 ;   9,117090 ;   52,32
432,23 ; 299,99 ;   5,969188 ;   34,22
434,23 ; 299,97 ;   8,952163 ;   51,43
436,23 ; 299,98 ;   8,077921 ;   46,95
438,24 ; 300,02 ;   7,558545 ;   43,98
440,24 ; 300,08 ;   7,367026 ;   42,65
442,24 ; 300,02 ;   6,844112 ;   39,98
444,24 ; 300,04 ;   8,597882 ;   49,56
446,24 ; 299,96 ;   7,540148 ;   43,08
448,24 ; 300,01 ;   8,934889 ;   51,02
450,24 ; 299,94 ;   7,203069 ;   41,53
452,24 ; 299,97 ;   8,775420 ;   50,58
454,24 ; 300,02 ;   7,363745 ;   42,92
456,25 ; 299,99 ;   7,184729 ;   41,49
458,25 ; 299,98 ;   8,077822 ;   46,82
460,25 ; 299,97 ;   7,878793 ;   45,71
462,25 ; 299,98 ;   8,076887 ;   46,38
464,25 ; 299,96 ;   7,540127 ;   43,99
466,25 ; 300,09 ;   8,236601 ;   47,01
468,25 ; 299,87 ;   6,143846 ;   35,34
470,25 ; 299,97 ;   10,691155 ;   61,96
472,25 ; 300,03 ;   6,483619 ;   37,75
474,25 ; 299,96 ;   7,021314 ;   40,27
476,26 ; 299,94 ;   8,758170 ;   50,48
478,26 ; 300,05 ;   8,238618 ;   47,16
480,26 ; 299,95 ;   6,307163 ;   36,11
482,26 ; 300,03 ;   9,293206 ;   53,46
484,26 ; 299,96 ;   6,683212 ;   38,55
486,26 ; 300,03 ;   8,770057 ;   50,48
488,26 ; 300,01 ;   6,844139 ;   39,71
490,26 ; 299,99 ;   8,061189 ;   46,75
492,26 ; 299,94 ;   8,056897 ;   46,27
494,27 ; 299,98 ;   8,592984 ;   49,47
496,27 ; 299,96 ;   7,203997 ;   41,71
498,27 ; 300,02 ;   8,238724 ;   47,03
500,27 ; 299,95 ;   7,022295 ;   40,96
502,27 ; 299,95 ;   8,756207 ;   50,59
504,27 ; 300,02 ;   7,894307 ;   45,40
506,27 ; 300,01 ;   6,828328 ;   39,81
508,27 ; 299,99 ;   7,880009 ;   45,62
510,27 ; 300,01 ;   8,076732 ;   46,29
512,28 ; 300,03 ;   7,540913 ;   43,89
514,28 ; 300,02 ;   7,540307 ;   43,18
516,28 ; 300,02 ;   8,056430 ;   46,15
518,28 ; 300,04 ;   7,721731 ;   44,99
520,28 ; 300,08 ;   7,538396 ;   43,13
522,28 ; 299,97 ;   7,204213 ;   41,74
524,28 ; 300,03 ;   9,291063 ;   53,32
526,28 ; 300,08 ;   7,023640 ;   40,28
528,28 ; 300,03 ;   7,203718 ;   41,16
530,29 ; 300,06 ;   8,414709 ;   48,34
532,29 ; 299,98 ;   7,362234 ;   42,39
534,29 ; 299,99 ;   8,773214 ;   50,91
536,29 ; 300,06 ;   7,719187 ;   44,52
538,29 ; 300,03 ;   6,844849 ;   39,50
540,29 ; 300,02 ;   8,236448 ;   47,17
542,29 ; 300,09 ;   8,058039 ;   46,11
544,29 ; 300,03 ;   6,842910 ;   39,36
546,29 ; 300,03 ;   8,420216 ;   48,89
548,29 ; 300,04 ;   7,720613 ;   44,85
550,30 ; 299,98 ;   7,718466 ;   44,22
552,30 ; 300,02 ;   8,590171 ;   49,15
554,30 ; 299,98 ;   7,379286 ;   42,63
556,30 ; 300,02 ;   8,238307 ;   47,42
558,30 ; 299,94 ;   7,360985 ;   42,63
560,30 ; 300,03 ;   8,953117 ;   51,15
562,30 ; 299,92 ;   6,484589 ;   37,93
564,30 ; 299,97 ;   9,291079 ;   53,55
566,30 ; 299,99 ;   7,202538 ;   41,76
568,31 ; 299,97 ;   7,543246 ;   43,35
570,31 ; 299,98 ;   8,057424 ;   46,95
572,31 ; 299,99 ;   7,538941 ;   43,98
574,31 ; 300,01 ;   7,723356 ;   44,51
576,31 ; 299,97 ;   7,539294 ;   43,85
578,31 ; 300,03 ;   8,417907 ;   48,11
580,31 ; 300,05 ;   7,022592 ;   40,25
582,31 ; 299,96 ;   7,360005 ;   43,00
584,31 ; 300,04 ;   9,131564 ;   52,18
586,32 ; 299,99 ;   6,842678 ;   39,05
588,32 ; 299,90 ;   8,418110 ;   48,54
590,32 ; 299,95 ;   9,112583 ;   52,55
592,32 ; 300,03 ;   7,184073 ;   41,91
594,32 ; 299,97 ;   6,670533 ;   38,54
596,32 ; 299,98 ;   8,580571 ;   49,85
598,32 ; 300,03 ;   7,543047 ;   43,99
600,32 ; 299,97 ;   7,197192 ;   41,42
602,32 ; 300,02 ;   8,580371 ;   49,85
604,32 ; 299,98 ;   7,180901 ;   41,51
606,33 ; 299,99 ;   8,239900 ;   47,45
608,33 ; 299,99 ;   7,702610 ;   44,53
610,33 ; 299,99 ;   7,901981 ;   45,10
612,33 ; 299,98 ;   7,878540 ;   45,10
614,33 ; 300,05 ;   7,901248 ;   45,73
616,33 ; 300,04 ;   6,841764 ;   39,55
618,33 ; 300,05 ;   7,903201 ;   45,98
620,33 ; 299,98 ;   7,542584 ;   43,58
622,33 ; 299,99 ;   8,773135 ;   50,32
624,34 ; 300,08 ;   7,719875 ;   44,52
626,34 ; 299,99 ;   6,665081 ;   38,25
628,34 ; 300,01 ;   8,954963 ;   51,42
630,34 ; 299,96 ;   7,541240 ;   43,84
632,34 ; 299,98 ;   8,420183 ;   48,72
634,34 ; 299,97 ;   7,536911 ;   43,40
636,34 ; 299,98 ;   8,076698 ;   46,38
638,34 ; 299,98 ;   7,541383 ;   43,99
640,34 ; 300,02 ;   7,880201 ;   45,14
642,35 ; 299,91 ;   7,363802 ;   42,66
644,35 ; 299,97 ;   9,292630 ;   53,04
646,35 ; 300,03 ;   7,182644 ;   41,20
648,35 ; 300,02 ;   7,004581 ;   40,27
650,35 ; 299,96 ;   8,060434 ;   46,12
652,35 ; 300,03 ;   8,591741 ;   49,32
654,35 ; 300,02 ;   6,845581 ;   39,69
656,35 ; 300,01 ;   8,061559 ;   46,12
658,35 ; 300,02 ;   7,880471 ;   45,59
660,35 ; 300,01 ;   7,721779 ;   44,39
662,36 ; 299,96 ;   7,898727 ;   45,59
664,36 ; 299,97 ;   8,414483 ;   48,74
666,36 ; 300,02 ;   7,720344 ;   44,66
668,36 ; 299,98 ;   7,203877 ;   41,51
670,36 ; 299,99 ;   8,239615 ;   47,46
672,36 ; 299,95 ;   7,718575 ;   44,53
674,36 ; 299,98 ;   8,412930 ;   48,84
676,36 ; 300,01 ;   7,383306 ;   42,28
678,37 ; 299,99 ;   7,539055 ;   43,29
680,37 ; 299,97 ;   8,076857 ;   46,27
682,37 ; 299,96 ;   8,079516 ;   46,98
684,37 ; 299,98 ;   7,878201 ;   45,88
686,37 ; 300,06 ;   7,540836 ;   43,44
688,37 ; 300,01 ;   6,685113 ;   38,95
690,37 ; 298,24 ;   8,595946 ;   49,06
692,37 ; 294,24 ;   21,640021 ;  125,00
694,37 ; 289,50 ;   21,667273 ;  125,00
696,38 ; 285,20 ;   21,677896 ;  125,00
698,38 ; 281,16 ;   21,657399 ;  125,00
700,38 ; 277,93 ;   21,669983 ;  125,00
702,38 ; 275,14 ;   21,666088 ;  125,00
704,38 ; 272,92 ;   21,645588 ;  125,00
706,38 ; 271,06 ;   21,657636 ;  125,00
708,38 ; 269,71 ;   21,653384 ;  125,00
710,38 ; 268,67 ;   21,651006 ;  125,00
712,39 ; 267,94 ;   21,647159 ;  125,00
714,39 ; 267,49 ;   21,646495 ;  125,00
716,39 ; 267,28 ;   21,644646 ;  125,00
718,39 ; 267,35 ;   21,641617 ;  125,00
720,39 ; 267,55 ;   21,638809 ;  125,00
722,39 ; 267,87 ;   21,636972 ;  125,00
724,39 ; 268,41 ;   21,635050 ;  125,00
726,39 ; 269,07 ;   21,631325 ;  125,00
728,40 ; 269,88 ;   21,632322 ;  125,00
730,40 ; 270,84 ;   20,136236 ;  115,01
732,40 ; 271,84 ;   17,455377 ;  100,55
734,40 ; 272,88 ;   16,757396 ;   96,33
736,40 ; 273,93 ;   15,552033 ;   89,90
738,40 ; 275,24 ;   14,833647 ;   85,64
740,40 ; 276,46 ;   10,668431 ;   61,77
742,40 ; 277,77 ;   11,184774 ;   64,39
744,41 ; 278,98 ;   9,266293 ;   53,12
746,41 ; 280,23 ;   9,622371 ;   55,40
748,41 ; 281,52 ;   8,213849 ;   47,58
750,41 ; 282,60 ;   6,828818 ;   39,44
752,41 ; 283,71 ;   8,739451 ;   50,12
754,41 ; 284,73 ;   7,525155 ;   43,87
756,41 ; 285,73 ;   8,065064 ;   46,72
758,41 ; 286,59 ;   7,528979 ;   43,72
760,42 ; 287,37 ;   8,742472 ;   50,65
762,42 ; 288,34 ;   9,278292 ;   53,39
764,42 ; 289,09 ;   5,960304 ;   34,74
766,42 ; 289,77 ;   8,586309 ;   49,00
768,42 ; 290,43 ;   8,741684 ;   50,22
770,42 ; 291,02 ;   8,579698 ;   49,85
772,42 ; 291,62 ;   9,118037 ;   52,09
774,42 ; 292,27 ;   8,579849 ;   49,59
776,43 ; 292,70 ;   7,352215 ;   42,14
778,43 ; 293,22 ;   9,995757 ;   57,82
780,43 ; 293,60 ;   8,406506 ;   48,07
782,43 ; 294,18 ;   9,974874 ;   57,00
784,43 ; 294,49 ;   6,837113 ;   39,93
786,43 ; 294,88 ;   10,157267 ;   58,36
788,43 ; 295,23 ;   8,760760 ;   50,93
790,43 ; 295,59 ;   9,122835 ;   52,97
792,43 ; 296,05 ;   8,588475 ;   49,63
794,44 ; 296,32 ;   7,175050 ;   41,14
796,44 ; 296,55 ;   9,279695 ;   53,26
798,44 ; 296,85 ;   9,622440 ;   55,18
800,44 ; 297,09 ;   8,584749 ;   49,23
802,44 ; 297,45 ;   9,108470 ;   52,83
804,44 ; 297,76 ;   7,194323 ;   41,84
806,44 ; 297,99 ;   7,533279 ;   43,77
808,44 ; 298,25 ;   8,428576 ;   48,42
810,45 ; 298,36 ;   7,893317 ;   45,43
812,45 ; 298,59 ;   9,647118 ;   55,93
814,45 ; 298,91 ;   7,893483 ;   45,53
816,45 ; 299,03 ;   6,482542 ;   37,49
818,45 ; 299,16 ;   8,930532 ;   51,92
820,45 ; 299,42 ;   8,750975 ;   50,10
822,45 ; 299,48 ;   6,840350 ;   39,46
824,45 ; 299,73 ;   9,289787 ;   53,59
826,45 ; 299,80 ;   6,662305 ;   38,36
828,46 ; 299,94 ;   8,952290 ;   51,24
830,46 ; 300,02 ;   7,896819 ;   45,88
832,46 ; 300,15 ;   8,593445 ;   49,47
834,46 ; 300,31 ;   7,719688 ;   44,67
836,46 ; 300,35 ;   7,201267 ;   41,40
838,46 ; 300,47 ;   8,772936 ;   50,36
840,46 ; 300,61 ;   7,541098 ;   43,88
842,46 ; 300,63 ;   7,180576 ;   41,28
844,46 ; 300,72 ;   8,753553 ;   50,35
846,47 ; 300,79 ;   7,538149 ;   43,97
848,47 ; 300,84 ;   7,900503 ;   45,22
850,47 ; 300,99 ;   7,893735 ;   45,97
852,47 ; 300,98 ;   6,663069 ;   38,10
854,47 ; 300,99 ;   8,775970 ;   50,19
856,47 ; 301,00 ;   8,235927 ;   47,69
858,47 ; 301,02 ;   8,413621 ;   48,11
860,47 ; 301,11 ;   8,237629 ;   47,33
862,48 ; 301,16 ;   7,021301 ;   40,91
864,48 ; 301,09 ;   7,541374 ;   43,98
866,48 ; 301,25 ;   9,130618 ;   52,29
868,48 ; 301,23 ;   6,149361 ;   35,12
870,48 ; 301,27 ;   8,415572 ;   48,38
872,48 ; 301,29 ;   7,542389 ;   43,41
874,48 ; 301,24 ;   7,718220 ;   44,29
876,48 ; 301,29 ;   8,593184 ;   49,60
878,48 ; 301,34 ;   7,365381 ;   42,28
880,49 ; 301,19 ;   7,199272 ;   41,87
882,49 ; 301,29 ;   9,986686 ;   57,00
884,49 ; 301,38 ;   6,502562 ;   37,83
886,49 ; 301,34 ;   6,504154 ;   37,72
888,49 ; 301,24 ;   8,255269 ;   47,60
890,49 ; 301,34 ;   9,131889 ;   52,65
892,49 ; 301,30 ;   6,484519 ;   37,55
894,49 ; 301,29 ;   8,237929 ;   47,44
896,49 ; 301,23 ;   7,894863 ;   45,04
898,50 ; 301,27 ;   8,576878 ;   49,29
900,50 ; 301,29 ;   7,198080 ;   41,44
902,50 ; 301,24 ;   7,357196 ;   42,32
904,50 ; 301,29 ;   8,239110 ;   47,64
906,50 ; 301,27 ;   7,022191 ;   40,31
908,50 ; 301,19 ;   7,879070 ;   45,50
910,50 ; 301,16 ;   8,597804 ;   49,84
912,50 ; 301,20 ;   7,897107 ;   45,82
914,50 ; 301,21 ;   7,022841 ;   40,85
916,51 ; 301,19 ;   7,364963 ;   42,98
918,51 ; 301,18 ;   7,896692 ;   45,29
920,51 ; 301,00 ;   7,717765 ;   44,05
922,51 ; 301,20 ;   9,988331 ;   57,65
924,51 ; 301,07 ;   4,912926 ;   28,10
926,51 ; 301,09 ;   9,294728 ;   53,54
928,51 ; 301,09 ;   7,181529 ;   41,76
930,51 ; 301,07 ;   7,540281 ;   43,99
932,51 ; 300,97 ;   7,718684 ;   44,54
934,52 ; 300,99 ;   8,932752 ;   51,35
936,52 ; 300,89 ;   7,182107 ;   41,88
938,52 ; 300,93 ;   8,932945 ;   51,58
940,52 ; 300,99 ;   7,005160 ;   40,89
942,52 ; 300,95 ;   6,665567 ;   38,69
944,52 ; 300,91 ;   8,076737 ;   46,93
946,52 ; 300,86 ;   8,059798 ;   46,48
948,52 ; 300,80 ;   8,234025 ;   47,22
950,52 ; 300,88 ;   8,417727 ;   48,64
952,53 ; 300,77 ;   6,484939 ;   37,11
954,53 ; 300,80 ;   9,111952 ;   52,68
956,53 ; 300,77 ;   7,183230 ;   41,46
958,53 ; 300,77 ;   8,060253 ;   46,17
960,53 ; 300,84 ;   7,537676 ;   43,15
962,53 ; 300,72 ;   6,668441 ;   38,05
964,53 ; 300,74 ;   9,288239 ;   53,10
966,53 ; 300,68 ;   7,201925 ;   41,93
968,53 ; 300,63 ;   8,416705 ;   48,55
970,54 ; 300,68 ;   8,415100 ;   48,22
972,54 ; 300,68 ;   6,843701 ;   39,76
974,54 ; 300,56 ;   7,543112 ;   43,72
976,54 ; 300,65 ;   9,109644 ;   52,97
978,54 ; 300,59 ;   6,483821 ;   37,43
980,54 ; 300,55 ;   8,417000 ;   48,67
982,54 ; 300,54 ;   8,255199 ;   47,10
984,54 ; 300,54 ;   7,718975 ;   44,78
986,54 ; 300,48 ;   7,718751 ;   44,15
988,55 ; 300,59 ;   8,595200 ;   49,06
990,55 ; 300,58 ;   6,126759 ;   35,69
992,55 ; 300,55 ;   7,717111 ;   44,32
994,55 ; 300,48 ;   8,080035 ;   46,17
996,55 ; 300,50 ;   8,577473 ;   49,40
998,55 ; 300,50 ;   7,359109 ;   42,29
1000,55 ; 300,49 ;   7,540540 ;   43,97
1002,55 ; 300,45 ;   7,718308 ;   44,53
1004,55 ; 300,42 ;   8,235855 ;   47,64
1006,56 ; 300,47 ;   7,874440 ;   45,99
1008,56 ; 300,43 ;   7,019935 ;   40,49
1010,56 ; 300,47 ;   8,237014 ;   47,00
1012,56 ; 300,40 ;   7,002995 ;   40,96
1014,56 ; 300,34 ;   8,577390 ;   49,39
1016,56 ; 300,31 ;   8,588530 ;   49,13
1018,56 ; 300,31 ;   8,056806 ;   46,35
1020,56 ; 300,29 ;   7,717587 ;   44,59
1022,56 ; 300,34 ;   8,058405 ;   46,42
1024,57 ; 300,30 ;   7,002760 ;   40,92
1026,57 ; 300,31 ;   8,054924 ;   46,83
1028,57 ; 300,35 ;   7,539580 ;   43,87
1030,57 ; 300,23 ;   7,199616 ;   41,31
1032,57 ; 300,22 ;   9,288738 ;   53,47
1034,57 ; 300,26 ;   8,077067 ;   46,05
1036,57 ; 300,18 ;   7,180153 ;   41,76
1038,57 ; 300,26 ;   8,754270 ;   50,83
1040,57 ; 300,26 ;   6,662171 ;   38,83
1042,58 ; 300,22 ;   7,699929 ;   44,57
1044,58 ; 300,26 ;   8,235646 ;   47,65
1046,58 ; 300,17 ;   7,200026 ;   41,63
1048,58 ; 300,18 ;   8,949678 ;   51,33
1050,58 ; 300,24 ;   7,717135 ;   44,35
1052,58 ; 300,16 ;   6,842701 ;   39,93
1054,58 ; 300,16 ;   8,752731 ;   50,73
1056,58 ; 300,18 ;   7,715773 ;   44,95
1058,58 ; 300,17 ;   7,538067 ;   43,69
1060,59 ; 300,20 ;   7,892038 ;   45,44
1062,59 ; 300,26 ;   7,362211 ;   42,36
1064,59 ; 300,17 ;   7,019727 ;   40,29
1066,59 ; 300,10 ;   8,952363 ;   51,14
1068,59 ; 300,17 ;   8,768822 ;   50,37
1070,59 ; 300,14 ;   6,842942 ;   39,58
1072,59 ; 300,18 ;   8,254431 ;   47,23
1074,59 ; 300,20 ;   7,184208 ;   41,80
1076,59 ; 300,16 ;   7,540374 ;   43,42
1078,60 ; 300,13 ;   8,252528 ;   47,04
1080,60 ; 300,14 ;   8,252145 ;   47,83
1082,60 ; 300,10 ;   7,555529 ;   43,69
1084,60 ; 300,09 ;   8,235308 ;   47,93
1086,60 ; 300,14 ;   8,057094 ;   46,28
1088,60 ; 300,09 ;   7,018798 ;   40,77
1090,60 ; 300,14 ;   8,596781 ;   49,14
1092,60 ; 300,16 ;   7,021524 ;   40,74
1094,60 ; 300,13 ;   7,360107 ;   42,90
1096,61 ; 300,09 ;   8,235920 ;   47,72
1098,61 ; 300,09 ;   8,232900 ;   47,93
1100,61 ; 300,08 ;   7,897958 ;   45,04
1102,61 ; 300,13 ;   7,894426 ;   45,65
1104,61 ; 299,99 ;   7,180965 ;   41,34
1106,61 ; 300,06 ;   9,627774 ;   55,36
1108,61 ; 300,06 ;   6,844260 ;   39,96
1110,61 ; 299,99 ;   7,879199 ;   45,14
1112,61 ; 300,04 ;   8,770292 ;   50,73
1114,62 ; 300,05 ;   7,179401 ;   41,81
1116,62 ; 300,03 ;   7,715161 ;   44,02
1118,62 ; 300,03 ;   8,233991 ;   47,03
1120,62 ; 300,13 ;   7,894313 ;   45,30
1122,62 ; 300,12 ;   6,485197 ;   37,83
1124,62 ; 300,01 ;   7,876591 ;   45,36
1126,62 ; 300,05 ;   9,290521 ;   53,48
1128,62 ; 299,99 ;   7,179231 ;   41,67
1130,62 ; 300,06 ;   8,772353 ;   50,10
1132,63 ; 300,05 ;   6,840902 ;   39,89
1134,63 ; 300,04 ;   7,898878 ;   45,70
1136,63 ; 299,99 ;   8,070586 ;   46,36
1138,63 ; 300,04 ;   8,414846 ;   48,93
1140,63 ; 299,95 ;   7,202644 ;   41,74
1142,63 ; 299,99 ;   9,106607 ;   52,66
1144,63 ; 299,94 ;   7,357496 ;   42,02
1146,63 ; 300,04 ;   8,594321 ;   49,83
1148,63 ; 299,96 ;   6,483859 ;   37,72
1150,64 ; 299,99 ;   8,931981 ;   51,43
1152,64 ; 299,99 ;   7,536201 ;   43,18
1154,64 ; 300,10 ;   7,897781 ;   45,48
1156,64 ; 300,05 ;   6,321497 ;   36,78
1158,64 ; 300,17 ;   8,428919 ;   48,57
1160,64 ; 300,04 ;   6,148026 ;   35,78
1162,64 ; 300,05 ;   9,464209 ;   54,98
1164,64 ; 300,01 ;   7,537961 ;   43,93
1166,64 ; 300,04 ;   8,417652 ;   48,81
1168,65 ; 300,01 ;   7,357372 ;   42,86
1170,65 ; 300,06 ;   8,237370 ;   47,65
1172,65 ; 300,04 ;   7,002738 ;   40,99
1174,65 ; 300,10 ;   8,053493 ;   46,88
1176,65 ; 300,08 ;   7,021172 ;   40,18
1178,65 ; 300,09 ;   8,079620 ;   46,64
1180,65 ; 299,98 ;   7,713757 ;   44,28
1182,65 ; 299,97 ;   9,109330 ;   52,93
1184,66 ; 299,98 ;   8,077178 ;   46,68
1186,66 ; 299,97 ;   7,716013 ;   44,29
1188,66 ; 299,97 ;   8,055420 ;   46,69
1190,66 ; 300,01 ;   7,894782 ;   45,54
1192,66 ; 299,98 ;   7,358546 ;   42,43
1194,66 ; 300,05 ;   8,252991 ;   47,18
1196,66 ; 300,02 ;   6,841451 ;   39,86
1198,66 ; 299,98 ;   8,413483 ;   48,15
1200,66 ; 299,97 ;   8,235618 ;   47,75
1202,67 ; 300,03 ;   8,055009 ;   46,69
1204,67 ; 300,03 ;   7,022403 ;   40,57
1206,67 ; 300,04 ;   7,899137 ;   45,18
1208,67 ; 300,12 ;   7,717831 ;   44,55
1210,67 ; 300,04 ;   6,661793 ;   38,90
1212,67 ; 300,03 ;   8,751512 ;   50,88
1214,67 ; 299,92 ;   7,894219 ;   45,73
1216,67 ; 299,92 ;   9,286001 ;   53,85
1218,67 ; 299,95 ;   7,899714 ;   45,79
1220,68 ; 299,95 ;   7,538786 ;   43,93
1222,68 ; 299,98 ;   7,893165 ;   45,67
1224,68 ; 299,95 ;   7,359476 ;   42,57
1226,68 ; 299,96 ;   8,414794 ;   48,56
1228,68 ; 299,97 ;   7,716678 ;   44,44
1230,68 ; 299,92 ;   7,716742 ;   44,97
1232,68 ; 300,03 ;   8,589004 ;   49,28
1234,68 ; 299,96 ;   6,504030 ;   37,13
1236,68 ; 300,08 ;   8,771899 ;   50,79
1238,69 ; 300,02 ;   6,308318 ;   36,28
1240,69 ; 299,97 ;   8,590322 ;   49,90
1242,69 ; 299,98 ;   8,595076 ;   49,01
1244,69 ; 299,99 ;   7,697895 ;   44,31
1246,69 ; 300,01 ;   7,698780 ;   44,85
1248,69 ; 299,96 ;   7,698808 ;   44,18
1250,69 ; 299,99 ;   8,591063 ;   49,06
1252,69 ; 300,01 ;   7,538999 ;   43,12
1254,69 ; 300,04 ;   7,717587 ;   44,18
1256,70 ; 299,99 ;   7,379278 ;   42,85
1258,70 ; 300,06 ;   8,413206 ;   48,88
1260,70 ; 299,96 ;   6,839744 ;   39,83
1262,70 ; 299,99 ;   9,285305 ;   53,09
1264,70 ; 300,03 ;   7,540753 ;   43,11
1266,70 ; 300,05 ;   7,356058 ;   42,31
1268,70 ; 300,02 ;   7,556682 ;   43,33
1270,70 ; 300,01 ;   8,413115 ;   48,16
1272,70 ; 300,05 ;   7,898452 ;   45,90
1274,71 ; 300,08 ;   7,198400 ;   41,59
1276,71 ; 299,99 ;   7,538141 ;   43,18
1278,71 ; 300,09 ;   8,943777 ;   51,74
1280,71 ; 300,04 ;   6,487066 ;   37,94
1282,71 ; 300,01 ;   8,412353 ;   48,57
1284,71 ; 300,04 ;   8,235233 ;   47,60
1286,71 ; 300,05 ;   7,356509 ;   42,80
1288,71 ; 300,02 ;   7,538422 ;   43,86
1290,71 ; 299,95 ;   8,411229 ;   48,12
1292,72 ; 300,05 ;   8,752124 ;   50,83
1294,72 ; 300,08 ;   6,319171 ;   36,94
1296,72 ; 300,01 ;   7,555813 ;   43,14
1298,72 ; 300,02 ;   8,748039 ;   50,46
1300,72 ; 300,02 ;   7,716470 ;   44,65
1302,72 ; 299,97 ;   7,898695 ;   45,22
1304,72 ; 300,02 ;   8,412507 ;   48,95
1306,72 ; 300,02 ;   7,179203 ;   41,76
1308,72 ; 299,99 ;   7,880009 ;   45,22
1310,73 ; 299,99 ;   8,231550 ;   47,09
1312,73 ; 300,04 ;   7,896330 ;   45,36
1314,73 ; 299,95 ;   7,177724 ;   41,63
1316,73 ; 299,96 ;   9,108558 ;   52,54
1318,73 ; 299,98 ;   7,715897 ;   44,39
1320,73 ; 299,96 ;   7,538660 ;   43,68
1322,73 ; 299,95 ;   8,252538 ;   47,28
1324,73 ; 299,98 ;   8,072089 ;   46,79
1326,74 ; 299,97 ;   7,355957 ;   42,54
1328,74 ; 299,96 ;   8,076792 ;   46,67
1330,74 ; 299,98 ;   8,051075 ;   46,14
1332,74 ; 300,05 ;   7,535957 ;   43,70
1334,74 ; 299,96 ;   6,824085 ;   39,84
1336,74 ; 300,04 ;   9,108147 ;   52,48
1338,74 ; 300,06 ;   6,843993 ;   39,35
1340,74 ; 300,02 ;   7,555536 ;   43,24
1342,74 ; 300,03 ;   8,411487 ;   48,70
1344,75 ; 299,99 ;   7,555555 ;   43,99
1346,75 ; 300,01 ;   8,408057 ;   48,25
1348,75 ; 299,98 ;   7,713946 ;   44,13
1350,75 ; 299,98 ;   8,233148 ;   47,14
1352,75 ; 299,97 ;   7,873038 ;   45,42
1354,75 ; 299,96 ;   8,074458 ;   46,66
1356,75 ; 299,99 ;   8,050948 ;   46,13
1358,75 ; 299,98 ;   7,536901 ;   43,07
1360,75 ; 300,04 ;   8,075610 ;   46,00
1362,76 ; 299,97 ;   7,183028 ;   41,07
1364,76 ; 300,02 ;   8,768951 ;   50,70
1366,76 ; 300,02 ;   7,181686 ;   41,79
1368,76 ; 300,04 ;   7,896735 ;   45,24
1370,76 ; 300,04 ;   7,536037 ;   43,38
1372,76 ; 299,97 ;   7,898106 ;   45,10
1374,76 ; 300,02 ;   8,750102 ;   50,69
1376,76 ; 299,95 ;   7,180445 ;   41,78
1378,76 ; 300,10 ;   8,747760 ;   50,83
1380,77 ; 300,06 ;   5,788921 ;   33,21
1382,77 ; 299,98 ;   8,249475 ;   47,84
1384,77 ; 300,06 ;   8,950948 ;   51,17
1386,77 ; 300,08 ;   6,840589 ;   39,19
1388,77 ; 300,05 ;   7,536015 ;   43,70
1390,77 ; 300,08 ;   8,053291 ;   46,71
1392,77 ; 300,04 ;   7,554250 ;   43,11
1394,77 ; 300,10 ;   8,234954 ;   47,94
1396,77 ; 300,05 ;   7,016258 ;   40,08
1398,78 ; 300,05 ;   8,411214 ;   48,41
1400,78 ; 299,96 ;   7,714884 ;   44,95
1402,78 ; 300,01 ;   9,107519 ;   52,40
1404,78 ; 300,03 ;   7,200688 ;   41,76
1406,78 ; 300,02 ;   7,533994 ;   43,35
1408,78 ; 299,99 ;   8,072719 ;   46,32
1410,78 ; 300,04 ;   8,232269 ;   47,03
1412,78 ; 299,97 ;   7,195724 ;   41,57
1414,78 ; 299,98 ;   8,750187 ;   50,62
1416,79 ; 299,97 ;   7,715112 ;   44,19
1418,79 ; 299,96 ;   8,055271 ;   46,59
1420,79 ; 299,92 ;   8,070063 ;   46,06
1422,79 ; 299,99 ;   8,412738 ;   48,60
1424,79 ; 300,01 ;   7,019918 ;   40,13
1426,79 ; 299,89 ;   7,716744 ;   44,08
1428,79 ; 299,97 ;   9,467718 ;   54,55
1430,79 ; 299,98 ;   6,843776 ;   39,70
1432,79 ; 299,92 ;   7,714518 ;   44,23
1434,80 ; 300,03 ;   8,771731 ;   50,36
1436,80 ; 299,98 ;   6,482694 ;   37,05
1438,80 ; 299,97 ;   8,411850 ;   48,85
1440,80 ; 299,97 ;   8,077294 ;   46,63
1442,80 ; 300,01 ;   7,875588 ;   45,48
1444,80 ; 299,98 ;   7,378001 ;   42,38
1446,80 ; 300,03 ;   8,234622 ;   47,13
1448,80 ; 300,04 ;   7,197028 ;   41,67
1450,80 ; 300,09 ;   7,717551 ;   44,50
1452,81 ; 300,06 ;   7,178113 ;   41,34
1454,81 ; 300,09 ;   8,059242 ;   46,66
1456,81 ; 300,09 ;   7,533870 ;   43,06
1458,81 ; 300,05 ;   7,715950 ;   44,78
1460,81 ; 300,05 ;   8,252406 ;   47,25
1462,81 ; 300,02 ;   7,715236 ;   44,94
1464,81 ; 299,92 ;   8,411111 ;   48,04
1466,81 ; 300,02 ;   9,109867 ;   52,62
1468,81 ; 300,04 ;   6,663081 ;   38,25
1470,82 ; 299,96 ;   7,537977 ;   43,30
1472,82 ; 299,96 ;   8,930977 ;   51,24
1474,82 ; 299,98 ;   7,873728 ;   45,48
1476,82 ; 299,97 ;   7,539135 ;   43,62
1478,82 ; 300,03 ;   8,057523 ;   46,60
1480,82 ; 300,04 ;   7,017913 ;   40,47
1482,82 ; 299,94 ;   7,714637 ;   44,46
1484,82 ; 299,97 ;   9,286562 ;   53,12
1486,82 ; 299,96 ;   7,537756 ;   43,14
1488,83 ; 299,97 ;   8,068707 ;   46,07
1490,83 ; 300,03 ;   7,715255 ;   44,88
1492,83 ; 299,96 ;   7,018034 ;   40,49
1494,83 ; 300,02 ;   8,752149 ;   50,69
1496,83 ; 299,98 ;   7,177372 ;   41,15
1498,83 ; 300,01 ;   8,236472 ;   47,67
1500,83 ; 300,04 ;   7,554453 ;   43,50
1502,83 ; 300,12 ;   7,358545 ;   42,74
1504,83 ; 300,01 ;   6,663086 ;   38,83
1506,84 ; 300,12 ;   9,287033 ;   53,29
1508,84 ; 300,03 ;   6,324311 ;   36,51
1510,84 ; 300,05 ;   8,932940 ;   51,41
1512,84 ; 299,94 ;   7,556209 ;   43,20
1514,84 ; 299,99 ;   9,447267 ;   54,25
1516,84 ; 300,03 ;   7,177730 ;   41,25
1518,84 ; 300,03 ;   7,364058 ;   42,18
1520,84 ; 300,04 ;   7,894253 ;   45,06
1522,84 ; 299,98 ;   7,698496 ;   44,43
1524,85 ; 300,01 ;   8,595187 ;   49,36
1526,85 ; 299,96 ;   7,537453 ;   43,46
1528,85 ; 300,01 ;   8,411658 ;   48,92
1530,85 ; 299,96 ;   7,179332 ;   41,73
1532,85 ; 299,92 ;   8,429351 ;   48,92
1534,85 ; 299,96 ;   8,411665 ;   48,58
1536,85 ; 300,06 ;   7,359519 ;   42,59
1538,85 ; 300,06 ;   6,486511 ;   37,40
1540,85 ; 300,04 ;   7,717280 ;   44,89
1542,86 ; 300,04 ;   8,075456 ;   46,74
1544,86 ; 299,98 ;   7,878248 ;   45,01
1546,86 ; 299,98 ;   8,594086 ;   49,36
1548,86 ; 299,97 ;   7,877049 ;   45,32
1550,86 ; 300,02 ;   8,076133 ;   46,57
1552,86 ; 300,01 ;   7,182327 ;   41,69
1554,86 ; 299,96 ;   7,899070 ;   45,77
1556,86 ; 299,92 ;   8,412728 ;   48,92
1558,86 ; 299,97 ;   8,412497 ;   48,58
1560,87 ; 300,04 ;   7,199064 ;   41,97
1562,87 ; 299,95 ;   6,844871 ;   39,84
1564,87 ; 299,96 ;   9,125459 ;   52,48
1566,87 ; 299,90 ;   7,718983 ;   44,33
1568,87 ; 300,01 ;   8,766560 ;   50,46
1570,87 ; 299,99 ;   6,500887 ;   37,16
1572,87 ; 300,04 ;   8,076820 ;   46,47
1574,87 ; 300,03 ;   7,177458 ;   41,58
1576,87 ; 300,01 ;   7,880084 ;   45,66
1578,88 ; 300,09 ;   8,070586 ;   46,95
1580,88 ; 299,99 ;   6,678476 ;   39,00
1582,88 ; 299,96 ;   9,111797 ;   52,21
1584,88 ; 300,01 ;   8,234181 ;   47,79
1586,88 ; 300,01 ;   7,180035 ;   41,75
1588,88 ; 299,98 ;   7,876463 ;   45,21
1590,88 ; 300,04 ;   8,236726 ;   47,07
1592,88 ; 299,94 ;   7,022296 ;   40,99
1594,88 ; 299,99 ;   9,290731 ;   53,11
1596,89 ; 300,01 ;   7,201816 ;   41,27
1598,89 ; 299,99 ;   7,716798 ;   44,06
1600,89 ; 299,97 ;   8,076541 ;   46,46
1602,89 ; 300,04 ;   8,256513 ;   47,17
1604,89 ; 299,91 ;   6,825804 ;   39,85
1606,89 ; 300,03 ;   9,450244 ;   54,98
1608,89 ; 299,97 ;   6,306560 ;   36,44
1610,89 ; 300,03 ;   8,767811 ;   50,06
1612,89 ; 299,98 ;   7,022163 ;   40,48
1614,90 ; 300,06 ;   8,430652 ;   48,82
1616,90 ; 299,99 ;   6,843600 ;   39,14
1618,90 ; 299,97 ;   8,752091 ;   50,49
1620,90 ; 299,94 ;   8,237562 ;   47,17
1622,90 ; 300,01 ;   8,230378 ;   47,93
1624,90 ; 299,99 ;   7,023745 ;   40,04
1626,90 ; 299,92 ;   8,077184 ;   46,47
1628,90 ; 299,94 ;   8,755945 ;   50,91
1630,90 ; 299,91 ;   7,716853 ;   44,49
1632,91 ; 299,98 ;   8,233875 ;   47,52
1634,91 ; 300,04 ;   7,019981 ;   40,20
1636,91 ; 300,01 ;   7,202146 ;   41,04
1638,91 ; 299,99 ;   8,233661 ;   47,56
1640,91 ; 300,04 ;   8,074898 ;   46,49
1642,91 ; 300,03 ;   7,200969 ;   41,61
1644,91 ; 300,03 ;   7,898715 ;   45,69
1646,91 ; 299,98 ;   7,894970 ;   45,11
1648,91 ; 300,09 ;   8,413414 ;   48,83
1650,92 ; 300,01 ;   6,487041 ;   37,29
1652,92 ; 299,97 ;   8,774727 ;   51,00
1654,92 ; 300,02 ;   8,397341 ;   48,34
1656,92 ; 300,08 ;   7,203091 ;   41,73
1658,92 ; 299,99 ;   7,020343 ;   40,21
1660,92 ; 300,03 ;   8,948692 ;   51,65
1662,92 ; 299,96 ;   7,359843 ;   42,20
1664,92 ; 299,99 ;   8,773291 ;   50,68
1666,92 ; 299,97 ;   7,540678 ;   43,01
1668,93 ; 300,04 ;   8,236826 ;   47,18
1670,93 ; 300,01 ;   6,842012 ;   39,86
1672,93 ; 300,04 ;   8,232609 ;   47,53
1674,93 ; 300,09 ;   7,377998 ;   42,74
1676,93 ; 300,03 ;   7,180101 ;   41,31
1678,93 ; 299,99 ;   8,589332 ;   49,11
1680,93 ; 300,03 ;   8,413129 ;   48,18
1682,93 ; 299,97 ;   7,377055 ;   42,19
1684,94 ; 299,98 ;   8,750610 ;   50,04
1686,94 ; 300,08 ;   7,719918 ;   44,19
1688,94 ; 299,99 ;   6,498844 ;   37,88
1690,94 ; 300,04 ;   8,952050 ;   51,63
1692,94 ; 299,98 ;   7,198740 ;   41,56
1694,94 ; 299,95 ;   8,591967 ;   49,37
1696,94 ; 299,96 ;   8,430498 ;   48,44
1698,94 ; 300,04 ;   7,718763 ;   44,32
1700,94 ; 299,90 ;   6,841849 ;   39,26
1702,95 ; 299,98 ;   9,805401 ;   56,22
1704,95 ; 299,94 ;   6,843611 ;   39,01
1706,95 ; 300,03 ;   8,591708 ;   49,08
1708,95 ; 300,03 ;   6,664429 ;   38,17
1710,95 ; 300,01 ;   7,893417 ;   45,08
1712,95 ; 300,06 ;   8,058554 ;   46,95
1714,95 ; 300,04 ;   7,019685 ;   40,87
1716,95 ; 300,02 ;   8,076072 ;   46,76
1718,95 ; 300,05 ;   8,060723 ;   46,89
1720,96 ; 300,03 ;   7,359121 ;   42,05
1722,96 ; 299,98 ;   8,059025 ;   46,79
1724,96 ; 299,98 ;   8,414757 ;   48,79
1726,96 ; 300,01 ;   7,877362 ;   45,33
1728,96 ; 299,96 ;   7,558230 ;   43,47
1730,96 ; 299,94 ;   8,413956 ;   48,93
1732,96 ; 299,98 ;   8,236818 ;   47,34
1734,96 ; 299,96 ;   7,181934 ;   41,88
1736,96 ; 300,04 ;   8,255805 ;   47,21
1738,97 ; 299,99 ;   6,838347 ;   39,27
1740,97 ; 300,03 ;   8,415672 ;   48,76
1742,97 ; 300,03 ;   7,359027 ;   42,19
1744,97 ; 300,05 ;   7,875192 ;   45,07
1746,97 ; 300,01 ;   7,555504 ;   43,20
1748,97 ; 300,03 ;   8,411990 ;   48,66
1750,97 ; 300,08 ;   7,541806 ;   43,33
1752,97 ; 300,01 ;   7,184064 ;   41,33
1754,97 ; 300,01 ;   8,751604 ;   50,38
1756,98 ; 300,02 ;   7,899054 ;   45,18
1758,98 ; 300,12 ;   7,717117 ;   44,56
1760,98 ; 300,06 ;   6,498912 ;   37,06
1762,98 ; 300,08 ;   8,417511 ;   48,89
1764,98 ; 299,99 ;   7,537361 ;   43,60
1766,98 ; 300,02 ;   8,950527 ;   51,58
1768,98 ; 300,09 ;   7,555145 ;   43,38
1770,98 ; 299,99 ;   6,838981 ;   39,51
1772,98 ; 300,04 ;   9,113629 ;   52,15
1774,99 ; 299,96 ;   7,180705 ;   41,50
1776,99 ; 300,05 ;   8,932785 ;   51,17
1778,99 ; 299,95 ;   6,486096 ;   37,95
1780,99 ; 299,99 ;   9,275221 ;   53,57
1782,99 ; 299,92 ;   7,179731 ;   41,77
1784,99 ; 299,98 ;   8,754275 ;   50,83
1786,99 ; 300,01 ;   7,019045 ;   40,68
1788,99 ; 299,99 ;   7,543014 ;   43,42
1790,99 ; 299,94 ;   8,078831 ;   46,40
1793,00 ; 299,98 ;   8,589729 ;   49,60
1795,00 ; 299,94 ;   7,202696 ;   41,84
1797,00 ; 300,03 ;   8,593086 ;   49,03
1799,00 ; 299,92 ;   6,662339 ;   38,12
1801,00 ; 300,05 ;   9,291500 ;   53,74
1803,00 ; 300,01 ;   6,143608 ;   35,10
1805,00 ; 300,02 ;   8,417700 ;   48,63
1807,00 ; 299,92 ;   7,715816 ;   44,55
1809,00 ; 299,94 ;   9,113745 ;   52,58
1811,01 ; 299,98 ;   7,717911 ;   44,43
1813,01 ; 299,92 ;   7,181321 ;   41,86
1815,01 ; 299,97 ;   8,752506 ;   50,29
1817,01 ; 299,99 ;   7,197769 ;   41,96
1819,01 ; 299,99 ;   7,542483 ;   43,56
1821,01 ; 299,99 ;   7,894562 ;   45,29
1823,01 ; 299,98 ;   7,879758 ;   45,29
1825,01 ; 299,99 ;   7,898797 ;   45,91
1827,01 ; 300,08 ;   7,720275 ;   44,71
1829,02 ; 299,95 ;   6,665512 ;   38,45
1831,02 ; 300,01 ;   9,647531 ;   55,35
1833,02 ; 300,03 ;   7,023550 ;   40,59
1835,02 ; 300,06 ;   7,541764 ;   43,33
1837,02 ; 300,05 ;   7,362133 ;   42,57
1839,02 ; 300,02 ;   7,900563 ;   45,49
1841,02 ; 299,94 ;   8,414938 ;   48,02
1843,02 ; 300,02 ;   8,929836 ;   51,35
1845,02 ; 299,97 ;   6,840287 ;   39,38
1847,03 ; 300,01 ;   8,418622 ;   48,87
1849,03 ; 299,96 ;   7,358864 ;   42,30
1851,03 ; 299,97 ;   8,414323 ;   48,92
1853,03 ; 299,92 ;   7,718341 ;   44,84
1855,03 ; 299,87 ;   8,594736 ;   49,15
1857,03 ; 299,99 ;   8,749166 ;   50,05
1859,03 ; 299,95 ;   6,325422 ;   36,09
1861,03 ; 299,99 ;   8,596514 ;   49,04
1863,03 ; 300,01 ;   7,180013 ;   41,86
1865,04 ; 299,96 ;   7,717324 ;   44,07
1867,04 ; 299,94 ;   8,415234 ;   48,96
1869,04 ; 300,04 ;   8,255667 ;   47,36
1871,04 ; 299,98 ;   6,487571 ;   37,56
1873,04 ; 300,02 ;   8,595830 ;   49,40
1875,04 ; 300,04 ;   7,359667 ;   42,88
1877,04 ; 300,03 ;   7,538731 ;   43,32
1879,04 ; 300,01 ;   7,896198 ;   45,67
1881,04 ; 300,04 ;   8,059825 ;   46,95
1883,05 ; 300,05 ;   7,356719 ;   42,74
1885,05 ; 299,96 ;   7,539655 ;   43,79
1887,05 ; 299,99 ;   9,109971 ;   52,40
1889,05 ; 300,03 ;   7,558701 ;   43,00
1891,05 ; 300,05 ;   7,361236 ;   42,20
1893,05 ; 300,01 ;   7,539333 ;   43,21
1895,05 ; 299,99 ;   8,414294 ;   48,67
1897,05 ; 299,95 ;   8,077675 ;   46,45
1899,05 ; 300,03 ;   8,592517 ;   49,03
1901,06 ; 300,06 ;   6,666475 ;   38,74
1903,06 ; 300,04 ;   7,359910 ;   42,59
1905,06 ; 299,97 ;   8,056496 ;   46,75
1907,06 ; 299,95 ;   8,770586 ;   50,62
1909,06 ; 299,99 ;   8,237887 ;   47,29
1911,06 ; 300,03 ;   7,203108 ;   41,84
1913,06 ; 300,03 ;   7,359169 ;   42,19
1915,06 ; 300,09 ;   7,875266 ;   45,07
1917,06 ; 299,99 ;   7,021849 ;   40,71
1919,07 ; 300,04 ;   9,110564 ;   52,20
1921,07 ; 300,04 ;   7,201158 ;   41,56
1923,07 ; 299,95 ;   7,899899 ;   45,01
1925,07 ; 299,99 ;   9,110200 ;   52,47
1927,07 ; 300,04 ;   7,201694 ;   41,82
1929,07 ; 299,97 ;   7,201386 ;   41,55
1931,07 ; 299,95 ;   8,769090 ;   50,61
1933,07 ; 300,06 ;   8,236598 ;   47,28
1935,08 ; 299,99 ;   6,325360 ;   36,23
1937,08 ; 299,92 ;   8,755397 ;   50,47
1939,08 ; 299,94 ;   8,753631 ;   50,88
1941,08 ; 299,90 ;   7,718031 ;   44,46
1943,08 ; 300,02 ;   8,412759 ;   48,72
1945,08 ; 299,99 ;   6,306597 ;   36,52
1947,08 ; 299,97 ;   8,232059 ;   47,04
1949,08 ; 300,02 ;   8,254301 ;   47,17
1951,08 ; 300,03 ;   7,202060 ;   41,72
1953,09 ; 300,05 ;   7,540591 ;   43,93
1955,09 ; 300,05 ;   7,541305 ;   43,21
1957,09 ; 299,92 ;   7,717833 ;   44,94
1959,09 ; 300,08 ;   9,629440 ;   55,50
1961,09 ; 300,01 ;   5,789385 ;   33,27
1963,09 ; 299,99 ;   8,766655 ;   50,39
1965,09 ; 299,99 ;   8,076105 ;   46,45
1967,09 ; 299,94 ;   7,880829 ;   45,29
1969,09 ; 299,97 ;   8,596818 ;   49,65
1971,10 ; 300,02 ;   7,537437 ;   43,13
1973,10 ; 300,04 ;   7,201859 ;   41,71
1975,10 ; 299,97 ;   7,536118 ;   43,30
1977,10 ; 299,98 ;   8,775974 ;   50,62
1979,10 ; 300,04 ;   7,715997 ;   44,20
1981,10 ; 299,99 ;   7,005414 ;   41,00
1983,10 ; 299,96 ;   8,414497 ;   48,76
1985,10 ; 299,99 ;   8,239198 ;   47,79
1987,10 ; 299,96 ;   7,362288 ;   43,00
1989,11 ; 299,95 ;   8,255418 ;   47,79
1991,11 ; 300,03 ;   8,077830 ;   46,74
1993,11 ; 299,95 ;   6,681043 ;   38,75
1995,11 ; 299,96 ;   8,950442 ;   51,93
1997,11 ; 300,01 ;   7,719658 ;   44,35
1999,11 ; 300,02 ;   7,201071 ;   41,78
2001,11 ; 299,99 ;   7,723231 ;   44,61
2003,11 ; 300,01 ;   8,237238 ;   47,05
2005,11 ; 299,99 ;   7,719870 ;   44,08
2007,12 ; 300,04 ;   8,055672 ;   46,47
2009,12 ; 299,98 ;   7,206313 ;   41,59
2011,12 ; 299,96 ;   8,591905 ;   49,40
2013,12 ; 299,89 ;   8,240491 ;   47,23
2015,12 ; 299,99 ;   8,931979 ;   51,10
2017,12 ; 299,99 ;   6,484984 ;   37,84
2019,12 ; 299,99 ;   7,878393 ;   45,34
2021,12 ; 300,09 ;   7,900204 ;   45,34
2023,12 ; 300,01 ;   6,483480 ;   37,88
2025,13 ; 300,02 ;   8,932117 ;   51,00
2027,13 ; 300,02 ;   7,718112 ;   44,62
2029,13 ; 299,96 ;   7,897113 ;   45,19
2031,13 ; 300,01 ;   8,590460 ;   49,54
2033,13 ; 299,98 ;   7,203244 ;   41,78
2035,13 ; 300,03 ;   8,237462 ;   47,10
2037,13 ; 299,98 ;   7,197728 ;   41,65
2039,13 ; 300,04 ;   8,414349 ;   48,83
2041,14 ; 299,98 ;   7,182891 ;   41,02
2043,14 ; 299,95 ;   8,597611 ;   49,40
2045,14 ; 299,92 ;   8,414391 ;   48,48
2047,14 ; 300,10 ;   8,236368 ;   47,47
2049,14 ; 300,04 ;   5,449064 ;   31,45
2051,14 ; 299,98 ;   8,591883 ;   49,67
2053,14 ; 299,98 ;   8,597575 ;   49,40
2055,14 ; 299,98 ;   7,874928 ;   45,37
2057,14 ; 299,94 ;   7,899317 ;   45,37
2059,15 ; 299,98 ;   8,592978 ;   49,11
2061,15 ; 299,98 ;   7,203341 ;   41,92
2063,15 ; 299,97 ;   7,896057 ;   45,38
2065,15 ; 300,02 ;   8,054391 ;   46,63
2067,15 ; 299,98 ;   7,203485 ;   41,75
2069,15 ; 299,99 ;   8,234159 ;   47,69
2071,15 ; 299,98 ;   7,721944 ;   44,77
2073,15 ; 300,09 ;   7,879764 ;   45,97
2075,15 ; 299,99 ;   6,504857 ;   37,31
2077,16 ; 299,99 ;   9,111011 ;   52,26
2079,16 ; 300,06 ;   7,896535 ;   45,34
2081,16 ; 300,10 ;   6,843303 ;   39,74
2083,16 ; 300,01 ;   7,184276 ;   41,82
2085,16 ; 300,04 ;   9,129531 ;   52,15
2087,16 ; 300,09 ;   7,380489 ;   42,74
2089,16 ; 300,03 ;   7,180292 ;   41,31
2091,16 ; 300,01 ;   8,590693 ;   49,12
2093,16 ; 300,04 ;   8,077740 ;   46,94
2095,17 ; 299,99 ;   7,360839 ;   42,72
2097,17 ; 300,08 ;   8,414661 ;   48,75
2099,17 ; 300,02 ;   6,664781 ;   38,45
2101,17 ; 299,97 ;   8,592121 ;   49,77
2103,17 ; 299,99 ;   8,413624 ;   48,88
2105,17 ; 299,98 ;   7,558479 ;   43,56
2107,17 ; 299,97 ;   7,875025 ;   45,91
2109,17 ; 299,96 ;   8,077748 ;   46,58
2111,17 ; 300,05 ;   8,056417 ;   46,05
2113,18 ; 299,97 ;   6,683399 ;   38,02
2115,18 ; 299,92 ;   8,931888 ;   51,78
2117,18 ; 299,97 ;   8,592276 ;   49,16
2119,18 ; 299,96 ;   7,181732 ;   41,98
2121,18 ; 300,04 ;   8,079709 ;   46,07
2123,18 ; 300,04 ;   6,842621 ;   39,28
2125,18 ; 299,94 ;   7,897046 ;   45,04
2127,18 ; 299,94 ;   9,292831 ;   53,12
2129,19 ; 299,99 ;   7,878656 ;   45,63
2131,19 ; 300,02 ;   7,204088 ;   41,29
2133,19 ; 300,01 ;   7,538666 ;   43,46
2135,19 ; 299,99 ;   7,896811 ;   45,81
2137,19 ; 300,03 ;   8,077785 ;   46,47
2139,19 ; 299,99 ;   7,365612 ;   42,21
2141,19 ; 300,02 ;   8,414280 ;   48,20
2143,19 ; 300,01 ;   7,537347 ;   43,45
2145,19 ; 299,97 ;   7,899170 ;   45,80
2147,20 ; 300,03 ;   8,414671 ;   48,33
2149,20 ; 299,99 ;   7,020639 ;   40,48
2151,20 ; 300,03 ;   8,414528 ;   48,20
2153,20 ; 299,96 ;   7,361120 ;   42,21
2155,20 ; 300,02 ;   8,775929 ;   50,68
2157,20 ; 299,96 ;   7,207259 ;   41,14
2159,20 ; 300,06 ;   8,594337 ;   49,53
2161,20 ; 299,98 ;   6,487779 ;   37,41
2163,20 ; 300,02 ;   8,935914 ;   51,12
2165,21 ; 299,99 ;   7,380868 ;   42,87
2167,21 ; 300,01 ;   8,234626 ;   47,04
2169,21 ; 299,99 ;   7,723218 ;   44,07
2171,21 ; 299,97 ;   8,055705 ;   46,46
2173,21 ; 300,03 ;   8,255648 ;   47,18
2175,21 ; 300,03 ;   7,022498 ;   40,48
2177,21 ; 300,01 ;   7,877425 ;   45,09
2179,21 ; 299,97 ;   8,078225 ;   46,95
2181,21 ; 300,05 ;   8,415667 ;   48,33
2183,22 ; 299,97 ;   6,665377 ;   38,61
2185,22 ; 300,01 ;   8,954179 ;   51,78
2187,22 ; 299,99 ;   7,379159 ;   42,34
2189,22 ; 300,01 ;   8,055764 ;   46,46
2191,22 ; 299,97 ;   7,719629 ;   44,07
2193,22 ; 300,04 ;   8,414040 ;   48,33
2195,22 ; 300,06 ;   6,844686 ;   39,85
2197,22 ; 300,02 ;   7,542373 ;   43,17
2199,22 ; 300,02 ;   8,416608 ;   48,62
2201,23 ; 300,06 ;   7,878056 ;   45,16
2203,23 ; 300,08 ;   7,201483 ;   41,43
2205,23 ; 300,03 ;   7,541061 ;   43,64
2207,23 ; 300,05 ;   8,416145 ;   48,52
2209,23 ; 300,08 ;   7,538963 ;   43,19
2211,23 ; 300,05 ;   7,538829 ;   43,05
2213,23 ; 300,09 ;   8,076805 ;   46,63
2215,23 ; 299,97 ;   7,365046 ;   42,41
2217,23 ; 299,97 ;   9,470861 ;   54,03
2219,24 ; 299,97 ;   7,897222 ;   45,39
2221,24 ; 300,03 ;   7,876791 ;   45,39
2223,24 ; 300,05 ;   7,005383 ;   40,42
2225,24 ; 300,13 ;   7,541850 ;   43,16
2227,24 ; 300,03 ;   6,841980 ;   39,29
2229,24 ; 300,01 ;   8,954598 ;   51,93
2231,24 ; 300,01 ;   8,080154 ;   46,87
2233,24 ; 300,03 ;   7,877911 ;   45,14
2235,24 ; 300,04 ;   7,541161 ;   43,28
2237,25 ; 299,97 ;   7,717839 ;   44,38
