Tempo total (s) ;Temperatura (ºC) ; Potencia atual (W) ; Saida
P:   5.68 I: 104.06 D:  26.00 Tensão:6.631 V Temperatura ambiente:     21.22ºC
2,00 ; 299,96 ;   7,330852 ;   42,09
4,00 ; 300,02 ;   8,740137 ;   50,56
6,00 ; 300,02 ;   7,175653 ;   41,02
8,00 ; 300,01 ;   7,865039 ;   45,06
10,01 ; 299,98 ;   7,846178 ;   45,68
12,01 ; 300,03 ;   8,045962 ;   46,97
14,01 ; 300,08 ;   7,155071 ;   41,51
16,01 ; 299,95 ;   7,173107 ;   41,23
18,01 ; 300,03 ;   9,608400 ;   55,25
20,01 ; 299,94 ;   6,637230 ;   38,62
22,01 ; 299,99 ;   9,076306 ;   52,42
24,01 ; 299,94 ;   7,151573 ;   41,15
26,01 ; 299,99 ;   8,555170 ;   49,54
28,01 ; 300,02 ;   7,175383 ;   41,16
30,02 ; 300,04 ;   7,510305 ;   43,33
32,02 ; 299,97 ;   7,507399 ;   43,20
34,02 ; 299,99 ;   8,740500 ;   50,52
36,02 ; 300,08 ;   7,510179 ;   43,47
38,02 ; 300,03 ;   6,654872 ;   38,36
40,02 ; 300,03 ;   8,380729 ;   48,42
42,02 ; 299,99 ;   7,690267 ;   44,96
44,02 ; 300,02 ;   8,382128 ;   48,07
46,02 ; 300,09 ;   7,529171 ;   43,32
48,02 ; 300,03 ;   6,813290 ;   39,45
50,03 ; 299,99 ;   8,382685 ;   48,98
52,03 ; 300,01 ;   8,379116 ;   48,05
54,03 ; 300,05 ;   7,509836 ;   43,93
56,03 ; 300,08 ;   7,157021 ;   41,35
58,03 ; 300,01 ;   7,350018 ;   42,93
60,03 ; 300,02 ;   8,719010 ;   50,25
62,03 ; 300,02 ;   7,687053 ;   44,44
64,03 ; 299,97 ;   7,863030 ;   45,02
66,03 ; 300,01 ;   8,379083 ;   48,74
68,04 ; 299,99 ;   7,349571 ;   42,18
70,04 ; 300,02 ;   8,023674 ;   46,31
72,04 ; 299,97 ;   7,508796 ;   43,29
74,04 ; 300,01 ;   8,379942 ;   48,75
76,04 ; 299,92 ;   7,351896 ;   42,18
78,04 ; 299,99 ;   8,895725 ;   51,90
80,04 ; 299,92 ;   6,816560 ;   39,98
82,04 ; 299,98 ;   8,736503 ;   50,76
84,04 ; 299,91 ;   6,994957 ;   40,60
86,04 ; 300,05 ;   8,741085 ;   50,81
88,05 ; 300,05 ;   5,943102 ;   34,44
90,05 ; 299,99 ;   7,690909 ;   44,81
92,05 ; 300,05 ;   8,557035 ;   49,79
94,05 ; 300,03 ;   6,996002 ;   40,20
96,05 ; 299,99 ;   8,046657 ;   46,67
98,05 ; 300,01 ;   8,383468 ;   48,05
100,05 ; 300,01 ;   7,509910 ;   43,92
102,05 ; 300,04 ;   7,847470 ;   45,07
104,05 ; 300,01 ;   7,333909 ;   42,58
106,06 ; 299,97 ;   8,223616 ;   47,37
108,06 ; 299,97 ;   8,385825 ;   48,17
110,06 ; 299,92 ;   7,864493 ;   45,30
112,06 ; 300,01 ;   8,557440 ;   49,03
114,06 ; 300,01 ;   6,636601 ;   38,74
116,06 ; 299,96 ;   7,845689 ;   45,08
118,06 ; 299,98 ;   8,381468 ;   48,81
120,06 ; 300,03 ;   7,510635 ;   43,49
122,06 ; 299,97 ;   7,174994 ;   41,49
124,06 ; 299,95 ;   8,559263 ;   49,92
126,07 ; 300,03 ;   8,220463 ;   47,18
128,07 ; 300,03 ;   6,656566 ;   38,61
130,07 ; 300,03 ;   7,688158 ;   44,95
132,07 ; 299,92 ;   7,686863 ;   44,95
134,07 ; 299,98 ;   9,257453 ;   53,65
136,07 ; 299,98 ;   6,977143 ;   40,61
138,07 ; 299,99 ;   7,846708 ;   45,23
140,07 ; 300,04 ;   7,688745 ;   44,61
142,07 ; 299,97 ;   7,174422 ;   41,45
144,08 ; 299,99 ;   8,735016 ;   50,51
146,08 ; 299,97 ;   7,509506 ;   43,45
148,08 ; 300,02 ;   8,205795 ;   47,05
150,08 ; 300,05 ;   7,154011 ;   41,59
152,08 ; 300,08 ;   7,175150 ;   41,94
154,08 ; 299,95 ;   7,329465 ;   42,95
156,08 ; 300,01 ;   9,592086 ;   55,24
158,08 ; 299,97 ;   6,995955 ;   40,47
160,08 ; 300,02 ;   8,385439 ;   48,20
162,08 ; 299,99 ;   7,171642 ;   41,58
164,09 ; 300,06 ;   8,022922 ;   46,91
166,09 ; 300,06 ;   6,817460 ;   39,59
168,09 ; 299,96 ;   7,688439 ;   44,77
170,09 ; 300,03 ;   9,078000 ;   52,84
172,09 ; 299,97 ;   6,818193 ;   39,75
174,09 ; 300,01 ;   8,558884 ;   49,91
176,09 ; 299,99 ;   7,351327 ;   42,20
178,09 ; 300,03 ;   8,029336 ;   46,32
180,09 ; 299,91 ;   7,331564 ;   42,06
182,09 ; 299,98 ;   9,432236 ;   54,27
184,10 ; 299,94 ;   6,994176 ;   40,03
186,10 ; 299,96 ;   8,399270 ;   48,95
188,10 ; 300,01 ;   7,512278 ;   43,64
190,10 ; 299,99 ;   7,172922 ;   41,64
192,10 ; 300,01 ;   8,023728 ;   46,34
194,10 ; 299,91 ;   7,510270 ;   43,95
196,10 ; 299,96 ;   9,094933 ;   52,56
198,10 ; 300,01 ;   7,151375 ;   41,92
200,10 ; 300,06 ;   7,155925 ;   41,65
202,11 ; 299,97 ;   6,994064 ;   40,76
204,11 ; 300,05 ;   9,094947 ;   52,25
206,11 ; 300,01 ;   6,634693 ;   38,49
208,11 ; 300,06 ;   8,399736 ;   48,56
210,11 ; 300,01 ;   6,993594 ;   40,75
212,11 ; 299,96 ;   8,561245 ;   49,13
214,11 ; 300,05 ;   8,381480 ;   48,82
216,11 ; 300,01 ;   6,480119 ;   37,91
218,11 ; 299,97 ;   8,384849 ;   48,55
220,11 ; 299,98 ;   8,381052 ;   48,20
222,12 ; 299,95 ;   7,686373 ;   44,08
224,12 ; 299,91 ;   8,380799 ;   48,34
226,12 ; 299,97 ;   8,219899 ;   47,95
228,12 ; 300,05 ;   7,173716 ;   41,30
230,12 ; 300,04 ;   6,638140 ;   38,50
232,12 ; 299,94 ;   8,047658 ;   46,08
234,12 ; 299,89 ;   9,255326 ;   53,01
236,12 ; 300,03 ;   8,543256 ;   49,25
238,12 ; 300,03 ;   5,944684 ;   34,61
240,12 ; 299,99 ;   7,686825 ;   44,98
242,13 ; 299,92 ;   8,381828 ;   48,09
244,13 ; 300,04 ;   8,738326 ;   50,80
246,13 ; 300,05 ;   6,278580 ;   36,29
248,13 ; 299,96 ;   7,510385 ;   43,70
250,13 ; 300,01 ;   9,075297 ;   52,30
252,13 ; 299,99 ;   7,154867 ;   41,66
254,13 ; 300,04 ;   8,043681 ;   46,36
256,13 ; 300,03 ;   7,172485 ;   41,48
258,13 ; 300,03 ;   7,867159 ;   45,56
260,14 ; 300,05 ;   7,689180 ;   44,98
262,14 ; 300,03 ;   7,510670 ;   43,11
264,14 ; 299,98 ;   8,023930 ;   46,70
266,14 ; 300,03 ;   8,385486 ;   48,69
268,14 ; 299,97 ;   7,152675 ;   41,50
270,14 ; 300,06 ;   8,544018 ;   49,94
272,14 ; 299,98 ;   6,459232 ;   37,86
274,14 ; 300,02 ;   8,732938 ;   50,99
276,14 ; 299,96 ;   7,332703 ;   42,74
278,14 ; 299,99 ;   8,561494 ;   49,40
280,15 ; 299,97 ;   7,332372 ;   42,88
282,15 ; 300,03 ;   8,218554 ;   47,05
284,15 ; 300,01 ;   6,993904 ;   40,35
286,15 ; 299,99 ;   8,046966 ;   46,83
288,15 ; 299,96 ;   8,026738 ;   46,34
290,15 ; 299,87 ;   8,204343 ;   47,68
292,15 ; 300,01 ;   9,075035 ;   52,84
294,15 ; 300,03 ;   5,944284 ;   34,74
296,15 ; 299,98 ;   7,508514 ;   43,25
298,15 ; 299,91 ;   8,383991 ;   48,71
300,16 ; 299,92 ;   8,719018 ;   50,85
302,16 ; 299,96 ;   7,864722 ;   45,04
304,16 ; 299,98 ;   7,351748 ;   42,52
306,16 ; 300,03 ;   7,507126 ;   43,54
308,16 ; 300,05 ;   7,172307 ;   41,54
310,16 ; 299,97 ;   7,507265 ;   43,13
312,16 ; 299,98 ;   8,916615 ;   51,70
314,16 ; 299,95 ;   7,686283 ;   44,11
316,16 ; 300,05 ;   8,379303 ;   48,38
318,17 ; 300,08 ;   6,301284 ;   36,80
320,17 ; 300,05 ;   7,350112 ;   43,00
322,17 ; 300,09 ;   8,027115 ;   46,58
324,17 ; 300,02 ;   7,329114 ;   42,36
326,17 ; 299,94 ;   8,740787 ;   50,25
328,17 ; 299,94 ;   8,898300 ;   51,28
330,17 ; 300,01 ;   7,868038 ;   45,52
332,17 ; 299,99 ;   6,816015 ;   39,93
334,17 ; 299,97 ;   8,044509 ;   46,36
336,17 ; 300,05 ;   8,204304 ;   47,08
338,18 ; 300,01 ;   6,639126 ;   38,51
340,18 ; 299,97 ;   8,380674 ;   48,58
342,18 ; 300,01 ;   8,380072 ;   48,23
344,18 ; 299,97 ;   7,353806 ;   42,24
346,18 ; 300,03 ;   8,384420 ;   48,23
348,18 ; 300,04 ;   6,978022 ;   40,38
350,18 ; 299,98 ;   7,686058 ;   44,36
352,18 ; 299,97 ;   8,561198 ;   49,29
354,18 ; 300,02 ;   8,022607 ;   46,50
356,18 ; 300,02 ;   7,172432 ;   41,62
358,19 ; 300,04 ;   7,863586 ;   45,08
360,19 ; 300,08 ;   7,510675 ;   43,21
362,19 ; 299,99 ;   7,153183 ;   41,82
364,19 ; 299,92 ;   8,918367 ;   51,54
366,19 ; 299,98 ;   8,734817 ;   50,80
368,19 ; 300,03 ;   6,998626 ;   40,64
370,19 ; 300,04 ;   7,168371 ;   41,52
372,19 ; 299,96 ;   7,686362 ;   44,36
374,19 ; 299,96 ;   8,917403 ;   51,15
376,20 ; 300,08 ;   7,867232 ;   45,38
378,20 ; 299,96 ;   6,296330 ;   36,06
380,20 ; 299,99 ;   9,431624 ;   54,03
382,20 ; 300,03 ;   7,330886 ;   42,90
384,20 ; 300,05 ;   7,350575 ;   42,10
386,20 ; 300,01 ;   7,512609 ;   43,11
388,20 ; 300,05 ;   8,381749 ;   48,56
390,20 ; 300,05 ;   7,154434 ;   41,37
392,20 ; 299,95 ;   7,692113 ;   44,83
394,20 ; 300,04 ;   9,250660 ;   53,53
396,21 ; 300,01 ;   6,639208 ;   38,00
398,21 ; 300,01 ;   8,203640 ;   47,40
400,21 ; 300,06 ;   7,862362 ;   45,09
402,21 ; 300,10 ;   6,995097 ;   40,74
404,21 ; 300,12 ;   7,172035 ;   41,66
406,21 ; 300,01 ;   7,509001 ;   43,29
408,21 ; 300,05 ;   9,255344 ;   53,13
410,21 ; 300,04 ;   7,150887 ;   41,33
412,21 ; 300,02 ;   8,026319 ;   46,03
414,22 ; 299,96 ;   8,024364 ;   46,73
416,22 ; 300,02 ;   8,563326 ;   49,36
418,22 ; 300,04 ;   6,978309 ;   40,97
420,22 ; 299,97 ;   7,513448 ;   43,14
422,22 ; 300,04 ;   8,719042 ;   50,46
424,22 ; 299,98 ;   6,815186 ;   39,68
426,22 ; 300,01 ;   8,561921 ;   49,22
428,22 ; 300,03 ;   7,512049 ;   43,32
430,22 ; 299,95 ;   7,511949 ;   43,18
432,22 ; 300,01 ;   8,897670 ;   51,75
434,23 ; 300,01 ;   6,975449 ;   40,44
436,23 ; 299,99 ;   7,848832 ;   45,05
438,23 ; 300,01 ;   8,043698 ;   46,29
440,23 ; 299,92 ;   7,509580 ;   43,90
442,23 ; 300,05 ;   8,895013 ;   51,89
444,23 ; 300,01 ;   5,943086 ;   34,98
446,23 ; 299,92 ;   8,382354 ;   48,51
448,23 ; 299,95 ;   8,901801 ;   51,89
450,23 ; 300,04 ;   7,510090 ;   43,69
452,23 ; 299,96 ;   6,460569 ;   37,96
454,24 ; 299,97 ;   8,895783 ;   51,10
456,24 ; 299,97 ;   7,684252 ;   44,71
458,24 ; 299,97 ;   7,847519 ;   45,29
460,24 ; 300,01 ;   7,869217 ;   45,30
462,24 ; 300,03 ;   7,331704 ;   42,19
464,24 ; 300,02 ;   7,507524 ;   43,21
466,24 ; 300,03 ;   8,045258 ;   46,18
468,24 ; 300,05 ;   7,527218 ;   43,78
470,24 ; 300,03 ;   7,512254 ;   43,06
472,24 ; 300,03 ;   8,028375 ;   46,65
474,25 ; 300,03 ;   7,686382 ;   44,92
476,25 ; 300,01 ;   7,669876 ;   44,92
478,25 ; 300,03 ;   8,047233 ;   46,78
480,25 ; 299,95 ;   7,511350 ;   43,18
482,25 ; 299,95 ;   8,898460 ;   51,75
484,25 ; 299,99 ;   7,852299 ;   45,41
486,25 ; 299,92 ;   7,154086 ;   41,69
488,25 ; 299,98 ;   8,722681 ;   50,74
490,25 ; 299,97 ;   6,973041 ;   40,59
492,25 ; 300,01 ;   8,026270 ;   46,45
494,26 ; 299,98 ;   7,329739 ;   42,19
496,26 ; 299,97 ;   8,046627 ;   46,94
498,26 ; 300,03 ;   8,024415 ;   46,45
500,26 ; 300,02 ;   6,997651 ;   40,33
502,26 ; 300,05 ;   8,044455 ;   46,18
504,26 ; 299,98 ;   7,153578 ;   41,92
506,26 ; 299,95 ;   8,740492 ;   50,39
508,26 ; 299,97 ;   8,383038 ;   48,31
510,26 ; 300,06 ;   7,510525 ;   43,57
512,27 ; 300,03 ;   6,463857 ;   37,84
514,27 ; 299,94 ;   8,206376 ;   47,24
516,27 ; 299,98 ;   9,075043 ;   52,39
518,27 ; 299,99 ;   7,158585 ;   41,75
520,27 ; 299,95 ;   7,688305 ;   44,59
522,27 ; 299,96 ;   8,383542 ;   48,90
524,27 ; 299,99 ;   7,669602 ;   44,20
526,27 ; 299,92 ;   7,351557 ;   42,87
528,27 ; 299,98 ;   8,720679 ;   50,77
530,27 ; 300,05 ;   6,974368 ;   40,62
532,28 ; 299,96 ;   6,817098 ;   39,63
534,28 ; 300,02 ;   9,074364 ;   52,28
536,28 ; 299,99 ;   7,171748 ;   41,01
538,28 ; 299,97 ;   8,045350 ;   46,91
540,28 ; 299,97 ;   8,204724 ;   47,05
542,28 ; 299,98 ;   7,867984 ;   45,32
544,28 ; 300,04 ;   7,689439 ;   44,08
546,28 ; 300,01 ;   6,991711 ;   40,88
548,28 ; 299,97 ;   8,205344 ;   47,40
550,29 ; 299,97 ;   8,379434 ;   48,20
552,29 ; 299,96 ;   7,868589 ;   45,33
554,29 ; 299,95 ;   7,862258 ;   45,95
556,29 ; 300,01 ;   8,043771 ;   46,62
558,29 ; 299,96 ;   6,993120 ;   40,50
560,29 ; 300,02 ;   8,380862 ;   48,85
562,29 ; 299,98 ;   7,172676 ;   41,04
564,29 ; 300,05 ;   8,202928 ;   47,56
566,29 ; 299,96 ;   6,817430 ;   39,66
568,29 ; 300,02 ;   9,079018 ;   52,30
570,30 ; 300,02 ;   7,154279 ;   41,03
572,30 ; 299,92 ;   7,870062 ;   45,07
574,30 ; 299,99 ;   9,074909 ;   52,53
576,30 ; 299,95 ;   6,974391 ;   40,02
578,30 ; 299,98 ;   8,378438 ;   48,94
580,30 ; 299,99 ;   7,351413 ;   42,38
582,30 ; 299,97 ;   7,685411 ;   44,64
584,30 ; 300,03 ;   8,203608 ;   47,09
586,30 ; 300,09 ;   6,990331 ;   40,38
588,30 ; 300,03 ;   6,993727 ;   40,64
590,31 ; 300,03 ;   8,560946 ;   49,02
592,31 ; 300,05 ;   7,689803 ;   44,98
594,31 ; 300,08 ;   7,509561 ;   43,11
596,31 ; 300,02 ;   7,331804 ;   42,97
598,31 ; 299,96 ;   8,560026 ;   49,66
600,31 ; 300,01 ;   8,541801 ;   49,41
602,31 ; 300,10 ;   7,168490 ;   41,64
604,31 ; 300,06 ;   6,458527 ;   37,64
606,31 ; 300,09 ;   8,205164 ;   47,66
608,31 ; 300,05 ;   7,336650 ;   42,90
610,32 ; 299,99 ;   8,201424 ;   47,11
612,32 ; 300,02 ;   8,555668 ;   49,77
614,32 ; 299,95 ;   7,509601 ;   43,29
616,32 ; 299,96 ;   8,741664 ;   50,62
618,32 ; 300,03 ;   7,688419 ;   44,19
620,32 ; 299,94 ;   6,816595 ;   39,75
622,32 ; 299,92 ;   9,093424 ;   52,40
624,32 ; 299,95 ;   8,039478 ;   46,73
626,32 ; 300,03 ;   7,508936 ;   43,72
628,32 ; 299,98 ;   6,655537 ;   38,62
630,33 ; 299,91 ;   8,380547 ;   48,69
632,33 ; 300,06 ;   8,722925 ;   50,82
634,33 ; 299,91 ;   5,767533 ;   33,83
636,33 ; 300,02 ;   9,790576 ;   56,59
638,33 ; 300,01 ;   6,457264 ;   37,56
640,33 ; 299,99 ;   7,846558 ;   45,68
642,33 ; 300,03 ;   8,044743 ;   46,35
644,33 ; 300,01 ;   7,336211 ;   42,08
646,33 ; 299,99 ;   8,023488 ;   46,83
648,34 ; 300,02 ;   8,043457 ;   46,34
650,34 ; 300,02 ;   7,509246 ;   43,32
652,34 ; 300,08 ;   7,847243 ;   45,05
654,34 ; 300,06 ;   6,996799 ;   40,08
656,34 ; 300,03 ;   7,862253 ;   45,92
658,34 ; 299,97 ;   8,223355 ;   47,25
660,34 ; 300,04 ;   8,559770 ;   49,92
662,34 ; 299,97 ;   6,814079 ;   39,71
664,34 ; 300,02 ;   8,740507 ;   50,49
666,34 ; 299,92 ;   7,173212 ;   41,58
668,35 ; 300,04 ;   9,077575 ;   52,49
670,35 ; 299,97 ;   6,280913 ;   36,25
672,35 ; 299,98 ;   8,715545 ;   50,50
674,35 ; 299,97 ;   7,691937 ;   44,07
676,35 ; 299,98 ;   8,024569 ;   46,47
678,35 ; 299,97 ;   7,686452 ;   44,07
680,35 ; 299,94 ;   8,021385 ;   46,47
682,35 ; 299,97 ;   8,220662 ;   47,81
684,35 ; 299,99 ;   7,508721 ;   43,02
686,36 ; 300,03 ;   7,511624 ;   43,47
688,36 ; 299,96 ;   7,352033 ;   42,09
690,36 ; 300,01 ;   8,718721 ;   50,56
692,36 ; 299,95 ;   7,152832 ;   41,65
694,36 ; 299,92 ;   8,739255 ;   50,08
696,36 ; 300,05 ;   8,204505 ;   47,34
698,36 ; 300,01 ;   6,103420 ;   35,05
700,36 ; 300,03 ;   8,380631 ;   48,58
702,36 ; 300,03 ;   7,511394 ;   43,25
704,36 ; 300,04 ;   7,687659 ;   44,98
706,37 ; 299,97 ;   7,686322 ;   44,35
708,37 ; 300,03 ;   8,721752 ;   50,52
710,37 ; 300,10 ;   6,977313 ;   40,36
712,37 ; 300,01 ;   6,812821 ;   39,37
714,37 ; 300,05 ;   9,075291 ;   52,01
716,37 ; 299,99 ;   7,173021 ;   41,36
718,37 ; 300,08 ;   8,559636 ;   49,79
720,37 ; 300,02 ;   6,635221 ;   38,33
722,37 ; 300,01 ;   8,560165 ;   49,65
724,37 ; 299,98 ;   7,861896 ;   45,65
726,38 ; 300,03 ;   8,042866 ;   46,94
728,38 ; 300,05 ;   7,150697 ;   41,48
730,38 ; 299,99 ;   7,505539 ;   43,07
732,38 ; 299,98 ;   8,556447 ;   49,77
734,38 ; 299,02 ;   7,861286 ;   45,78
736,38 ; 296,46 ;   21,102997 ;  121,69
738,38 ; 293,26 ;   21,527247 ;  125,00
740,38 ; 290,30 ;   21,567512 ;  125,00
742,39 ; 287,76 ;   21,577737 ;  125,00
744,39 ; 285,37 ;   21,573598 ;  125,00
746,39 ; 283,51 ;   21,552494 ;  125,00
748,39 ; 282,12 ;   21,563708 ;  125,00
750,39 ; 280,97 ;   21,546309 ;  125,00
752,39 ; 280,24 ;   21,559119 ;  125,00
754,39 ; 279,66 ;   21,538284 ;  125,00
756,39 ; 279,32 ;   21,550947 ;  125,00
758,39 ; 279,27 ;   21,532710 ;  125,00
760,40 ; 279,45 ;   21,439670 ;  123,45
762,40 ; 279,66 ;   18,618046 ;  107,95
764,40 ; 280,16 ;   18,435213 ;  106,67
766,40 ; 280,77 ;   14,774635 ;   85,28
768,40 ; 281,46 ;   12,882433 ;   74,68
770,40 ; 282,24 ;   11,652246 ;   67,58
772,40 ; 283,12 ;   10,095973 ;   58,17
774,40 ; 284,01 ;   8,359053 ;   48,12
776,40 ; 284,96 ;   7,490397 ;   43,66
778,41 ; 285,84 ;   6,104977 ;   35,31
780,41 ; 286,70 ;   6,287166 ;   36,96
782,41 ; 287,57 ;   6,106182 ;   35,30
784,41 ; 288,36 ;   5,419742 ;   31,18
786,41 ; 289,18 ;   5,756161 ;   33,71
788,41 ; 289,84 ;   4,728463 ;   27,92
790,41 ; 290,41 ;   6,471017 ;   37,41
792,41 ; 291,12 ;   7,164610 ;   41,59
794,41 ; 291,66 ;   4,906562 ;   28,12
796,42 ; 292,03 ;   6,631703 ;   38,03
798,42 ; 292,57 ;   8,733950 ;   50,08
800,42 ; 292,94 ;   6,100339 ;   35,12
802,42 ; 293,27 ;   8,036530 ;   46,51
804,42 ; 293,68 ;   8,394337 ;   48,28
806,42 ; 294,05 ;   6,992206 ;   40,26
808,42 ; 294,35 ;   7,169092 ;   41,67
810,42 ; 294,57 ;   8,041717 ;   46,37
812,42 ; 294,87 ;   8,894245 ;   51,47
814,43 ; 295,06 ;   7,666370 ;   44,60
816,43 ; 295,43 ;   8,914786 ;   51,51
818,43 ; 295,59 ;   6,477647 ;   37,24
820,43 ; 295,80 ;   8,893079 ;   51,78
822,43 ; 296,07 ;   8,378161 ;   48,20
824,43 ; 296,23 ;   7,170031 ;   41,90
826,43 ; 296,41 ;   8,559781 ;   49,44
828,43 ; 296,64 ;   8,220232 ;   47,66
830,43 ; 296,80 ;   7,522116 ;   43,28
832,44 ; 297,03 ;   8,200381 ;   47,31
834,44 ; 297,17 ;   7,165853 ;   41,74
836,44 ; 297,36 ;   8,200876 ;   47,59
838,44 ; 297,56 ;   7,504581 ;   43,36
840,44 ; 297,67 ;   7,173814 ;   41,30
842,44 ; 297,88 ;   8,200910 ;   47,86
844,44 ; 297,95 ;   6,992283 ;   40,02
846,44 ; 298,09 ;   8,553572 ;   49,03
848,44 ; 298,25 ;   7,685028 ;   44,45
850,45 ; 298,31 ;   7,170140 ;   41,40
852,45 ; 298,47 ;   8,377719 ;   48,73
854,45 ; 298,59 ;   7,172049 ;   41,09
856,45 ; 298,73 ;   7,506460 ;   43,46
858,45 ; 298,88 ;   6,992650 ;   40,45
860,45 ; 298,93 ;   6,815564 ;   39,72
862,45 ; 299,07 ;   8,219820 ;   47,07
864,45 ; 299,13 ;   6,815360 ;   39,46
866,45 ; 299,23 ;   7,685869 ;   44,96
868,45 ; 299,23 ;   7,151352 ;   41,58
870,46 ; 299,38 ;   8,537468 ;   49,16
872,46 ; 299,40 ;   6,652966 ;   38,06
874,46 ; 299,48 ;   8,021487 ;   46,64
876,46 ; 299,50 ;   7,173279 ;   41,59
878,46 ; 299,60 ;   8,021264 ;   46,75
880,46 ; 299,63 ;   6,814927 ;   39,87
882,46 ; 299,70 ;   7,844679 ;   45,55
884,46 ; 299,72 ;   7,174338 ;   41,72
886,46 ; 299,77 ;   7,864115 ;   45,08
888,47 ; 299,80 ;   7,510270 ;   43,11
890,47 ; 299,82 ;   7,508321 ;   43,48
892,47 ; 299,88 ;   7,850259 ;   45,14
894,47 ; 299,90 ;   7,169493 ;   41,96
896,47 ; 299,88 ;   7,683597 ;   44,15
898,47 ; 299,92 ;   8,202332 ;   47,75
900,47 ; 299,96 ;   7,327840 ;   42,30
902,47 ; 299,95 ;   7,348526 ;   42,67
904,47 ; 300,03 ;   8,021695 ;   46,80
906,47 ; 300,01 ;   6,638226 ;   38,81
908,48 ; 300,04 ;   8,201912 ;   47,01
910,48 ; 300,12 ;   7,328098 ;   42,80
912,48 ; 300,06 ;   6,636902 ;   38,88
914,48 ; 300,13 ;   8,381780 ;   48,99
916,48 ; 300,13 ;   6,812292 ;   39,97
918,48 ; 300,15 ;   7,687318 ;   44,57
920,48 ; 300,17 ;   7,348406 ;   42,69
922,48 ; 300,20 ;   7,330765 ;   42,54
924,48 ; 300,17 ;   7,348695 ;   42,38
926,49 ; 300,17 ;   7,862368 ;   45,96
928,49 ; 300,20 ;   7,688328 ;   44,21
930,49 ; 300,17 ;   7,174888 ;   41,70
932,49 ; 300,20 ;   8,040666 ;   46,47
934,49 ; 300,22 ;   7,351168 ;   42,28
936,49 ; 300,17 ;   7,327349 ;   42,12
938,49 ; 300,23 ;   8,204942 ;   47,56
940,49 ; 300,17 ;   6,814486 ;   39,11
942,49 ; 300,29 ;   8,379271 ;   48,67
944,49 ; 300,24 ;   5,942758 ;   34,71
946,50 ; 300,23 ;   8,203162 ;   47,06
948,50 ; 300,20 ;   7,685672 ;   44,20
950,50 ; 300,23 ;   8,022774 ;   46,08
952,50 ; 300,17 ;   7,173150 ;   41,26
954,50 ; 300,17 ;   8,378839 ;   48,52
956,50 ; 300,23 ;   7,506570 ;   43,89
958,50 ; 300,17 ;   6,638590 ;   38,90
960,50 ; 300,20 ;   8,380327 ;   48,46
962,50 ; 300,20 ;   7,150979 ;   41,96
964,51 ; 300,20 ;   7,526088 ;   43,67
966,51 ; 300,20 ;   7,508326 ;   43,65
968,51 ; 300,20 ;   7,510215 ;   43,63
970,51 ; 300,23 ;   7,329112 ;   42,98
972,51 ; 300,20 ;   7,151627 ;   41,05
974,51 ; 300,23 ;   7,845474 ;   45,82
976,51 ; 300,20 ;   7,176636 ;   41,00
978,51 ; 300,22 ;   8,023387 ;   46,39
980,51 ; 300,20 ;   7,174743 ;   41,62
982,52 ; 300,20 ;   7,683777 ;   44,57
984,52 ; 300,20 ;   7,689312 ;   44,02
986,52 ; 300,15 ;   7,330040 ;   42,80
988,52 ; 300,14 ;   8,203559 ;   47,70
990,52 ; 300,17 ;   7,687288 ;   44,27
992,52 ; 300,17 ;   7,151026 ;   41,20
994,52 ; 300,17 ;   7,527872 ;   43,48
996,52 ; 300,18 ;   7,510180 ;   43,46
998,52 ; 300,12 ;   7,330878 ;   42,82
1000,52 ; 300,10 ;   8,381536 ;   48,36
1002,53 ; 300,10 ;   7,686869 ;   44,97
1004,53 ; 300,13 ;   7,525638 ;   43,81
1006,53 ; 300,13 ;   7,154452 ;   41,93
1008,53 ; 300,18 ;   7,508671 ;   43,65
1010,53 ; 300,20 ;   6,816602 ;   39,28
1012,53 ; 300,13 ;   7,328683 ;   42,06
1014,53 ; 300,08 ;   8,381570 ;   48,78
1016,53 ; 300,15 ;   8,202112 ;   47,31
1018,53 ; 300,17 ;   6,638523 ;   38,25
1020,53 ; 300,04 ;   7,169105 ;   41,55
1022,54 ; 300,04 ;   9,252861 ;   53,84
1024,54 ; 300,05 ;   7,687764 ;   44,03
1026,54 ; 300,12 ;   7,331106 ;   42,78
1028,54 ; 300,05 ;   6,638913 ;   38,96
1030,54 ; 300,15 ;   8,380792 ;   48,53
1032,54 ; 300,14 ;   6,279644 ;   36,45
1034,54 ; 300,10 ;   7,506330 ;   43,97
1036,54 ; 300,13 ;   8,041554 ;   46,49
1038,54 ; 300,04 ;   7,171482 ;   41,73
1040,55 ; 300,17 ;   8,740494 ;   50,29
1042,55 ; 300,06 ;   5,782377 ;   33,37
1044,55 ; 300,03 ;   8,913965 ;   51,86
1046,55 ; 300,09 ;   8,045026 ;   46,27
1048,55 ; 300,06 ;   6,814618 ;   39,60
1050,55 ; 300,09 ;   7,864603 ;   45,50
1052,55 ; 300,03 ;   7,150255 ;   41,89
1054,55 ; 300,10 ;   8,204995 ;   47,97
1056,55 ; 300,03 ;   6,635283 ;   38,33
1058,55 ; 300,04 ;   8,559573 ;   49,11
1060,56 ; 300,02 ;   7,507809 ;   43,29
1062,56 ; 300,03 ;   7,866563 ;   45,73
1064,56 ; 300,06 ;   7,328457 ;   42,75
1066,56 ; 300,04 ;   7,174554 ;   41,42
1068,56 ; 299,98 ;   7,861739 ;   45,58
1070,56 ; 300,05 ;   8,380120 ;   48,20
1072,56 ; 299,99 ;   6,637796 ;   38,57
1074,56 ; 299,99 ;   8,380672 ;   48,73
1076,56 ; 300,03 ;   7,684305 ;   44,12
1078,57 ; 300,02 ;   7,154047 ;   41,01
1080,57 ; 300,05 ;   7,867807 ;   45,13
1082,57 ; 300,09 ;   6,991495 ;   40,87
1084,57 ; 299,99 ;   7,151737 ;   41,26
1086,57 ; 300,03 ;   8,915429 ;   51,02
1088,57 ; 300,06 ;   6,994358 ;   40,99
1090,57 ; 300,03 ;   7,170983 ;   41,38
1092,57 ; 300,05 ;   8,043439 ;   46,17
1094,57 ; 299,99 ;   7,176044 ;   41,99
1096,57 ; 300,01 ;   8,380399 ;   48,69
1098,58 ; 300,02 ;   7,328995 ;   42,83
1100,58 ; 300,04 ;   7,526877 ;   43,36
1102,58 ; 300,08 ;   7,328559 ;   42,07
1104,58 ; 300,06 ;   6,995576 ;   40,69
1106,58 ; 300,02 ;   7,685654 ;   44,81
1108,58 ; 300,05 ;   8,220058 ;   47,38
1110,58 ; 299,97 ;   6,993653 ;   40,81
1112,58 ; 299,99 ;   8,720911 ;   50,53
1114,58 ; 300,06 ;   7,332389 ;   42,32
1116,59 ; 300,06 ;   6,637201 ;   38,46
1118,59 ; 300,10 ;   7,509231 ;   43,64
1120,59 ; 300,02 ;   6,976930 ;   40,52
1122,59 ; 299,94 ;   8,717770 ;   50,23
1124,59 ; 300,05 ;   8,732133 ;   50,11
1126,59 ; 299,99 ;   6,122494 ;   35,02
1128,59 ; 300,01 ;   8,382680 ;   48,64
1130,59 ; 300,05 ;   7,352003 ;   42,78
1132,59 ; 299,99 ;   6,993731 ;   40,21
1134,59 ; 300,01 ;   8,381195 ;   48,63
1136,60 ; 299,98 ;   7,333200 ;   42,78
1138,60 ; 299,99 ;   7,864070 ;   45,80
1140,60 ; 300,02 ;   7,509200 ;   43,45
1142,60 ; 300,04 ;   7,331520 ;   42,16
1144,60 ; 300,01 ;   7,351353 ;   42,02
1146,60 ; 300,03 ;   8,022939 ;   46,23
1148,60 ; 299,99 ;   7,333317 ;   42,06
1150,60 ; 299,98 ;   8,025151 ;   46,90
1152,60 ; 299,97 ;   7,687089 ;   44,64
1154,61 ; 299,99 ;   7,845267 ;   45,30
1156,61 ; 299,98 ;   7,351195 ;   42,29
1158,61 ; 300,01 ;   7,687342 ;   44,64
1160,61 ; 299,99 ;   7,328749 ;   42,20
1162,61 ; 300,02 ;   7,866734 ;   45,17
1164,61 ; 299,95 ;   7,328609 ;   42,16
1166,61 ; 300,02 ;   8,543880 ;   49,48
1168,61 ; 300,01 ;   6,635326 ;   38,70
1170,61 ; 300,05 ;   7,686977 ;   44,51
1172,61 ; 300,05 ;   6,990479 ;   40,20
1174,62 ; 300,02 ;   7,511379 ;   43,66
1176,62 ; 300,04 ;   8,039737 ;   46,76
1178,62 ; 299,99 ;   7,335961 ;   42,01
1180,62 ; 300,01 ;   8,201004 ;   47,47
1182,62 ; 300,09 ;   7,349570 ;   42,76
1184,62 ; 299,98 ;   6,461860 ;   37,69
1186,62 ; 300,04 ;   8,917514 ;   51,53
1188,62 ; 300,01 ;   6,816100 ;   39,69
1190,62 ; 300,01 ;   8,021980 ;   46,21
1192,63 ; 300,03 ;   7,510040 ;   43,90
1194,63 ; 299,97 ;   7,353502 ;   42,04
1196,63 ; 300,01 ;   8,381162 ;   48,74
1198,63 ; 300,02 ;   7,155311 ;   41,02
1200,63 ; 299,92 ;   7,510325 ;   43,28
1202,63 ; 300,04 ;   8,913759 ;   51,32
1204,63 ; 299,96 ;   6,122009 ;   35,08
1206,63 ; 300,03 ;   8,558388 ;   49,94
1208,63 ; 299,98 ;   6,635804 ;   38,58
1210,63 ; 299,95 ;   8,222782 ;   47,50
1212,64 ; 299,97 ;   8,224396 ;   47,15
1214,64 ; 300,03 ;   7,352935 ;   42,41
1216,64 ; 299,97 ;   6,814452 ;   39,17
1218,64 ; 300,08 ;   8,395928 ;   48,75
1220,64 ; 300,01 ;   6,123972 ;   35,43
1222,64 ; 300,12 ;   8,557622 ;   49,10
1224,64 ; 299,99 ;   6,124281 ;   35,20
1226,64 ; 299,98 ;   9,253281 ;   53,21
1228,64 ; 300,05 ;   7,688109 ;   44,61
1230,65 ; 300,06 ;   6,637845 ;   38,43
1232,65 ; 300,02 ;   7,351810 ;   43,00
1234,65 ; 299,98 ;   8,202685 ;   47,30
1236,65 ; 299,94 ;   8,023942 ;   46,32
1238,65 ; 300,02 ;   8,202809 ;   47,75
1240,65 ; 299,99 ;   6,639303 ;   38,08
1242,65 ; 299,99 ;   7,862417 ;   45,71
1244,65 ; 299,98 ;   7,509705 ;   43,98
1246,65 ; 299,97 ;   7,669972 ;   44,60
1248,65 ; 299,98 ;   7,863427 ;   45,27
1250,66 ; 300,02 ;   7,332750 ;   42,88
1252,66 ; 299,98 ;   7,154525 ;   41,54
1254,66 ; 299,96 ;   8,046573 ;   46,34
1256,66 ; 299,92 ;   7,846177 ;   45,90
1258,66 ; 300,04 ;   8,203499 ;   47,28
1260,66 ; 299,99 ;   6,122850 ;   35,08
1262,66 ; 300,02 ;   8,204022 ;   47,45
1264,66 ; 299,99 ;   7,335730 ;   42,13
1266,66 ; 299,99 ;   7,862415 ;   45,72
1268,67 ; 300,04 ;   7,510140 ;   44,00
1270,67 ; 299,98 ;   6,990896 ;   40,27
1272,67 ; 299,98 ;   8,382292 ;   48,07
1274,67 ; 299,99 ;   7,687419 ;   44,04
1276,67 ; 300,05 ;   7,509486 ;   43,42
1278,67 ; 299,99 ;   6,816066 ;   39,02
1280,67 ; 300,09 ;   8,383090 ;   48,61
1282,67 ; 300,05 ;   6,300491 ;   36,53
1284,67 ; 299,99 ;   7,850597 ;   45,93
1286,67 ; 299,96 ;   8,379504 ;   48,59
1288,68 ; 299,95 ;   8,026629 ;   46,46
1290,68 ; 299,98 ;   7,863898 ;   45,41
1292,68 ; 299,94 ;   7,154628 ;   41,15
1294,68 ; 299,98 ;   8,202427 ;   47,76
1296,68 ; 300,04 ;   6,994871 ;   40,58
1298,68 ; 299,97 ;   6,818583 ;   39,69
1300,68 ; 299,96 ;   8,562712 ;   49,32
1302,68 ; 299,96 ;   7,688069 ;   44,75
1304,68 ; 300,04 ;   7,686029 ;   44,18
1306,68 ; 299,97 ;   6,458678 ;   37,97
1308,69 ; 300,01 ;   8,558311 ;   49,33
1310,69 ; 300,04 ;   7,172273 ;   41,03
1312,69 ; 299,95 ;   7,174795 ;   41,43
1314,69 ; 299,97 ;   8,896622 ;   51,19
1316,69 ; 300,05 ;   7,333522 ;   42,41
1318,69 ; 299,98 ;   6,462268 ;   37,31
1320,69 ; 300,06 ;   8,559037 ;   49,24
1322,69 ; 299,95 ;   6,481696 ;   37,83
1324,69 ; 299,92 ;   9,078360 ;   52,92
1326,70 ; 300,01 ;   8,020316 ;   46,14
1328,70 ; 299,99 ;   6,476448 ;   37,58
1330,70 ; 299,99 ;   7,866711 ;   45,16
1332,70 ; 299,90 ;   7,684576 ;   44,01
1334,70 ; 299,96 ;   8,897914 ;   51,47
1336,70 ; 300,03 ;   6,816800 ;   39,59
1338,70 ; 299,99 ;   6,635799 ;   38,61
1340,70 ; 299,97 ;   8,048249 ;   46,91
1342,70 ; 299,91 ;   7,851199 ;   45,89
1344,70 ; 299,95 ;   8,382350 ;   48,52
1346,71 ; 299,97 ;   7,330336 ;   42,00
1348,71 ; 299,98 ;   7,332842 ;   42,45
1350,71 ; 299,94 ;   7,329642 ;   42,94
1352,71 ; 300,03 ;   8,206771 ;   47,83
1354,71 ; 299,95 ;   6,298761 ;   36,91
1356,71 ; 299,97 ;   8,734404 ;   50,67
1358,71 ; 299,97 ;   7,349770 ;   42,46
1360,71 ; 300,02 ;   7,686622 ;   44,20
1362,71 ; 300,03 ;   6,991095 ;   40,47
1364,72 ; 299,96 ;   7,331084 ;   42,68
1366,72 ; 299,99 ;   8,558130 ;   49,43
1368,72 ; 299,95 ;   7,174462 ;   41,76
1370,72 ; 299,96 ;   8,202672 ;   47,80
1372,72 ; 299,98 ;   7,507989 ;   43,10
1374,72 ; 299,97 ;   7,348425 ;   42,39
1376,72 ; 299,96 ;   7,863084 ;   45,37
1378,72 ; 299,99 ;   7,689482 ;   44,84
1380,72 ; 299,96 ;   7,173728 ;   41,78
1382,72 ; 299,97 ;   8,025124 ;   46,57
1384,73 ; 299,98 ;   7,507739 ;   43,65
1386,73 ; 299,96 ;   7,332252 ;   42,99
1388,73 ; 300,04 ;   8,024047 ;   46,01
1390,73 ; 299,99 ;   6,636741 ;   38,06
1392,73 ; 299,96 ;   8,206672 ;   47,55
1394,73 ; 299,97 ;   8,029563 ;   46,58
1396,73 ; 299,92 ;   7,506121 ;   43,66
1398,73 ; 299,92 ;   8,220139 ;   47,97
1400,73 ; 299,97 ;   7,688698 ;   44,52
1402,74 ; 299,97 ;   6,996789 ;   40,80
1404,74 ; 299,95 ;   7,687522 ;   44,26
1406,74 ; 299,92 ;   8,044993 ;   46,13
1408,74 ; 299,97 ;   8,028208 ;   46,27
1410,74 ; 299,97 ;   6,992541 ;   40,82
1412,74 ; 300,01 ;   7,686175 ;   44,28
1414,74 ; 300,02 ;   7,170354 ;   41,18
1416,74 ; 300,01 ;   7,513004 ;   43,44
1418,74 ; 300,02 ;   7,687573 ;   44,63
1420,74 ; 299,92 ;   7,506795 ;   43,43
1422,75 ; 300,02 ;   8,917800 ;   51,47
1424,75 ; 299,97 ;   6,476569 ;   37,10
1426,75 ; 300,03 ;   8,220729 ;   47,75
1428,75 ; 299,95 ;   6,817308 ;   39,32
1430,75 ; 299,99 ;   8,718877 ;   50,76
1432,75 ; 300,01 ;   6,994301 ;   40,70
1434,75 ; 300,03 ;   7,329890 ;   42,91
1436,75 ; 299,92 ;   7,333971 ;   42,20
1438,75 ; 299,94 ;   9,073730 ;   52,64
1440,75 ; 299,98 ;   7,510265 ;   43,33
1442,76 ; 299,97 ;   6,992648 ;   40,75
1444,76 ; 299,97 ;   7,863338 ;   45,46
1446,76 ; 299,97 ;   7,687774 ;   44,31
1448,76 ; 299,98 ;   7,684985 ;   44,31
1450,76 ; 300,01 ;   7,527778 ;   43,07
1452,76 ; 299,96 ;   7,328374 ;   42,36
1454,76 ; 300,01 ;   8,221832 ;   47,82
1456,76 ; 300,02 ;   6,994454 ;   40,64
1458,76 ; 300,01 ;   7,510970 ;   43,47
1460,77 ; 299,99 ;   7,685798 ;   44,67
1462,77 ; 300,01 ;   7,867988 ;   45,34
1464,77 ; 300,02 ;   7,330856 ;   42,94
1466,77 ; 300,06 ;   7,511551 ;   43,47
1468,77 ; 299,92 ;   6,975168 ;   40,31
1470,77 ; 300,01 ;   9,430478 ;   54,96
1472,77 ; 299,94 ;   6,459208 ;   37,75
1474,77 ; 300,08 ;   8,559999 ;   49,69
1476,77 ; 299,99 ;   5,766552 ;   33,31
1478,77 ; 300,01 ;   8,735501 ;   50,53
1480,78 ; 299,97 ;   7,350116 ;   42,94
1482,78 ; 300,01 ;   8,201163 ;   47,20
1484,78 ; 299,98 ;   7,169145 ;   41,21
1486,78 ; 299,96 ;   7,863283 ;   45,96
1488,78 ; 299,99 ;   8,045477 ;   46,09
1490,78 ; 299,92 ;   7,154345 ;   41,88
1492,78 ; 300,01 ;   8,556753 ;   49,79
1494,78 ; 299,99 ;   6,477383 ;   37,77
1496,78 ; 300,04 ;   7,867999 ;   45,35
1498,78 ; 299,95 ;   6,992775 ;   40,47
1500,79 ; 299,96 ;   8,896817 ;   51,38
1502,79 ; 300,01 ;   7,508224 ;   43,23
1504,79 ; 299,94 ;   6,994896 ;   40,65
1506,79 ; 300,04 ;   8,562105 ;   49,71
1508,79 ; 299,91 ;   6,282312 ;   36,44
1510,79 ; 300,03 ;   9,249412 ;   53,88
1512,79 ; 300,01 ;   6,104160 ;   35,34
1514,79 ; 299,99 ;   7,865026 ;   45,85
1516,79 ; 299,97 ;   7,862161 ;   45,36
1518,79 ; 299,99 ;   8,046667 ;   46,08
1520,80 ; 299,99 ;   7,330226 ;   42,48
1522,80 ; 299,91 ;   7,688494 ;   44,22
1524,80 ; 299,97 ;   8,738537 ;   50,43
1526,80 ; 299,96 ;   6,978044 ;   40,33
1528,80 ; 300,01 ;   7,686272 ;   44,99
1530,80 ; 299,95 ;   6,976346 ;   40,68
1532,80 ; 300,06 ;   8,555255 ;   49,12
1534,80 ; 299,94 ;   6,121583 ;   35,18
1536,80 ; 299,92 ;   9,253040 ;   53,77
1538,80 ; 299,99 ;   7,867849 ;   45,80
1540,81 ; 300,03 ;   6,815726 ;   39,06
1542,81 ; 300,05 ;   7,176653 ;   41,14
1544,81 ; 300,04 ;   7,330805 ;   42,15
1546,81 ; 299,95 ;   7,865337 ;   45,12
1548,81 ; 299,97 ;   8,919683 ;   51,42
1550,81 ; 300,06 ;   7,329011 ;   42,65
1552,81 ; 299,98 ;   6,282794 ;   36,92
1554,81 ; 299,98 ;   8,720251 ;   50,05
1556,81 ; 300,04 ;   7,688790 ;   44,28
1558,82 ; 299,99 ;   6,813858 ;   39,93
1560,82 ; 300,02 ;   8,222606 ;   47,69
1562,82 ; 300,01 ;   7,351662 ;   42,37
1564,82 ; 300,01 ;   7,689008 ;   44,72
1566,82 ; 299,96 ;   7,688116 ;   44,14
1568,82 ; 300,04 ;   8,205066 ;   47,87
1570,82 ; 300,03 ;   6,638956 ;   38,20
1572,82 ; 300,02 ;   7,688821 ;   44,58
1574,82 ; 300,03 ;   7,869269 ;   45,25
1576,82 ; 300,01 ;   7,329569 ;   42,85
1578,83 ; 300,01 ;   7,867307 ;   45,86
1580,83 ; 300,04 ;   7,687685 ;   44,13
1582,83 ; 299,96 ;   7,172876 ;   41,65
1584,83 ; 300,05 ;   8,735010 ;   50,17
1586,83 ; 299,98 ;   6,300882 ;   36,94
1588,83 ; 299,99 ;   8,557486 ;   49,45
1590,83 ; 299,94 ;   7,512239 ;   43,64
1592,83 ; 299,98 ;   8,382738 ;   48,57
1594,83 ; 299,99 ;   6,995290 ;   40,81
1596,83 ; 300,04 ;   7,509841 ;   43,65
1598,84 ; 300,01 ;   6,976457 ;   40,50
1600,84 ; 299,96 ;   8,030972 ;   46,44
1602,84 ; 300,03 ;   8,205300 ;   47,86
1604,84 ; 299,98 ;   6,638835 ;   38,81
1606,84 ; 299,98 ;   8,205366 ;   47,73
1608,84 ; 299,96 ;   7,689229 ;   44,27
1610,84 ; 299,96 ;   8,042922 ;   46,14
1612,84 ; 300,02 ;   7,689307 ;   44,41
1614,84 ; 299,99 ;   6,994811 ;   40,07
1616,85 ; 299,97 ;   7,865713 ;   45,97
1618,85 ; 299,99 ;   8,045703 ;   46,10
1620,85 ; 299,99 ;   7,333574 ;   42,51
1622,85 ; 300,06 ;   7,687536 ;   44,24
1624,85 ; 299,95 ;   6,637323 ;   38,64
1626,85 ; 300,05 ;   9,258060 ;   53,15
1628,85 ; 300,03 ;   6,123568 ;   35,81
1630,85 ; 299,94 ;   7,865743 ;   45,74
1632,85 ; 299,96 ;   8,914737 ;   51,47
1634,85 ; 299,96 ;   7,350319 ;   42,69
1636,86 ; 299,98 ;   7,688676 ;   44,42
1638,86 ; 299,90 ;   7,354784 ;   42,56
1640,86 ; 299,96 ;   8,896893 ;   51,13
1642,86 ; 299,91 ;   6,813021 ;   39,83
1644,86 ; 300,01 ;   8,385165 ;   48,17
1646,86 ; 299,99 ;   6,475631 ;   37,26
1648,86 ; 300,01 ;   7,864949 ;   45,42
1650,86 ; 300,06 ;   7,513228 ;   43,03
1652,86 ; 300,02 ;   6,815729 ;   39,83
1654,86 ; 300,06 ;   8,207089 ;   47,59
1656,87 ; 300,03 ;   6,994997 ;   40,40
1658,87 ; 299,97 ;   8,045201 ;   46,34
1660,87 ; 299,99 ;   8,562250 ;   49,00
1662,87 ; 300,09 ;   7,346333 ;   42,53
1664,87 ; 300,04 ;   6,281872 ;   36,80
1666,87 ; 299,95 ;   8,206400 ;   47,44
1668,87 ; 299,95 ;   8,897169 ;   51,43
1670,87 ; 300,03 ;   7,686378 ;   44,52
1672,87 ; 300,06 ;   6,463913 ;   37,69
1674,87 ; 299,99 ;   7,155033 ;   41,54
1676,88 ; 299,98 ;   8,563544 ;   49,43
1678,88 ; 300,04 ;   7,687463 ;   44,87
1680,88 ; 299,92 ;   6,819392 ;   39,94
1682,88 ; 299,99 ;   9,253225 ;   53,30
1684,88 ; 300,01 ;   6,800407 ;   39,07
1686,88 ; 299,99 ;   7,509861 ;   43,01
1688,88 ; 299,94 ;   7,867234 ;   45,41
1690,88 ; 299,98 ;   8,383291 ;   48,61
1692,88 ; 300,05 ;   6,994910 ;   40,85
1694,88 ; 299,98 ;   6,657060 ;   38,71
1696,89 ; 299,91 ;   8,560095 ;   49,50
1698,89 ; 299,98 ;   8,558549 ;   49,90
1700,89 ; 300,05 ;   6,816972 ;   39,12
1702,89 ; 299,99 ;   6,639625 ;   38,72
1704,89 ; 299,92 ;   8,390483 ;   48,88
1706,89 ; 300,03 ;   8,543746 ;   49,86
1708,89 ; 299,97 ;   6,126076 ;   35,98
1710,89 ; 299,99 ;   8,549118 ;   49,02
1712,89 ; 300,04 ;   7,332462 ;   42,54
1714,89 ; 300,02 ;   7,000950 ;   40,54
1716,90 ; 300,02 ;   7,876621 ;   45,86
1718,90 ; 299,99 ;   7,676518 ;   44,13
1720,90 ; 300,05 ;   7,877544 ;   45,99
1722,90 ; 300,03 ;   6,822961 ;   39,29
1724,90 ; 300,03 ;   7,856873 ;   45,76
1726,90 ; 300,03 ;   7,699280 ;   44,03
