Tempo total (s) ;Temperatura (ºC) ; Potencia atual (W) ; Saida
P:   5.68 I: 104.06 D:  26.00 Tensão:6.636 V Temperatura ambiente:     21.73ºC
2,00 ; 300,03 ;   7,498245 ;   43,35
4,00 ; 299,95 ;   6,622185 ;   38,82
6,00 ; 299,89 ;   8,874651 ;   52,00
8,00 ; 299,92 ;   8,701962 ;   50,02
10,00 ; 299,97 ;   7,494688 ;   43,51
12,01 ; 299,97 ;   7,318568 ;   42,09
14,01 ; 300,01 ;   7,828363 ;   45,55
16,01 ; 299,98 ;   7,315039 ;   42,45
18,01 ; 299,92 ;   8,185120 ;   47,20
20,01 ; 299,85 ;   8,717003 ;   50,44
22,01 ; 299,92 ;   8,893131 ;   51,44
24,01 ; 299,90 ;   6,979322 ;   40,67
26,01 ; 300,01 ;   8,184815 ;   47,73
28,01 ; 299,98 ;   6,463656 ;   37,30
30,02 ; 300,01 ;   8,184614 ;   47,24
32,02 ; 299,97 ;   7,489549 ;   43,65
34,02 ; 299,97 ;   8,364290 ;   48,48
36,02 ; 299,90 ;   7,846104 ;   45,61
38,02 ; 299,96 ;   8,879925 ;   51,21
40,02 ; 299,96 ;   7,159417 ;   41,05
42,02 ; 299,97 ;   7,847951 ;   45,67
44,02 ; 299,89 ;   7,827100 ;   45,05
46,02 ; 300,02 ;   8,882089 ;   51,85
48,02 ; 300,01 ;   6,264756 ;   36,14
50,03 ; 300,03 ;   7,851658 ;   45,99
52,03 ; 300,03 ;   7,492623 ;   43,55
54,03 ; 299,95 ;   7,845244 ;   45,28
56,03 ; 300,01 ;   9,073573 ;   52,11
58,03 ; 300,09 ;   6,979324 ;   40,80
60,03 ; 300,05 ;   6,800855 ;   39,20
62,03 ; 300,01 ;   8,185984 ;   47,44
64,03 ; 299,95 ;   8,364432 ;   48,86
66,03 ; 300,02 ;   8,698936 ;   50,37
68,04 ; 299,99 ;   6,975387 ;   40,17
70,04 ; 300,04 ;   8,200373 ;   47,22
72,04 ; 300,03 ;   7,159281 ;   41,76
74,04 ; 299,98 ;   7,845811 ;   45,84
76,04 ; 300,05 ;   8,363145 ;   48,99
78,04 ; 299,96 ;   6,802049 ;   39,94
80,04 ; 300,01 ;   9,059011 ;   52,58
82,04 ; 299,97 ;   7,152455 ;   41,94
84,04 ; 299,98 ;   8,358605 ;   48,50
86,04 ; 299,99 ;   7,673383 ;   44,38
88,04 ; 300,03 ;   7,669891 ;   44,91
90,05 ; 300,02 ;   7,314458 ;   42,38
92,05 ; 300,09 ;   8,026983 ;   46,51
94,05 ; 300,02 ;   6,783759 ;   39,75
96,05 ; 300,03 ;   8,715156 ;   50,53
98,05 ; 299,97 ;   7,669712 ;   44,10
100,05 ; 300,09 ;   8,700480 ;   50,22
102,05 ; 299,99 ;   6,283150 ;   36,28
104,05 ; 300,04 ;   9,055916 ;   52,38
106,05 ; 299,97 ;   7,136402 ;   41,73
108,06 ; 300,01 ;   8,720155 ;   50,79
110,06 ; 300,04 ;   7,335525 ;   42,49
112,06 ; 300,03 ;   7,312730 ;   42,89
114,06 ; 300,05 ;   7,851325 ;   45,81
116,06 ; 299,98 ;   7,493458 ;   43,37
118,06 ; 300,03 ;   8,716987 ;   50,69
120,06 ; 300,03 ;   7,153777 ;   41,77
122,06 ; 299,94 ;   7,828416 ;   45,22
124,06 ; 299,99 ;   9,058488 ;   52,68
126,06 ; 299,99 ;   7,135619 ;   41,42
128,07 ; 299,90 ;   7,850986 ;   45,45
130,07 ; 300,04 ;   9,053500 ;   52,92
132,07 ; 299,94 ;   5,931085 ;   34,82
134,07 ; 299,98 ;   9,234655 ;   53,27
136,07 ; 299,98 ;   7,335007 ;   42,05
138,07 ; 299,96 ;   7,828265 ;   45,52
140,07 ; 299,98 ;   8,201231 ;   47,38
142,07 ; 300,02 ;   7,491464 ;   43,79
144,07 ; 299,99 ;   7,493768 ;   43,04
146,08 ; 300,08 ;   8,201832 ;   47,21
148,08 ; 299,99 ;   6,640409 ;   38,63
150,08 ; 300,05 ;   8,877075 ;   51,81
152,08 ; 299,97 ;   6,976888 ;   40,49
154,08 ; 299,90 ;   8,874781 ;   51,94
156,08 ; 299,96 ;   8,875581 ;   51,20
158,08 ; 299,97 ;   7,135866 ;   41,05
160,08 ; 300,06 ;   7,830858 ;   45,04
162,08 ; 300,06 ;   6,623602 ;   38,16
164,08 ; 300,01 ;   7,829190 ;   45,07
166,09 ; 299,99 ;   8,542879 ;   49,42
168,09 ; 299,99 ;   8,010497 ;   46,62
170,09 ; 299,98 ;   7,826856 ;   45,47
172,09 ; 300,03 ;   8,025049 ;   46,09
174,09 ; 300,04 ;   7,138821 ;   41,79
176,09 ; 300,10 ;   7,668621 ;   44,62
178,09 ; 300,09 ;   6,982344 ;   40,22
180,09 ; 300,02 ;   8,005012 ;   46,07
182,09 ; 299,98 ;   8,719090 ;   50,50
184,10 ; 300,06 ;   8,205088 ;   47,80
186,10 ; 300,10 ;   6,800869 ;   39,27
188,10 ; 300,10 ;   7,139653 ;   41,92
190,10 ; 300,05 ;   7,670469 ;   44,80
192,10 ; 299,98 ;   8,364022 ;   48,51
194,10 ; 300,05 ;   8,697067 ;   50,65
196,10 ; 299,99 ;   6,798114 ;   39,86
198,10 ; 299,98 ;   8,718827 ;   50,02
200,10 ; 299,99 ;   8,007311 ;   46,03
202,10 ; 299,95 ;   7,669004 ;   44,83
204,11 ; 300,15 ;   8,526528 ;   49,14
206,11 ; 300,03 ;   5,060868 ;   29,52
208,11 ; 299,99 ;   9,230155 ;   53,83
210,11 ; 299,99 ;   8,365981 ;   48,28
212,11 ; 299,95 ;   7,846007 ;   45,40
214,11 ; 300,05 ;   8,523888 ;   49,13
216,11 ; 300,03 ;   6,284091 ;   36,97
218,11 ; 299,95 ;   8,021081 ;   46,90
220,11 ; 299,92 ;   9,059606 ;   52,01
222,11 ; 299,94 ;   8,185287 ;   47,54
224,12 ; 299,96 ;   7,669868 ;   44,57
226,12 ; 300,04 ;   7,510420 ;   43,87
228,12 ; 299,98 ;   6,800114 ;   39,38
230,12 ; 299,95 ;   8,540876 ;   49,50
232,12 ; 299,98 ;   8,361758 ;   48,57
234,12 ; 299,99 ;   7,317249 ;   42,59
236,12 ; 300,05 ;   7,673019 ;   44,85
238,12 ; 299,96 ;   6,974607 ;   40,45
240,12 ; 300,05 ;   9,057030 ;   52,52
242,13 ; 299,99 ;   6,619748 ;   38,14
244,13 ; 300,03 ;   8,717932 ;   50,03
246,13 ; 299,99 ;   7,319290 ;   42,31
248,13 ; 299,94 ;   8,363147 ;   48,30
250,13 ; 299,98 ;   8,537254 ;   49,77
252,13 ; 300,06 ;   7,316288 ;   42,01
254,13 ; 300,10 ;   6,801790 ;   39,25
256,13 ; 300,02 ;   7,135396 ;   41,90
258,13 ; 300,02 ;   8,877147 ;   51,61
260,13 ; 299,97 ;   7,850589 ;   45,27
262,14 ; 300,03 ;   8,363149 ;   49,00
264,14 ; 300,01 ;   6,957514 ;   40,57
266,14 ; 299,96 ;   8,187122 ;   47,04
268,14 ; 300,02 ;   8,523692 ;   49,04
270,14 ; 299,96 ;   7,155800 ;   41,23
272,14 ; 300,01 ;   8,537680 ;   49,62
274,14 ; 300,04 ;   7,159018 ;   41,86
276,14 ; 300,01 ;   7,311798 ;   42,83
278,14 ; 299,92 ;   8,184640 ;   47,62
280,15 ; 300,02 ;   9,052223 ;   52,15
282,15 ; 300,05 ;   6,625525 ;   38,36
284,15 ; 300,09 ;   7,313999 ;   42,17
286,15 ; 300,05 ;   7,333167 ;   42,56
288,15 ; 300,03 ;   8,183583 ;   47,34
290,15 ; 300,02 ;   8,004913 ;   46,89
292,15 ; 300,03 ;   8,026696 ;   46,40
294,15 ; 299,94 ;   7,672122 ;   44,01
296,15 ; 300,01 ;   9,056967 ;   52,62
298,15 ; 300,05 ;   6,958279 ;   40,11
300,16 ; 300,01 ;   7,136353 ;   41,57
302,16 ; 300,06 ;   8,345524 ;   48,75
304,16 ; 300,01 ;   6,979214 ;   40,94
306,16 ; 299,99 ;   8,543987 ;   49,32
308,16 ; 300,06 ;   8,008473 ;   46,53
310,16 ; 300,09 ;   6,798556 ;   39,77
312,16 ; 300,01 ;   7,492449 ;   43,10
314,16 ; 300,03 ;   8,897400 ;   51,03
316,16 ; 299,96 ;   7,494832 ;   43,40
318,16 ; 299,97 ;   8,722049 ;   50,72
320,17 ; 299,97 ;   7,670462 ;   44,92
322,17 ; 299,99 ;   7,851482 ;   45,50
324,17 ; 300,01 ;   7,491459 ;   43,63
326,17 ; 299,98 ;   7,669545 ;   44,12
328,17 ; 299,90 ;   8,181004 ;   47,14
330,17 ; 299,98 ;   9,057384 ;   52,25
332,17 ; 299,94 ;   6,798049 ;   39,08
334,17 ; 300,03 ;   8,539985 ;   49,16
336,17 ; 299,98 ;   6,642480 ;   38,24
338,18 ; 300,03 ;   8,362146 ;   48,89
340,18 ; 300,02 ;   7,138019 ;   41,70
342,18 ; 300,01 ;   8,027362 ;   46,40
344,18 ; 300,03 ;   7,827907 ;   45,87
346,18 ; 300,10 ;   7,493763 ;   43,42
348,18 ; 299,98 ;   6,799723 ;   39,55
350,18 ; 300,02 ;   9,409837 ;   54,06
352,18 ; 300,01 ;   7,314952 ;   42,92
354,18 ; 300,04 ;   7,849650 ;   45,85
356,18 ; 300,02 ;   7,314784 ;   42,78
358,19 ; 300,04 ;   8,029350 ;   46,95
360,19 ; 300,01 ;   7,493038 ;   43,36
362,19 ; 299,96 ;   8,184596 ;   47,57
364,19 ; 300,03 ;   8,360211 ;   48,99
366,19 ; 299,95 ;   6,800631 ;   39,94
368,19 ; 300,01 ;   8,876026 ;   51,97
370,19 ; 299,98 ;   6,977508 ;   40,66
372,19 ; 299,97 ;   8,185322 ;   47,13
374,19 ; 300,01 ;   8,006349 ;   46,65
376,20 ; 300,03 ;   7,314433 ;   42,39
378,20 ; 299,99 ;   7,494018 ;   43,41
380,20 ; 300,01 ;   8,360868 ;   48,24
382,20 ; 299,90 ;   7,671978 ;   44,12
384,20 ; 300,01 ;   9,236167 ;   53,97
386,20 ; 299,98 ;   6,465870 ;   37,21
388,20 ; 300,01 ;   8,187377 ;   47,14
390,20 ; 300,08 ;   7,495084 ;   43,55
392,20 ; 300,09 ;   6,801315 ;   39,68
394,20 ; 300,02 ;   7,670773 ;   44,24
396,21 ; 300,01 ;   8,721659 ;   50,41
398,21 ; 300,08 ;   7,852287 ;   45,84
400,21 ; 299,97 ;   6,800088 ;   39,66
402,21 ; 299,91 ;   9,232037 ;   53,54
404,21 ; 299,98 ;   8,541407 ;   49,83
406,21 ; 299,97 ;   6,958789 ;   40,21
408,21 ; 299,95 ;   8,009281 ;   46,64
410,21 ; 300,01 ;   8,183816 ;   47,36
412,21 ; 299,97 ;   6,978663 ;   40,66
414,22 ; 299,99 ;   8,362499 ;   48,38
416,22 ; 300,04 ;   7,492448 ;   43,64
418,22 ; 299,95 ;   7,153138 ;   41,64
420,22 ; 300,02 ;   9,054117 ;   52,55
422,22 ; 300,02 ;   6,978507 ;   40,04
424,22 ; 299,99 ;   7,852178 ;   45,23
426,22 ; 299,91 ;   8,186155 ;   47,10
428,22 ; 299,97 ;   8,876313 ;   51,58
430,22 ; 300,03 ;   7,136351 ;   41,48
432,23 ; 300,09 ;   6,980018 ;   40,54
434,23 ; 300,06 ;   6,979813 ;   40,80
436,23 ; 299,98 ;   8,029423 ;   46,69
438,23 ; 300,03 ;   8,878704 ;   51,17
440,23 ; 299,98 ;   7,157059 ;   41,68
442,23 ; 299,97 ;   8,364930 ;   48,86
444,23 ; 299,99 ;   8,007883 ;   46,65
446,23 ; 300,05 ;   7,494273 ;   43,63
448,23 ; 299,97 ;   6,975509 ;   40,39
450,23 ; 299,91 ;   8,894724 ;   51,83
452,24 ; 299,98 ;   8,543652 ;   49,85
454,24 ; 300,01 ;   6,961516 ;   40,23
456,24 ; 300,05 ;   7,495412 ;   43,55
458,24 ; 299,95 ;   7,134709 ;   41,55
460,24 ; 300,02 ;   9,217822 ;   53,71
462,24 ; 300,05 ;   6,977331 ;   40,05
464,24 ; 300,03 ;   7,314680 ;   42,13
466,24 ; 300,02 ;   8,029332 ;   46,87
468,24 ; 299,90 ;   8,010522 ;   46,38
470,25 ; 298,64 ;   9,409989 ;   54,55
472,25 ; 294,72 ;   21,489539 ;  125,00
474,25 ; 289,89 ;   21,531058 ;  125,00
476,25 ; 285,27 ;   21,538489 ;  125,00
478,25 ; 281,17 ;   21,534950 ;  125,00
480,25 ; 277,52 ;   21,533908 ;  125,00
482,25 ; 274,62 ;   21,528224 ;  125,00
484,25 ; 272,23 ;   21,528739 ;  125,00
486,26 ; 270,33 ;   21,506171 ;  125,00
488,26 ; 268,72 ;   21,517324 ;  125,00
490,26 ; 267,49 ;   21,514963 ;  125,00
492,26 ; 266,55 ;   21,510316 ;  125,00
494,26 ; 266,02 ;   21,510611 ;  125,00
496,26 ; 265,60 ;   21,508503 ;  125,00
498,26 ; 265,53 ;   21,488011 ;  125,00
500,26 ; 265,49 ;   21,503284 ;  125,00
502,27 ; 265,84 ;   21,500523 ;  125,00
504,27 ; 266,24 ;   21,501275 ;  125,00
506,27 ; 266,79 ;   21,498176 ;  125,00
508,27 ; 267,48 ;   21,496961 ;  125,00
510,27 ; 268,41 ;   21,494838 ;  125,00
512,27 ; 269,40 ;   19,831483 ;  114,28
514,27 ; 270,49 ;   18,566072 ;  107,92
516,27 ; 271,72 ;   16,653737 ;   96,94
518,28 ; 272,95 ;   14,409201 ;   83,22
520,28 ; 274,16 ;   13,716408 ;   79,25
522,28 ; 275,59 ;   13,024420 ;   75,68
524,28 ; 276,95 ;   9,382484 ;   54,72
526,28 ; 278,13 ;   9,383106 ;   54,65
528,28 ; 279,52 ;   10,947017 ;   63,60
530,28 ; 280,91 ;   7,297002 ;   42,32
532,28 ; 282,13 ;   6,427122 ;   37,23
534,29 ; 283,37 ;   7,653567 ;   44,31
536,29 ; 284,64 ;   6,433706 ;   37,39
538,29 ; 285,59 ;   5,051660 ;   29,48
540,29 ; 286,54 ;   8,528496 ;   49,28
542,29 ; 287,59 ;   7,838891 ;   46,00
544,29 ; 288,34 ;   5,744991 ;   33,88
546,29 ; 289,13 ;   9,060987 ;   52,80
548,29 ; 289,84 ;   8,016400 ;   46,00
550,29 ; 290,45 ;   8,528437 ;   49,39
552,30 ; 291,13 ;   9,380431 ;   54,51
554,30 ; 291,76 ;   8,173673 ;   47,03
556,30 ; 292,28 ;   8,172695 ;   47,22
558,30 ; 292,78 ;   9,226670 ;   53,18
560,30 ; 293,29 ;   9,046198 ;   52,84
562,30 ; 293,76 ;   8,710194 ;   50,11
564,30 ; 294,27 ;   8,868310 ;   51,02
566,30 ; 294,67 ;   7,840101 ;   45,89
568,31 ; 294,99 ;   8,873491 ;   51,65
570,31 ; 295,34 ;   9,760849 ;   56,70
572,31 ; 295,77 ;   9,048212 ;   52,92
574,31 ; 296,12 ;   7,822178 ;   45,19
576,31 ; 296,45 ;   8,517612 ;   49,99
578,31 ; 296,71 ;   8,534519 ;   49,67
580,31 ; 297,08 ;   9,245258 ;   53,14
582,31 ; 297,31 ;   7,484557 ;   43,87
584,31 ; 297,59 ;   9,067566 ;   52,63
586,32 ; 297,86 ;   8,357368 ;   48,46
588,32 ; 298,16 ;   8,179266 ;   47,14
590,32 ; 298,30 ;   7,484142 ;   43,94
592,32 ; 298,59 ;   9,406531 ;   54,84
594,32 ; 298,78 ;   7,152280 ;   41,78
596,32 ; 298,98 ;   8,362276 ;   48,93
598,32 ; 299,20 ;   8,018758 ;   46,73
600,32 ; 299,44 ;   7,666226 ;   44,42
602,32 ; 299,58 ;   7,135949 ;   41,99
604,33 ; 299,72 ;   8,376653 ;   48,17
606,33 ; 299,82 ;   8,198479 ;   47,39
608,33 ; 299,96 ;   8,536927 ;   49,72
610,33 ; 300,13 ;   8,007076 ;   46,04
612,33 ; 300,29 ;   7,508521 ;   43,36
614,33 ; 300,42 ;   7,313756 ;   42,41
616,33 ; 300,52 ;   7,507452 ;   43,91
618,33 ; 300,55 ;   7,826272 ;   45,58
620,33 ; 300,63 ;   8,897727 ;   51,15
622,34 ; 300,73 ;   7,848110 ;   45,98
624,34 ; 300,81 ;   7,672136 ;   44,80
626,34 ; 300,88 ;   7,673474 ;   44,79
628,34 ; 301,06 ;   7,848126 ;   45,45
630,34 ; 301,05 ;   6,265993 ;   36,24
632,34 ; 301,05 ;   8,719435 ;   50,63
634,34 ; 301,19 ;   8,543066 ;   49,36
636,34 ; 301,19 ;   6,620087 ;   38,06
638,34 ; 301,20 ;   8,364136 ;   48,31
640,35 ; 301,32 ;   8,028541 ;   46,93
642,35 ; 301,36 ;   6,624242 ;   38,63
644,35 ; 301,29 ;   7,669098 ;   44,02
646,35 ; 301,38 ;   9,071698 ;   52,35
648,35 ; 301,31 ;   6,801745 ;   39,56
650,35 ; 301,38 ;   8,896568 ;   51,93
652,35 ; 301,46 ;   6,978586 ;   41,00
654,35 ; 301,44 ;   6,801839 ;   39,82
656,35 ; 301,32 ;   8,184180 ;   47,29
658,36 ; 301,41 ;   9,406747 ;   54,73
660,36 ; 301,39 ;   6,802590 ;   39,10
662,36 ; 301,46 ;   8,027972 ;   46,53
664,36 ; 301,43 ;   6,799648 ;   39,63
666,36 ; 301,51 ;   8,181625 ;   47,14
668,36 ; 301,44 ;   6,625475 ;   38,47
670,36 ; 301,48 ;   8,524991 ;   49,66
672,36 ; 301,38 ;   6,979243 ;   40,58
674,36 ; 301,41 ;   8,893734 ;   51,97
676,37 ; 301,43 ;   7,153905 ;   41,83
678,37 ; 301,41 ;   7,312901 ;   42,74
680,37 ; 301,41 ;   7,669977 ;   44,98
682,37 ; 301,41 ;   7,495287 ;   43,67
684,37 ; 301,39 ;   7,495047 ;   43,52
686,37 ; 301,36 ;   7,828672 ;   45,23
688,37 ; 301,34 ;   7,851512 ;   45,84
690,37 ; 301,34 ;   7,847191 ;   45,25
692,37 ; 301,25 ;   7,312689 ;   42,75
694,38 ; 301,23 ;   8,703285 ;   50,64
696,38 ; 301,21 ;   7,829128 ;   45,45
698,38 ; 301,19 ;   7,676254 ;   44,83
700,38 ; 301,19 ;   7,848367 ;   45,41
702,38 ; 301,12 ;   7,494927 ;   43,55
704,38 ; 301,13 ;   8,539216 ;   49,02
706,38 ; 301,16 ;   7,336125 ;   42,46
708,38 ; 301,12 ;   7,137526 ;   41,63
710,38 ; 301,12 ;   8,009854 ;   46,34
712,38 ; 301,09 ;   7,489678 ;   43,33
714,39 ; 301,09 ;   7,848759 ;   45,70
716,39 ; 301,04 ;   7,491317 ;   43,27
718,39 ; 301,11 ;   8,027571 ;   46,89
720,39 ; 301,02 ;   6,466050 ;   37,72
722,39 ; 300,95 ;   8,722914 ;   50,24
724,39 ; 300,99 ;   8,381433 ;   48,19
726,39 ; 300,89 ;   6,981449 ;   40,37
728,39 ; 300,99 ;   8,895814 ;   51,22
730,39 ; 300,89 ;   6,110248 ;   35,55
732,40 ; 300,89 ;   8,880168 ;   51,02
734,40 ; 300,88 ;   7,494777 ;   43,42
736,40 ; 300,84 ;   7,494038 ;   43,95
738,40 ; 300,86 ;   8,008474 ;   46,39
740,40 ; 300,87 ;   7,313282 ;   42,17
742,40 ; 300,88 ;   7,336595 ;   42,60
744,40 ; 300,82 ;   7,154993 ;   41,84
746,40 ; 300,77 ;   8,185891 ;   47,87
748,40 ; 300,68 ;   8,183208 ;   47,52
750,41 ; 300,79 ;   8,720164 ;   50,24
752,41 ; 300,73 ;   6,108897 ;   35,12
754,41 ; 300,63 ;   8,364453 ;   48,08
756,41 ; 300,63 ;   8,879167 ;   51,47
758,41 ; 300,63 ;   7,494193 ;   43,29
760,41 ; 300,66 ;   7,495903 ;   43,80
762,41 ; 300,56 ;   7,135194 ;   41,86
764,41 ; 300,52 ;   8,699118 ;   50,98
766,41 ; 300,61 ;   8,183932 ;   47,11
768,41 ; 300,52 ;   6,445239 ;   37,33
770,42 ; 300,52 ;   8,880018 ;   51,07
772,42 ; 300,45 ;   7,654237 ;   44,09
774,42 ; 300,52 ;   8,545437 ;   49,01
776,42 ; 300,49 ;   6,800988 ;   39,37
778,42 ; 300,45 ;   7,847452 ;   45,80
780,42 ; 300,47 ;   8,186949 ;   47,12
782,42 ; 300,45 ;   7,337458 ;   42,94
784,42 ; 300,45 ;   7,829396 ;   45,29
786,42 ; 300,41 ;   7,674958 ;   44,09
788,43 ; 300,47 ;   8,186859 ;   47,77
790,43 ; 300,38 ;   6,801717 ;   39,29
792,43 ; 300,43 ;   8,721391 ;   50,70
794,43 ; 300,42 ;   6,963934 ;   40,58
796,43 ; 300,43 ;   7,670482 ;   44,61
798,43 ; 300,29 ;   7,496642 ;   43,37
800,43 ; 300,43 ;   9,571146 ;   55,09
802,43 ; 300,38 ;   5,771136 ;   33,49
804,43 ; 300,27 ;   8,204245 ;   47,55
806,43 ; 300,31 ;   9,235193 ;   53,38
808,44 ; 300,29 ;   6,958679 ;   40,97
810,44 ; 300,33 ;   8,008877 ;   46,26
812,44 ; 300,26 ;   7,136962 ;   41,39
814,44 ; 300,27 ;   8,537191 ;   49,83
816,44 ; 300,28 ;   7,494191 ;   43,99
818,44 ; 300,33 ;   7,510240 ;   43,29
820,44 ; 300,23 ;   6,958792 ;   40,69
822,44 ; 300,20 ;   8,878800 ;   51,57
824,44 ; 300,22 ;   8,188317 ;   47,74
826,44 ; 300,27 ;   7,337397 ;   42,97
828,45 ; 300,23 ;   6,975742 ;   40,94
830,45 ; 300,20 ;   8,008173 ;   46,86
832,45 ; 300,20 ;   8,186517 ;   47,64
834,45 ; 300,24 ;   7,671967 ;   44,11
836,45 ; 300,17 ;   7,139548 ;   41,56
838,45 ; 300,14 ;   8,703068 ;   50,01
840,45 ; 300,16 ;   8,184052 ;   47,29
842,45 ; 300,16 ;   7,494897 ;   43,10
844,45 ; 300,17 ;   7,672617 ;   44,81
846,46 ; 300,10 ;   7,669678 ;   44,17
848,46 ; 300,20 ;   8,703089 ;   50,33
850,46 ; 300,13 ;   6,445067 ;   37,66
852,46 ; 300,10 ;   8,702658 ;   50,16
854,46 ; 300,15 ;   8,008199 ;   46,82
856,46 ; 300,10 ;   7,154283 ;   41,35
858,46 ; 300,09 ;   8,364397 ;   48,52
860,46 ; 300,13 ;   8,030293 ;   46,30
862,46 ; 300,04 ;   7,314114 ;   42,03
864,46 ; 300,09 ;   8,882026 ;   51,73
866,47 ; 300,06 ;   7,138211 ;   41,66
868,47 ; 300,15 ;   8,008569 ;   46,97
870,47 ; 300,16 ;   6,621105 ;   38,39
872,47 ; 300,10 ;   7,494408 ;   43,48
874,47 ; 300,16 ;   8,542298 ;   49,59
876,47 ; 300,05 ;   6,804209 ;   39,99
878,47 ; 300,01 ;   9,234505 ;   53,29
880,47 ; 300,04 ;   8,363375 ;   48,94
882,47 ; 300,06 ;   7,315847 ;   43,00
884,48 ; 300,03 ;   7,494388 ;   43,43
886,48 ; 300,04 ;   8,187556 ;   47,64
888,48 ; 300,06 ;   7,674132 ;   44,71
890,48 ; 300,05 ;   7,492964 ;   43,42
892,48 ; 300,09 ;   7,850844 ;   45,76
894,48 ; 300,14 ;   7,313613 ;   42,69
896,48 ; 300,05 ;   6,979540 ;   40,64
898,48 ; 300,05 ;   8,899149 ;   51,50
900,48 ; 300,15 ;   7,852846 ;   45,15
902,48 ; 300,08 ;   6,446046 ;   37,68
904,49 ; 300,05 ;   8,719562 ;   50,18
906,49 ; 299,95 ;   8,008056 ;   46,85
908,49 ; 300,03 ;   9,235198 ;   53,82
910,49 ; 300,03 ;   6,621400 ;   38,91
912,49 ; 299,95 ;   7,844280 ;   45,25
914,49 ; 299,98 ;   9,076073 ;   52,09
916,49 ; 300,03 ;   7,315592 ;   42,64
918,49 ; 300,01 ;   7,160069 ;   41,79
920,49 ; 300,05 ;   8,185213 ;   47,12
922,49 ; 300,01 ;   7,137155 ;   41,66
924,50 ; 299,98 ;   8,362688 ;   48,84
926,50 ; 299,99 ;   8,206023 ;   47,24
928,50 ; 300,05 ;   7,671278 ;   44,89
930,50 ; 300,04 ;   6,980369 ;   40,50
932,50 ; 300,03 ;   8,027582 ;   46,35
934,50 ; 300,03 ;   7,830944 ;   45,81
936,50 ; 300,01 ;   7,852858 ;   45,23
938,50 ; 300,06 ;   8,184450 ;   47,10
940,50 ; 300,04 ;   7,138760 ;   41,01
942,50 ; 300,04 ;   8,011615 ;   46,91
944,51 ; 299,87 ;   7,846429 ;   45,17
946,51 ; 299,90 ;   10,104680 ;   58,85
948,51 ; 299,96 ;   7,494802 ;   43,69
950,51 ; 299,96 ;   7,156677 ;   41,03
952,51 ; 300,01 ;   7,851981 ;   45,65
954,51 ; 300,06 ;   7,137701 ;   41,92
956,51 ; 299,99 ;   7,156848 ;   41,03
958,51 ; 300,01 ;   8,720624 ;   50,65
960,51 ; 300,06 ;   7,672125 ;   44,22
962,52 ; 300,01 ;   7,155647 ;   41,02
964,52 ; 300,04 ;   8,545872 ;   49,40
966,52 ; 299,97 ;   7,336351 ;   42,88
968,52 ; 300,03 ;   8,701643 ;   50,78
970,52 ; 299,99 ;   6,979354 ;   40,62
972,52 ; 300,02 ;   8,364290 ;   48,34
974,52 ; 300,01 ;   7,496127 ;   43,59
976,52 ; 300,02 ;   7,831058 ;   45,94
978,52 ; 300,03 ;   7,675659 ;   44,74
980,52 ; 299,97 ;   7,671277 ;   44,07
982,53 ; 300,02 ;   8,700710 ;   50,19
984,53 ; 299,95 ;   7,137671 ;   41,85
986,53 ; 299,99 ;   8,698003 ;   50,91
988,53 ; 299,94 ;   7,135886 ;   41,99
990,53 ; 300,05 ;   8,525705 ;   49,81
992,53 ; 300,01 ;   6,269678 ;   36,45
994,53 ; 300,01 ;   8,365478 ;   48,82
996,53 ; 299,99 ;   7,829396 ;   45,36
998,53 ; 300,08 ;   8,028632 ;   46,61
1000,54 ; 299,98 ;   6,624024 ;   38,62
1002,54 ; 300,09 ;   9,057605 ;   52,41
1004,54 ; 300,03 ;   6,444903 ;   37,41
1006,54 ; 299,95 ;   8,542786 ;   49,25
1008,54 ; 300,01 ;   9,056486 ;   52,05
1010,54 ; 299,97 ;   6,962078 ;   40,74
1012,54 ; 299,99 ;   8,362981 ;   48,46
1014,54 ; 299,97 ;   7,493398 ;   43,71
1016,54 ; 299,98 ;   8,188075 ;   47,31
1018,54 ; 300,05 ;   7,671503 ;   44,34
1020,55 ; 300,10 ;   6,799226 ;   39,90
1022,55 ; 299,95 ;   7,159402 ;   41,35
1024,55 ; 300,05 ;   9,929066 ;   57,24
1026,55 ; 300,01 ;   6,445750 ;   37,00
1028,55 ; 300,01 ;   8,362776 ;   48,80
1030,55 ; 300,03 ;   7,828094 ;   45,34
1032,55 ; 300,05 ;   7,510490 ;   43,48
1034,55 ; 299,92 ;   7,494862 ;   43,34
1036,55 ; 299,91 ;   9,572649 ;   55,63
1038,55 ; 299,95 ;   8,025682 ;   46,46
1040,56 ; 299,96 ;   7,511764 ;   43,40
1042,56 ; 299,98 ;   7,655098 ;   44,47
1044,56 ; 299,96 ;   7,495947 ;   43,77
1046,56 ; 300,06 ;   8,185815 ;   47,36
1048,56 ; 299,99 ;   6,446928 ;   37,55
1050,56 ; 300,01 ;   8,701394 ;   50,64
1052,56 ; 299,95 ;   7,672034 ;   44,21
1054,56 ; 300,01 ;   8,700470 ;   50,33
1056,56 ; 299,90 ;   6,978213 ;   40,75
1058,56 ; 299,96 ;   9,411142 ;   54,07
1060,57 ; 300,01 ;   7,137370 ;   41,03
1062,57 ; 300,01 ;   7,136511 ;   41,92
1064,57 ; 300,05 ;   7,849031 ;   45,38
1066,57 ; 299,98 ;   7,159437 ;   41,65
1068,57 ; 300,02 ;   8,717434 ;   50,70
1070,57 ; 300,02 ;   7,492696 ;   43,02
1072,57 ; 299,99 ;   7,849991 ;   45,33
1074,57 ; 299,96 ;   8,186889 ;   47,19
1076,57 ; 300,08 ;   8,185430 ;   47,95
1078,58 ; 300,01 ;   6,267254 ;   36,32
1080,58 ; 300,12 ;   8,697829 ;   50,55
1082,58 ; 300,01 ;   6,288890 ;   36,66
1084,58 ; 299,98 ;   9,233280 ;   53,42
1086,58 ; 299,95 ;   8,188871 ;   47,22
1088,58 ; 299,92 ;   8,379751 ;   48,60
1090,58 ; 300,03 ;   8,187768 ;   47,59
1092,58 ; 299,96 ;   6,445806 ;   37,16
1094,58 ; 300,05 ;   8,699711 ;   50,83
1096,58 ; 299,96 ;   6,623761 ;   38,18
1098,59 ; 300,04 ;   9,073033 ;   52,55
1100,59 ; 299,97 ;   6,803489 ;   39,42
1102,59 ; 300,06 ;   8,720548 ;   50,78
1104,59 ; 300,03 ;   6,625429 ;   38,13
1106,59 ; 300,04 ;   8,188225 ;   47,53
1108,59 ; 300,01 ;   7,670888 ;   44,60
1110,59 ; 300,02 ;   8,205738 ;   47,66
1112,59 ; 300,03 ;   7,675397 ;   44,73
1114,59 ; 300,02 ;   7,671062 ;   44,06
1116,59 ; 300,04 ;   8,006299 ;   46,45
1118,60 ; 299,97 ;   7,495282 ;   43,43
1120,60 ; 300,04 ;   8,720829 ;   50,76
1122,60 ; 300,03 ;   6,816711 ;   39,97
1124,60 ; 300,05 ;   7,846610 ;   45,78
1126,60 ; 300,03 ;   7,513123 ;   43,34
1128,60 ; 300,01 ;   8,027914 ;   46,92
1130,60 ; 300,01 ;   8,187189 ;   47,06
1132,60 ; 300,02 ;   7,829220 ;   45,33
1134,60 ; 299,98 ;   7,672834 ;   44,70
1136,60 ; 300,03 ;   8,204538 ;   47,76
1138,61 ; 299,96 ;   7,158267 ;   41,73
1140,61 ; 300,04 ;   8,719054 ;   50,78
1142,61 ; 299,96 ;   6,805271 ;   39,38
1144,61 ; 299,96 ;   8,901123 ;   51,36
1146,61 ; 299,89 ;   7,846850 ;   45,60
1148,61 ; 299,98 ;   8,880702 ;   51,20
1150,61 ; 300,04 ;   6,641116 ;   38,56
1152,61 ; 300,03 ;   7,158183 ;   41,13
1154,61 ; 300,01 ;   7,830544 ;   45,78
1156,62 ; 300,03 ;   8,203918 ;   47,07
1158,62 ; 300,08 ;   7,497416 ;   43,47
1160,62 ; 299,97 ;   7,161487 ;   41,46
1162,62 ; 299,97 ;   9,251052 ;   53,62
1164,62 ; 300,01 ;   7,858194 ;   45,55
1166,62 ; 300,04 ;   7,326801 ;   42,45
1168,62 ; 300,08 ;   7,326931 ;   42,84
1170,62 ; 300,01 ;   7,348052 ;   42,03
1172,62 ; 300,06 ;   8,714297 ;   50,51
1174,62 ; 300,01 ;   6,987762 ;   40,96
1176,63 ; 299,97 ;   8,553430 ;   49,34
1178,63 ; 299,94 ;   8,392869 ;   48,42
1180,63 ; 299,98 ;   8,379429 ;   48,02
1182,63 ; 300,02 ;   7,145096 ;   41,99
1184,63 ; 300,03 ;   7,331385 ;   42,97
1186,63 ; 299,97 ;   7,681570 ;   44,03
1188,63 ; 300,01 ;   8,730224 ;   50,16
1190,63 ; 300,01 ;   7,325875 ;   42,43
1192,63 ; 299,98 ;   7,862952 ;   45,32
1194,63 ; 300,05 ;   8,195303 ;   47,18
1196,64 ; 299,95 ;   6,812936 ;   39,86
1198,64 ; 299,98 ;   9,245377 ;   53,75
1200,64 ; 300,02 ;   7,344920 ;   42,57
1202,64 ; 299,97 ;   7,326126 ;   42,97
1204,64 ; 300,01 ;   8,555263 ;   49,00
1206,64 ; 299,97 ;   7,328845 ;   42,44
1208,64 ; 299,97 ;   8,373878 ;   48,43
1210,64 ; 299,98 ;   7,842097 ;   45,55
1212,64 ; 299,97 ;   7,681753 ;   44,31
1214,64 ; 300,01 ;   8,040758 ;   46,71
1216,65 ; 299,95 ;   7,324896 ;   42,45
1218,65 ; 300,02 ;   8,733498 ;   50,30
1220,65 ; 300,08 ;   6,990813 ;   40,10
1222,65 ; 299,99 ;   6,990754 ;   40,32
1224,65 ; 299,98 ;   8,911440 ;   51,76
1226,65 ; 300,01 ;   8,033561 ;   46,04
1228,65 ; 299,98 ;   7,503229 ;   43,60
1230,65 ; 299,95 ;   8,198379 ;   47,19
1232,65 ; 299,99 ;   8,375249 ;   48,58
1234,65 ; 299,99 ;   7,169692 ;   41,97
1236,66 ; 300,08 ;   7,857860 ;   45,43
1238,66 ; 300,02 ;   6,636350 ;   38,59
1240,66 ; 299,99 ;   8,551656 ;   49,90
1242,66 ; 300,02 ;   8,197267 ;   47,15
1244,66 ; 299,92 ;   7,505118 ;   43,55
1246,66 ; 300,01 ;   9,089716 ;   52,74
1248,66 ; 299,97 ;   6,634031 ;   38,99
1250,66 ; 300,04 ;   8,378161 ;   48,44
1252,66 ; 300,04 ;   6,812529 ;   39,97
1254,66 ; 299,99 ;   7,858772 ;   45,15
1256,67 ; 300,01 ;   8,373749 ;   48,88
1258,67 ; 300,06 ;   7,684427 ;   44,18
1260,67 ; 300,01 ;   6,987321 ;   40,97
1262,67 ; 300,06 ;   8,555170 ;   49,36
1264,67 ; 299,99 ;   6,989626 ;   40,97
1266,67 ; 300,02 ;   8,734228 ;   50,59
1268,67 ; 300,05 ;   7,506737 ;   43,54
1270,67 ; 299,99 ;   7,348043 ;   42,16
1272,67 ; 300,06 ;   8,714540 ;   50,01
1274,67 ; 300,04 ;   6,812204 ;   39,80
1276,68 ; 299,98 ;   8,018779 ;   46,85
1278,68 ; 300,05 ;   8,555527 ;   49,47
1280,68 ; 299,94 ;   6,812696 ;   39,84
1282,68 ; 299,96 ;   9,408019 ;   54,35
1284,68 ; 299,96 ;   7,506662 ;   43,84
1286,68 ; 299,88 ;   7,842014 ;   45,58
1288,68 ; 300,02 ;   9,074227 ;   52,42
1290,68 ; 299,98 ;   5,938766 ;   34,90
1292,68 ; 299,97 ;   8,199593 ;   47,76
1294,69 ; 299,94 ;   8,039371 ;   46,70
1296,69 ; 300,03 ;   8,361770 ;   48,04
1298,69 ; 299,97 ;   6,634840 ;   38,28
1300,69 ; 300,02 ;   8,716430 ;   50,17
1302,69 ; 299,90 ;   7,145410 ;   41,83
1304,69 ; 299,97 ;   9,408795 ;   54,61
1306,69 ; 299,99 ;   6,990322 ;   40,38
1308,69 ; 299,97 ;   7,505058 ;   43,71
1310,69 ; 299,99 ;   8,201168 ;   47,30
1312,69 ; 300,01 ;   7,504128 ;   43,71
1314,70 ; 300,06 ;   7,682224 ;   44,20
1316,70 ; 300,02 ;   6,968649 ;   41,00
1318,70 ; 300,05 ;   8,374650 ;   48,76
1320,70 ; 299,91 ;   7,344447 ;   42,19
1322,70 ; 300,06 ;   9,766953 ;   56,26
1324,70 ; 300,05 ;   5,938385 ;   34,07
1326,70 ; 300,01 ;   7,839552 ;   45,64
1328,70 ; 300,03 ;   8,378248 ;   48,79
1330,70 ; 299,97 ;   7,506327 ;   43,47
1332,70 ; 300,02 ;   8,727507 ;   50,16
1334,71 ; 299,98 ;   7,167674 ;   41,83
1336,71 ; 299,98 ;   8,196185 ;   47,77
1338,71 ; 300,04 ;   7,839920 ;   45,47
1340,71 ; 300,02 ;   7,168946 ;   41,12
1342,71 ; 299,89 ;   8,196852 ;   47,01
1344,71 ; 300,05 ;   9,584953 ;   55,23
1346,71 ; 300,01 ;   5,604049 ;   32,96
1348,71 ; 299,98 ;   8,376585 ;   48,79
1350,71 ; 300,03 ;   8,202404 ;   47,20
1352,71 ; 299,99 ;   7,164186 ;   41,74
1354,72 ; 300,04 ;   8,374516 ;   48,30
1356,72 ; 299,96 ;   7,169671 ;   41,69
1358,72 ; 299,91 ;   8,890287 ;   51,36
1360,72 ; 300,01 ;   8,549917 ;   49,33
1362,72 ; 299,99 ;   6,636029 ;   38,43
1364,72 ; 299,96 ;   8,019835 ;   46,58
1366,72 ; 299,98 ;   8,197348 ;   47,92
1368,72 ; 300,04 ;   7,500225 ;   43,75
1370,72 ; 300,02 ;   7,167893 ;   41,13
1372,72 ; 300,02 ;   8,196163 ;   47,03
1374,73 ; 300,01 ;   7,856549 ;   45,30
1376,73 ; 300,05 ;   7,864572 ;   45,92
1378,73 ; 300,01 ;   7,147397 ;   41,61
1380,73 ; 300,03 ;   8,374847 ;   48,79
1382,73 ; 300,02 ;   7,504643 ;   43,47
