Tempo total (s) ;Temperatura (ºC) ; Potencia atual (W) ; Saida
P:  12.50 I: 100.00 D:  23.80 Tensão:5.233 V
2,03 ; 299,94 ;   8,901473 ;   90,68
4,07 ; 300,02 ;   9,102445 ;   92,52
6,10 ; 299,96 ;   7,120724 ;   72,10
8,13 ; 300,02 ;   9,096929 ;   92,23
10,17 ; 299,98 ;   7,424951 ;   75,54
12,20 ; 300,03 ;   8,705843 ;   88,51
14,23 ; 299,88 ;   7,522598 ;   76,48
16,27 ; 300,01 ;   10,685587 ;  108,18
18,30 ; 299,97 ;   6,342203 ;   64,22
20,33 ; 299,96 ;   8,802756 ;   89,88
22,37 ; 299,98 ;   8,415301 ;   85,41
24,40 ; 300,01 ;   7,917374 ;   80,55
26,43 ; 300,03 ;   7,921083 ;   80,26
28,46 ; 300,01 ;   7,826262 ;   79,96
30,50 ; 300,08 ;   8,612911 ;   87,11
32,53 ; 299,99 ;   7,137270 ;   72,49
34,56 ; 300,04 ;   9,502337 ;   96,42
36,60 ; 300,08 ;   7,535659 ;   76,40
38,63 ; 300,08 ;   7,623051 ;   77,04
40,66 ; 300,03 ;   8,114086 ;   82,73
42,70 ; 300,09 ;   8,904577 ;   90,17
44,73 ; 300,03 ;   7,334307 ;   74,60
46,76 ; 300,01 ;   8,998327 ;   91,28
48,80 ; 300,01 ;   8,519178 ;   87,00
50,83 ; 300,01 ;   8,217387 ;   83,57
52,86 ; 299,98 ;   8,224551 ;   83,57
54,90 ; 300,09 ;   8,621233 ;   87,29
56,93 ; 300,04 ;   6,642421 ;   67,72
58,96 ; 300,09 ;   8,911275 ;   90,01
61,00 ; 300,14 ;   7,436912 ;   75,68
63,03 ; 300,10 ;   7,227259 ;   73,82
65,06 ; 300,05 ;   8,706486 ;   88,00
67,10 ; 300,05 ;   8,818628 ;   89,71
69,13 ; 300,09 ;   8,119434 ;   82,84
71,16 ; 300,02 ;   7,621133 ;   77,85
73,20 ; 300,06 ;   9,204899 ;   93,59
75,23 ; 300,03 ;   7,432043 ;   75,84
77,26 ; 299,91 ;   8,609035 ;   87,66
79,29 ; 299,94 ;   10,001559 ;  101,71
81,33 ; 299,98 ;   7,934254 ;   80,86
83,36 ; 300,04 ;   7,528884 ;   76,85
85,39 ; 299,92 ;   7,432732 ;   75,02
87,43 ; 299,95 ;   10,006177 ;  101,64
89,46 ; 299,97 ;   7,925728 ;   80,79
91,49 ; 300,05 ;   7,923669 ;   80,51
93,53 ; 299,98 ;   6,933642 ;   70,28
95,56 ; 300,03 ;   9,305454 ;   94,03
97,59 ; 299,98 ;   7,539102 ;   76,28
99,63 ; 300,01 ;   8,905291 ;   90,59
101,66 ; 300,01 ;   7,930703 ;   80,00
103,69 ; 300,09 ;   8,219428 ;   83,43
105,73 ; 300,04 ;   6,934432 ;   71,00
107,76 ; 300,03 ;   8,808969 ;   89,87
109,79 ; 300,04 ;   8,331258 ;   84,24
111,83 ; 300,12 ;   8,026846 ;   81,85
113,86 ; 300,03 ;   6,935291 ;   70,56
115,89 ; 299,92 ;   9,407818 ;   95,62
117,93 ; 300,04 ;   9,902736 ;  100,45
119,96 ; 300,01 ;   6,444504 ;   65,82
121,99 ; 299,99 ;   8,613923 ;   87,92
124,03 ; 299,95 ;   8,427414 ;   85,84
126,06 ; 299,97 ;   9,019192 ;   91,01
128,09 ; 299,94 ;   7,924100 ;   80,44
130,12 ; 299,98 ;   8,717820 ;   88,84
132,16 ; 299,97 ;   7,528451 ;   76,83
134,19 ; 299,99 ;   8,524883 ;   86,18
136,22 ; 299,98 ;   7,933994 ;   80,17
138,26 ; 299,98 ;   8,322529 ;   84,85
140,29 ; 300,06 ;   8,227799 ;   83,71
142,32 ; 299,94 ;   7,031659 ;   71,28
144,36 ; 299,98 ;   10,096422 ;  102,59
146,39 ; 300,02 ;   7,539671 ;   76,85
148,42 ; 299,96 ;   7,722006 ;   78,74
150,46 ; 300,05 ;   9,108024 ;   92,01
152,49 ; 300,05 ;   6,841945 ;   69,10
154,52 ; 300,08 ;   8,113133 ;   82,81
156,56 ; 300,09 ;   7,822050 ;   79,07
158,59 ; 300,03 ;   8,021450 ;   81,23
160,62 ; 300,06 ;   9,008491 ;   91,05
162,66 ; 300,05 ;   7,729699 ;   78,07
164,69 ; 300,03 ;   8,224640 ;   83,88
166,72 ; 300,08 ;   8,525344 ;   86,44
168,76 ; 300,06 ;   7,434618 ;   75,55
170,79 ; 300,05 ;   8,319244 ;   84,88
172,82 ; 300,12 ;   8,227229 ;   83,82
174,85 ; 300,02 ;   7,136816 ;   72,72
176,89 ; 300,01 ;   9,615631 ;   97,99
178,92 ; 300,13 ;   8,329177 ;   84,37
180,95 ; 299,99 ;   6,339293 ;   64,59
182,99 ; 300,03 ;   10,103694 ;  102,83
185,02 ; 299,98 ;   7,635402 ;   77,18
187,05 ; 300,05 ;   8,916500 ;   90,34
189,09 ; 300,03 ;   7,136463 ;   72,30
191,12 ; 299,95 ;   8,518963 ;   86,30
193,15 ; 300,03 ;   9,516353 ;   96,53
195,19 ; 299,97 ;   6,940889 ;   70,31
197,22 ; 299,98 ;   9,106105 ;   92,82
199,25 ; 299,94 ;   8,037990 ;   81,19
201,29 ; 299,96 ;   8,916564 ;   90,94
203,32 ; 299,92 ;   7,933653 ;   80,37
205,35 ; 299,99 ;   8,913147 ;   90,03
207,39 ; 300,03 ;   7,235844 ;   73,14
209,42 ; 299,95 ;   7,620709 ;   77,22
211,45 ; 300,02 ;   9,511751 ;   96,60
213,49 ; 300,02 ;   7,137302 ;   72,85
215,52 ; 300,12 ;   8,216618 ;   83,13
217,55 ; 300,04 ;   6,534482 ;   66,97
219,59 ; 300,02 ;   9,302533 ;   94,23
221,62 ; 300,03 ;   8,514870 ;   86,52
223,65 ; 300,05 ;   7,924716 ;   80,60
225,69 ; 299,96 ;   7,828027 ;   79,15
227,72 ; 299,99 ;   9,600779 ;   97,47
229,75 ; 300,05 ;   7,731714 ;   78,80
231,78 ; 300,02 ;   7,237303 ;   73,43
233,82 ; 300,02 ;   8,714187 ;   88,78
235,85 ; 300,02 ;   8,225907 ;   83,06
237,88 ; 300,01 ;   8,218633 ;   83,05
239,92 ; 300,01 ;   8,319828 ;   84,29
241,95 ; 300,05 ;   8,225177 ;   83,15
243,98 ; 300,01 ;   7,432686 ;   75,69
246,02 ; 300,04 ;   8,812072 ;   90,00
248,05 ; 300,02 ;   7,734755 ;   78,16
250,08 ; 299,95 ;   8,504983 ;   86,45
252,12 ; 299,96 ;   9,308403 ;   94,20
254,15 ; 300,05 ;   8,029007 ;   81,44
256,18 ; 300,06 ;   6,730616 ;   68,83
258,22 ; 300,03 ;   8,019955 ;   81,29
260,25 ; 299,99 ;   8,617447 ;   87,38
262,28 ; 300,04 ;   8,819901 ;   89,02
264,32 ; 300,02 ;   7,436163 ;   75,85
266,35 ; 299,97 ;   8,520035 ;   86,42
268,38 ; 300,08 ;   8,915702 ;   90,45
270,42 ; 300,01 ;   6,536524 ;   66,20
272,45 ; 300,04 ;   9,206210 ;   93,37
274,48 ; 300,04 ;   7,734915 ;   78,11
276,51 ; 299,99 ;   8,125186 ;   82,67
278,55 ; 300,01 ;   8,921568 ;   90,11
280,58 ; 299,91 ;   7,932257 ;   80,77
282,61 ; 299,96 ;   9,601500 ;   97,97
284,65 ; 300,05 ;   7,538306 ;   76,82
286,68 ; 299,96 ;   6,742494 ;   68,77
288,71 ; 299,94 ;   9,614674 ;   97,40
290,75 ; 299,99 ;   8,625523 ;   87,41
292,78 ; 299,99 ;   7,435137 ;   75,30
294,81 ; 299,97 ;   8,216965 ;   83,30
296,85 ; 300,02 ;   8,622948 ;   87,03
298,88 ; 299,94 ;   7,532716 ;   76,15
300,91 ; 300,08 ;   9,406554 ;   95,43
302,95 ; 299,95 ;   6,052933 ;   61,65
304,98 ; 299,98 ;   10,198379 ;  103,34
307,01 ; 300,08 ;   7,630862 ;   77,70
309,05 ; 299,95 ;   6,731051 ;   68,51
311,08 ; 300,04 ;   10,196111 ;  103,34
313,11 ; 300,03 ;   6,844629 ;   69,01
315,15 ; 300,03 ;   8,214154 ;   83,95
317,18 ; 300,03 ;   8,120432 ;   82,80
319,21 ; 300,05 ;   8,121117 ;   82,79
321,25 ; 300,01 ;   7,829813 ;   79,06
323,28 ; 300,01 ;   8,818271 ;   89,93
325,31 ; 299,98 ;   8,231357 ;   83,07
327,34 ; 300,06 ;   8,532466 ;   86,79
329,38 ; 299,96 ;   6,942984 ;   70,93
331,41 ; 300,01 ;   9,704326 ;   98,51
333,44 ; 300,04 ;   7,539794 ;   76,20
335,48 ; 299,98 ;   7,729949 ;   78,09
337,51 ; 299,92 ;   9,019661 ;   91,35
339,54 ; 300,02 ;   9,215269 ;   93,30
341,58 ; 300,04 ;   6,844822 ;   69,25
343,61 ; 300,03 ;   7,823481 ;   79,24
345,64 ; 300,02 ;   8,229077 ;   83,91
347,68 ; 300,05 ;   8,431722 ;   85,24
349,71 ; 300,04 ;   7,540501 ;   76,74
351,74 ; 300,04 ;   8,325209 ;   84,92
353,78 ; 300,04 ;   8,124636 ;   82,63
355,81 ; 299,99 ;   8,118479 ;   82,62
357,84 ; 299,99 ;   8,917991 ;   90,06
359,88 ; 300,02 ;   8,231620 ;   83,21
361,91 ; 300,05 ;   7,826469 ;   79,48
363,94 ; 299,99 ;   7,529641 ;   76,69
365,97 ; 300,03 ;   9,105832 ;   92,33
368,01 ; 299,99 ;   7,540800 ;   76,98
370,04 ; 299,94 ;   8,708723 ;   88,90
372,07 ; 300,03 ;   9,027185 ;   91,89
374,11 ; 299,99 ;   6,742818 ;   68,99
376,14 ; 300,03 ;   8,708306 ;   88,91
378,17 ; 299,92 ;   7,533709 ;   76,99
380,21 ; 300,02 ;   9,895225 ;  100,08
382,24 ; 299,97 ;   6,845717 ;   69,18
384,27 ; 299,95 ;   8,909964 ;   90,36
386,31 ; 299,96 ;   8,621890 ;   87,24
388,34 ; 299,95 ;   8,022074 ;   81,34
390,37 ; 300,01 ;   8,514457 ;   86,12
392,41 ; 299,97 ;   7,236722 ;   73,90
394,44 ; 299,99 ;   8,814084 ;   89,26
396,47 ; 300,03 ;   7,823963 ;   79,83
398,51 ; 300,02 ;   7,628966 ;   77,04
400,54 ; 299,98 ;   8,416787 ;   85,24
402,57 ; 300,05 ;   8,624785 ;   87,92
404,61 ; 299,95 ;   7,131070 ;   72,16
406,64 ; 300,01 ;   9,798901 ;   99,83
408,67 ; 299,96 ;   7,239541 ;   73,91
410,71 ; 300,05 ;   8,906532 ;   90,51
412,74 ; 299,98 ;   6,738113 ;   68,74
414,77 ; 299,97 ;   9,205776 ;   93,63
416,81 ; 300,08 ;   8,418095 ;   85,83
418,84 ; 299,98 ;   6,529431 ;   66,16
420,87 ; 299,99 ;   9,594164 ;   97,06
422,90 ; 299,99 ;   8,117502 ;   82,10
424,94 ; 299,98 ;   8,116454 ;   83,24
426,97 ; 299,97 ;   8,188102 ;   84,49
429,00 ; 300,03 ;   8,264478 ;   85,83
431,04 ; 300,02 ;   7,103817 ;   73,62
433,07 ; 299,96 ;   8,289910 ;   85,24
435,10 ; 300,10 ;   8,892779 ;   91,65
437,14 ; 300,03 ;   5,953445 ;   61,29
439,17 ; 299,95 ;   9,095612 ;   93,02
441,20 ; 299,96 ;   9,395226 ;   96,40
443,24 ; 299,97 ;   7,932978 ;   81,35
445,27 ; 299,92 ;   8,006540 ;   82,40
447,30 ; 299,91 ;   8,897787 ;   91,01
449,34 ; 299,92 ;   8,331491 ;   85,41
451,37 ; 299,85 ;   8,139400 ;   83,05
453,40 ; 299,89 ;   9,324615 ;   95,39
455,43 ; 299,91 ;   7,639506 ;   78,93
457,47 ; 299,89 ;   7,849584 ;   80,95
459,50 ; 299,91 ;   8,637378 ;   88,13
461,53 ; 299,92 ;   7,848643 ;   81,00
463,57 ; 299,87 ;   8,159861 ;   83,20
465,60 ; 299,90 ;   9,150695 ;   93,06
467,63 ; 299,89 ;   7,870087 ;   80,13
469,67 ; 299,91 ;   8,361362 ;   85,97
471,70 ; 299,87 ;   7,958837 ;   81,12
473,73 ; 299,82 ;   9,038901 ;   92,03
475,77 ; 299,89 ;   9,048117 ;   92,67
477,80 ; 299,90 ;   7,277621 ;   74,67
479,83 ; 299,94 ;   8,163799 ;   83,74
481,87 ; 299,87 ;   7,671452 ;   78,69
483,90 ; 299,91 ;   9,350150 ;   95,61
485,93 ; 299,91 ;   7,557872 ;   77,90
487,97 ; 299,91 ;   8,253546 ;   84,78
490,00 ; 299,88 ;   8,251061 ;   84,80
492,03 ; 299,96 ;   8,926400 ;   91,04
494,07 ; 299,92 ;   6,970861 ;   71,68
496,10 ; 299,92 ;   8,856945 ;   90,48
498,13 ; 299,88 ;   8,228544 ;   84,79
500,16 ; 299,98 ;   9,031879 ;   92,26
502,20 ; 299,90 ;   6,684516 ;   68,04
504,23 ; 299,95 ;   9,513356 ;   97,72
506,26 ; 299,96 ;   7,581577 ;   77,71
508,30 ; 299,92 ;   8,062813 ;   82,10
510,33 ; 299,92 ;   8,864962 ;   90,61
512,36 ; 299,92 ;   8,262595 ;   84,91
514,40 ; 299,99 ;   8,274720 ;   84,93
516,43 ; 299,95 ;   7,197365 ;   73,77
518,46 ; 299,90 ;   8,961190 ;   91,51
520,50 ; 299,96 ;   9,055706 ;   92,12
522,53 ; 299,96 ;   7,376784 ;   75,34
524,56 ; 299,94 ;   8,264948 ;   84,50
526,60 ; 299,97 ;   8,666896 ;   88,24
528,63 ; 299,95 ;   7,773153 ;   79,86
530,66 ; 299,97 ;   8,671122 ;   88,17
532,70 ; 299,95 ;   7,984333 ;   81,02
534,73 ; 299,99 ;   8,668482 ;   88,19
536,76 ; 299,94 ;   7,584433 ;   77,32
538,80 ; 299,96 ;   9,060961 ;   92,88
540,83 ; 299,98 ;   7,974216 ;   81,16
542,86 ; 299,95 ;   7,877782 ;   80,88
544,89 ; 300,02 ;   8,869833 ;   90,52
546,93 ; 299,90 ;   7,191741 ;   73,63
548,96 ; 299,98 ;   10,038414 ;  102,55
550,99 ; 299,92 ;   6,990978 ;   71,77
553,03 ; 299,97 ;   9,245362 ;   94,29
555,06 ; 299,99 ;   7,580020 ;   77,71
557,09 ; 300,05 ;   7,867798 ;   80,84
559,13 ; 299,94 ;   7,265862 ;   74,34
561,16 ; 299,99 ;   10,011826 ;  102,11
563,19 ; 300,08 ;   7,491886 ;   76,28
565,23 ; 299,99 ;   6,883460 ;   70,61
567,26 ; 300,04 ;   9,429665 ;   96,83
569,29 ; 299,94 ;   7,480746 ;   76,80
571,33 ; 299,98 ;   9,744872 ;   99,81
573,36 ; 299,96 ;   7,587312 ;   77,51
575,39 ; 300,05 ;   8,662697 ;   88,10
577,43 ; 299,96 ;   6,788051 ;   69,77
579,46 ; 300,01 ;   9,639016 ;   98,39
581,49 ; 299,94 ;   7,592957 ;   77,22
583,52 ; 300,02 ;   9,347194 ;   95,26
585,56 ; 299,99 ;   7,092818 ;   72,56
587,59 ; 299,99 ;   8,561015 ;   87,72
589,62 ; 299,97 ;   8,259618 ;   84,29
591,66 ; 299,96 ;   8,658867 ;   88,02
593,69 ; 299,98 ;   8,371433 ;   85,84
595,72 ; 299,96 ;   7,877460 ;   80,98
597,76 ; 300,02 ;   8,649872 ;   88,14
599,79 ; 300,02 ;   7,481604 ;   76,02
601,82 ; 300,03 ;   8,263725 ;   84,02
603,86 ; 299,97 ;   7,974173 ;   81,53
605,89 ; 299,98 ;   9,139685 ;   93,75
607,92 ; 300,06 ;   8,080483 ;   82,13
609,96 ; 299,98 ;   6,994097 ;   71,99
611,99 ; 300,06 ;   9,330443 ;   95,84
614,02 ; 300,03 ;   6,987885 ;   71,99
616,06 ; 300,06 ;   8,641040 ;   88,37
618,09 ; 300,05 ;   7,678400 ;   78,82
620,12 ; 300,03 ;   8,276433 ;   84,62
622,16 ; 299,98 ;   8,562324 ;   87,19
624,19 ; 299,97 ;   8,946562 ;   91,21
626,22 ; 299,96 ;   8,467189 ;   86,84
628,26 ; 299,96 ;   8,350713 ;   85,80
630,29 ; 300,02 ;   8,255123 ;   84,67
632,32 ; 300,01 ;   7,376551 ;   75,98
634,35 ; 299,94 ;   8,375703 ;   85,22
636,39 ; 299,95 ;   9,356881 ;   95,25
638,42 ; 300,05 ;   8,186149 ;   83,74
640,45 ; 300,08 ;   6,603086 ;   67,51
642,49 ; 300,03 ;   7,754456 ;   79,76
644,52 ; 299,99 ;   8,883194 ;   90,63
646,55 ; 300,01 ;   8,774574 ;   89,98
648,59 ; 299,99 ;   7,973092 ;   81,78
650,62 ; 299,99 ;   8,459404 ;   86,55
652,65 ; 299,96 ;   8,270643 ;   84,26
654,69 ; 299,96 ;   8,744079 ;   89,24
656,72 ; 299,98 ;   8,276277 ;   84,67
658,75 ; 300,06 ;   7,868547 ;   80,95
660,79 ; 299,97 ;   6,982805 ;   71,97
662,82 ; 299,98 ;   9,623164 ;   98,29
664,85 ; 300,03 ;   8,086804 ;   82,09
666,89 ; 299,98 ;   7,482465 ;   76,93
668,92 ; 300,02 ;   8,952648 ;   91,24
670,95 ; 299,90 ;   7,784830 ;   79,41
672,98 ; 299,98 ;   10,021084 ;  102,61
675,02 ; 299,97 ;   7,011038 ;   71,82
677,05 ; 299,99 ;   8,465914 ;   86,89
679,08 ; 299,99 ;   7,880958 ;   80,88
681,12 ; 299,92 ;   8,265345 ;   84,32
683,15 ; 299,95 ;   9,373087 ;   95,50
685,18 ; 299,92 ;   7,973582 ;   81,50
687,22 ; 299,98 ;   8,669178 ;   88,68
689,25 ; 300,08 ;   7,372013 ;   75,33
691,28 ; 300,08 ;   6,795775 ;   69,55
693,32 ; 300,05 ;   8,173275 ;   83,26
695,35 ; 300,03 ;   8,468962 ;   86,97
697,38 ; 299,99 ;   8,566786 ;   87,26
699,42 ; 300,02 ;   8,864303 ;   90,03
701,45 ; 300,01 ;   7,884045 ;   80,59
703,48 ; 299,98 ;   8,387822 ;   85,26
705,52 ; 299,92 ;   8,575552 ;   87,84
707,55 ; 300,02 ;   9,277195 ;   94,36
709,58 ; 299,92 ;   6,908762 ;   70,31
711,61 ; 300,04 ;   9,649766 ;   98,94
713,65 ; 300,04 ;   6,517160 ;   66,60
715,68 ; 300,02 ;   8,175455 ;   83,74
717,71 ; 299,97 ;   8,571980 ;   87,46
719,75 ; 300,01 ;   8,983962 ;   91,48
721,78 ; 300,05 ;   7,702322 ;   78,42
723,81 ; 300,01 ;   7,501544 ;   76,68
725,85 ; 299,99 ;   8,866787 ;   90,98
727,88 ; 299,98 ;   8,483190 ;   86,60
729,91 ; 299,95 ;   8,388673 ;   85,56
731,95 ; 300,02 ;   8,866579 ;   90,64
733,98 ; 300,03 ;   7,199716 ;   73,75
736,01 ; 300,05 ;   7,992085 ;   81,55
738,05 ; 300,02 ;   7,889848 ;   80,10
740,08 ; 299,99 ;   8,763833 ;   89,73
742,11 ; 300,02 ;   8,579669 ;   87,74
744,15 ; 300,02 ;   7,886666 ;   80,58
746,18 ; 300,13 ;   8,299494 ;   84,01
748,21 ; 300,06 ;   6,525387 ;   66,61
750,25 ; 299,98 ;   9,087070 ;   92,52
752,28 ; 300,02 ;   9,388171 ;   95,78
754,31 ; 300,03 ;   7,812553 ;   79,39
756,35 ; 300,10 ;   7,996184 ;   81,47
758,38 ; 300,02 ;   7,107507 ;   72,56
760,41 ; 300,03 ;   9,469269 ;   96,49
762,44 ; 300,09 ;   8,003410 ;   81,43
764,48 ; 300,01 ;   7,409117 ;   75,01
766,51 ; 300,08 ;   9,375754 ;   95,41
768,54 ; 299,98 ;   7,116331 ;   72,79
770,58 ; 300,02 ;   9,572164 ;   97,98
772,61 ; 300,10 ;   7,814596 ;   79,30
774,64 ; 300,09 ;   6,919939 ;   70,19
776,68 ; 300,04 ;   8,388151 ;   85,23
778,71 ; 300,02 ;   8,889908 ;   90,38
780,74 ; 300,09 ;   8,593735 ;   87,24
782,78 ; 300,03 ;   7,115897 ;   72,62
784,81 ; 300,01 ;   8,995641 ;   91,59
786,84 ; 300,06 ;   8,601906 ;   87,30
788,88 ; 300,04 ;   7,413510 ;   75,17
790,91 ; 300,09 ;   8,489807 ;   86,89
792,94 ; 299,99 ;   7,414427 ;   75,99
794,98 ; 300,04 ;   9,568653 ;   97,74
797,01 ; 299,99 ;   7,515840 ;   76,56
799,04 ; 299,99 ;   8,891741 ;   90,87
801,07 ; 300,04 ;   8,309849 ;   84,02
803,11 ; 300,01 ;   7,515256 ;   76,56
805,14 ; 300,13 ;   8,698397 ;   88,38
807,17 ; 300,02 ;   6,426791 ;   65,17
809,21 ; 300,02 ;   9,786423 ;   99,69
811,24 ; 299,96 ;   8,207955 ;   83,67
813,27 ; 300,01 ;   9,096592 ;   92,36
815,31 ; 300,05 ;   7,521822 ;   76,92
817,34 ; 299,97 ;   7,521305 ;   76,32
819,37 ; 299,99 ;   9,492210 ;   96,84
821,41 ; 300,15 ;   7,917435 ;   80,54
823,44 ; 300,10 ;   5,833784 ;   59,12
825,47 ; 300,08 ;   8,797080 ;   89,40
827,51 ; 300,03 ;   8,495986 ;   86,24
829,54 ; 300,02 ;   8,894587 ;   90,25
831,57 ; 300,12 ;   8,404592 ;   85,87
833,61 ; 300,06 ;   6,622734 ;   67,43
835,64 ; 300,03 ;   8,890362 ;   90,95
837,67 ; 300,02 ;   8,608894 ;   87,90
839,71 ; 300,06 ;   8,398236 ;   85,81
841,74 ; 299,98 ;   7,506941 ;   76,07
843,77 ; 299,98 ;   9,389362 ;   95,34
845,80 ; 300,02 ;   8,208699 ;   83,91
847,84 ; 300,05 ;   7,711080 ;   78,94
849,87 ; 300,01 ;   7,621657 ;   77,29
851,90 ; 299,99 ;   8,893336 ;   90,45
853,94 ; 300,03 ;   8,511445 ;   86,08
855,97 ; 300,04 ;   7,618348 ;   77,58
858,00 ; 300,03 ;   8,103699 ;   82,04
860,04 ; 300,03 ;   8,308670 ;   84,42
862,07 ; 300,06 ;   8,216170 ;   83,27
864,10 ; 299,98 ;   7,711822 ;   78,29
866,14 ; 300,03 ;   9,395539 ;   95,27
868,17 ; 300,06 ;   7,516859 ;   76,39
870,20 ; 300,09 ;   7,719728 ;   78,27
872,24 ; 300,10 ;   7,813496 ;   79,10
874,27 ; 300,03 ;   7,910515 ;   80,02
876,30 ; 300,08 ;   9,202706 ;   93,46
878,34 ; 300,06 ;   7,430894 ;   75,71
880,37 ; 300,03 ;   8,413576 ;   85,04
882,40 ; 300,08 ;   8,617121 ;   87,71
884,44 ; 300,06 ;   7,427447 ;   75,67
886,47 ; 300,12 ;   8,314139 ;   84,99
888,50 ; 300,05 ;   7,234060 ;   73,99
890,53 ; 300,02 ;   9,008266 ;   91,91
892,57 ; 300,01 ;   8,718217 ;   88,96
894,60 ; 299,96 ;   8,318463 ;   84,48
896,63 ; 299,97 ;   8,914333 ;   90,80
898,67 ; 299,99 ;   8,121293 ;   82,70
900,70 ; 300,02 ;   7,914292 ;   80,13
902,73 ; 299,99 ;   7,827055 ;   79,83
904,77 ; 299,98 ;   8,517983 ;   86,98
906,80 ; 299,99 ;   8,323077 ;   84,80
908,83 ; 300,04 ;   8,123574 ;   82,42
910,87 ; 300,04 ;   7,526977 ;   76,11
912,90 ; 300,01 ;   8,130739 ;   82,95
914,93 ; 300,05 ;   8,621781 ;   87,92
916,97 ; 299,99 ;   7,431441 ;   75,88
919,00 ; 300,03 ;   9,108222 ;   92,67
921,03 ; 300,05 ;   7,628279 ;   77,31
923,07 ; 300,16 ;   7,823159 ;   79,30
925,10 ; 299,97 ;   6,436985 ;   65,30
927,13 ; 300,05 ;   11,074498 ;  112,33
929,17 ; 300,02 ;   6,935098 ;   70,10
931,20 ; 300,06 ;   8,715308 ;   88,88
933,23 ; 299,97 ;   7,422121 ;   75,70
935,26 ; 300,02 ;   9,599804 ;   97,46
937,30 ; 299,97 ;   7,531825 ;   76,29
939,33 ; 299,99 ;   8,915358 ;   90,60
941,36 ; 299,99 ;   7,926098 ;   80,02
943,40 ; 300,04 ;   8,220791 ;   83,45
945,43 ; 299,97 ;   7,528952 ;   76,00
947,46 ; 299,99 ;   9,315725 ;   94,03
949,50 ; 299,99 ;   7,924796 ;   80,02
951,53 ; 300,04 ;   8,225901 ;   83,45
953,56 ; 300,04 ;   7,528438 ;   76,00
955,60 ; 300,03 ;   8,122368 ;   82,85
957,63 ; 300,02 ;   8,325408 ;   84,08
959,66 ; 299,96 ;   8,429016 ;   85,42
961,70 ; 300,08 ;   9,019355 ;   91,83
963,73 ; 300,10 ;   6,447392 ;   65,19
965,76 ; 300,09 ;   7,723072 ;   78,59
967,80 ; 300,06 ;   8,314752 ;   84,48
969,83 ; 299,98 ;   8,416773 ;   85,90
971,86 ; 300,04 ;   9,306037 ;   94,88
973,90 ; 300,02 ;   7,332350 ;   74,76
975,93 ; 300,06 ;   8,522461 ;   86,47
977,96 ; 300,04 ;   7,426254 ;   75,58
979,99 ; 299,98 ;   8,525307 ;   86,16
982,03 ; 300,03 ;   9,013752 ;   91,41
984,06 ; 300,02 ;   7,436486 ;   75,96
986,09 ; 300,06 ;   8,412345 ;   85,30
988,13 ; 300,02 ;   7,430060 ;   75,56
990,16 ; 299,97 ;   8,816673 ;   89,86
992,19 ; 300,03 ;   8,911422 ;   90,44
994,23 ; 299,99 ;   7,231337 ;   73,65
996,26 ; 300,06 ;   8,801737 ;   89,00
998,29 ; 299,98 ;   7,135328 ;   72,10
1000,33 ; 299,98 ;   9,300481 ;   94,80
1002,36 ; 299,98 ;   8,215972 ;   83,38
1004,39 ; 299,99 ;   8,213184 ;   83,38
1006,43 ; 300,03 ;   8,116885 ;   82,14
1008,46 ; 299,99 ;   7,625360 ;   77,07
1010,49 ; 300,06 ;   8,705151 ;   88,99
1012,53 ; 300,03 ;   7,133092 ;   72,10
1014,56 ; 300,02 ;   8,608074 ;   87,34
1016,59 ; 300,02 ;   8,417823 ;   85,25
1018,63 ; 300,05 ;   8,121078 ;   82,96
1020,66 ; 300,01 ;   7,522603 ;   76,73
1022,69 ; 300,01 ;   8,804861 ;   89,89
1024,73 ; 299,98 ;   8,210559 ;   83,04
1026,76 ; 299,99 ;   8,499402 ;   86,76
1028,79 ; 300,04 ;   8,111710 ;   82,09
1030,82 ; 299,99 ;   7,423342 ;   75,78
1032,86 ; 299,97 ;   8,901154 ;   90,09
1034,89 ; 300,03 ;   8,517934 ;   86,96
1036,92 ; 299,92 ;   7,223233 ;   73,59
1038,96 ; 300,02 ;   9,887523 ;  100,13
1040,99 ; 299,98 ;   6,827795 ;   69,24
1043,02 ; 300,03 ;   8,603640 ;   87,92
1045,06 ; 299,97 ;   7,431129 ;   75,90
1047,09 ; 300,03 ;   9,095983 ;   92,69
1049,12 ; 300,06 ;   7,235206 ;   73,61
1051,16 ; 300,02 ;   7,607530 ;   77,77
1053,19 ; 300,05 ;   8,797058 ;   89,78
1055,22 ; 299,98 ;   7,517920 ;   76,71
1057,26 ; 300,09 ;   9,188733 ;   93,59
1059,29 ; 300,02 ;   6,635633 ;   67,15
1061,32 ; 299,96 ;   9,195087 ;   93,18
1063,36 ; 300,01 ;   9,012704 ;   91,58
1065,39 ; 299,99 ;   7,523030 ;   76,14
1067,42 ; 299,99 ;   8,411044 ;   85,48
1069,46 ; 299,96 ;   8,222003 ;   83,20
1071,49 ; 299,99 ;   8,711658 ;   88,17
1073,52 ; 299,98 ;   7,724653 ;   78,64
1075,55 ; 300,03 ;   8,166631 ;   84,45
1077,59 ; 299,96 ;   7,290503 ;   75,85
1079,62 ; 299,98 ;   9,223142 ;   93,89
1081,65 ; 299,96 ;   7,818409 ;   79,89
1083,69 ; 300,03 ;   8,610724 ;   87,05
1085,72 ; 300,02 ;   7,139417 ;   72,44
1087,75 ; 299,98 ;   8,397231 ;   85,21
1089,79 ; 299,92 ;   8,618096 ;   87,89
1091,82 ; 300,03 ;   9,203376 ;   93,27
1093,85 ; 300,01 ;   6,543794 ;   66,74
1095,89 ; 299,99 ;   8,493121 ;   86,47
1097,92 ; 299,98 ;   8,418662 ;   85,52
1099,95 ; 299,91 ;   8,313921 ;   84,48
1101,99 ; 299,89 ;   9,300817 ;   94,52
1104,02 ; 299,97 ;   8,617850 ;   87,99
1106,05 ; 299,94 ;   7,126418 ;   72,16
1108,09 ; 299,97 ;   8,709055 ;   88,57
1110,12 ; 300,02 ;   7,823577 ;   79,04
1112,15 ; 299,94 ;   7,520567 ;   76,16
1114,18 ; 299,98 ;   9,398712 ;   95,45
1116,22 ; 300,01 ;   7,528992 ;   76,57
1118,25 ; 299,97 ;   7,815761 ;   79,71
1120,28 ; 300,03 ;   8,804657 ;   89,35
1122,32 ; 299,98 ;   7,227481 ;   73,70
1124,35 ; 299,99 ;   8,899980 ;   90,30
1126,38 ; 299,97 ;   8,113060 ;   82,20
1128,42 ; 299,94 ;   8,605066 ;   87,07
1130,45 ; 299,97 ;   8,705715 ;   88,62
1132,48 ; 299,99 ;   7,820635 ;   79,09
1134,52 ; 299,96 ;   7,803980 ;   79,94
1136,55 ; 299,98 ;   8,701124 ;   88,35
1138,58 ; 300,01 ;   7,921635 ;   80,06
1140,62 ; 300,05 ;   7,814027 ;   79,76
1142,65 ; 299,99 ;   7,417337 ;   75,73
1144,68 ; 299,97 ;   9,093072 ;   92,51
1146,72 ; 300,08 ;   8,610002 ;   87,10
1148,75 ; 300,06 ;   6,531982 ;   66,27
1150,78 ; 299,99 ;   8,302042 ;   84,75
1152,82 ; 300,04 ;   9,197439 ;   93,63
1154,85 ; 300,04 ;   7,426321 ;   75,89
1156,88 ; 299,97 ;   8,101567 ;   82,74
1158,92 ; 300,09 ;   9,193302 ;   93,92
1160,95 ; 299,98 ;   6,330691 ;   64,99
1162,98 ; 299,97 ;   9,669115 ;   98,28
1165,01 ; 299,99 ;   8,408751 ;   85,90
1167,05 ; 299,92 ;   7,807586 ;   79,90
1169,08 ; 299,99 ;   9,284667 ;   94,51
1171,11 ; 299,97 ;   7,219183 ;   73,05
1173,15 ; 299,98 ;   8,590773 ;   87,08
1175,18 ; 300,05 ;   8,002698 ;   81,17
1177,21 ; 300,03 ;   7,111289 ;   72,27
1179,25 ; 299,92 ;   8,491935 ;   86,28
1181,28 ; 299,99 ;   9,887881 ;  100,23
1183,31 ; 299,96 ;   7,234684 ;   73,07
1185,35 ; 299,99 ;   8,686561 ;   88,33
1187,38 ; 300,02 ;   7,726251 ;   78,80
1189,41 ; 300,03 ;   7,806948 ;   79,64
1191,45 ; 299,94 ;   7,910046 ;   80,58
1193,48 ; 299,98 ;   9,593663 ;   97,77
1195,51 ; 299,99 ;   7,527331 ;   76,62
1197,55 ; 300,05 ;   8,100827 ;   82,24
1199,58 ; 299,97 ;   7,216711 ;   73,44
1201,61 ; 299,98 ;   9,484732 ;   96,25
1203,64 ; 300,01 ;   8,024760 ;   81,19
1205,68 ; 299,99 ;   7,812537 ;   79,75
1207,71 ; 299,97 ;   8,408543 ;   85,67
1209,74 ; 300,06 ;   8,599432 ;   87,11
1211,78 ; 300,02 ;   6,724930 ;   68,78
1213,81 ; 299,98 ;   8,788000 ;   89,94
1215,84 ; 300,06 ;   8,697546 ;   88,04
1217,88 ; 300,02 ;   7,010094 ;   71,04
1219,91 ; 300,08 ;   8,783599 ;   89,91
1221,94 ; 300,05 ;   7,213549 ;   73,11
1223,98 ; 299,97 ;   8,403205 ;   85,97
1226,01 ; 300,08 ;   9,485763 ;   96,19
1228,04 ; 299,92 ;   6,536955 ;   66,23
1230,08 ; 300,02 ;   10,560553 ;  107,07
1232,11 ; 299,98 ;   6,826701 ;   69,31
1234,14 ; 300,03 ;   8,605042 ;   87,99
1236,18 ; 300,05 ;   7,407801 ;   75,97
1238,21 ; 299,98 ;   7,808004 ;   79,09
1240,24 ; 300,03 ;   9,195827 ;   93,69
1242,27 ; 300,05 ;   7,420191 ;   75,95
1244,31 ; 299,89 ;   7,809813 ;   79,08
1246,34 ; 299,96 ;   10,677334 ;  108,59
1248,37 ; 300,01 ;   7,223669 ;   73,43
1250,41 ; 300,02 ;   7,516643 ;   76,27
1252,44 ; 299,99 ;   8,013120 ;   81,88
1254,47 ; 299,97 ;   8,502651 ;   86,75
1256,51 ; 300,02 ;   8,616822 ;   87,05
1258,54 ; 299,98 ;   7,526917 ;   76,17
1260,57 ; 299,97 ;   8,598905 ;   88,00
1262,61 ; 300,05 ;   8,412036 ;   85,92
1264,64 ; 299,91 ;   6,825158 ;   69,96
1266,67 ; 300,01 ;   10,272190 ;  104,89
1268,71 ; 300,02 ;   6,828670 ;   69,43
1270,74 ; 300,05 ;   8,001418 ;   81,90
1272,77 ; 300,03 ;   7,525055 ;   76,83
1274,81 ; 300,03 ;   8,514295 ;   86,26
1276,84 ; 299,98 ;   8,116559 ;   82,82
1278,87 ; 300,01 ;   8,907592 ;   90,27
1280,91 ; 299,96 ;   7,828158 ;   79,68
1282,94 ; 300,02 ;   8,908722 ;   90,57
1284,97 ; 299,99 ;   7,424513 ;   75,02
1287,01 ; 299,96 ;   8,503463 ;   86,75
1289,04 ; 300,01 ;   8,705589 ;   88,29
1291,07 ; 299,95 ;   7,527841 ;   76,27
1293,10 ; 299,91 ;   9,206809 ;   93,07
1295,14 ; 299,96 ;   8,725601 ;   88,91
1297,17 ; 299,96 ;   7,532663 ;   76,91
1299,20 ; 299,95 ;   8,214371 ;   83,77
1301,24 ; 299,94 ;   8,502351 ;   86,27
1303,27 ; 300,06 ;   8,408318 ;   85,24
1305,30 ; 299,97 ;   6,334712 ;   64,22
1307,34 ; 300,02 ;   9,582825 ;   97,42
1309,37 ; 300,03 ;   7,533147 ;   76,25
1311,40 ; 300,02 ;   7,916413 ;   80,62
1313,44 ; 300,03 ;   8,408709 ;   85,38
1315,47 ; 300,05 ;   7,919467 ;   80,60
1317,50 ; 299,97 ;   7,808404 ;   79,15
1319,54 ; 300,05 ;   9,484414 ;   96,24
1321,57 ; 300,08 ;   6,953603 ;   70,01
1323,60 ; 299,97 ;   7,738647 ;   78,83
1325,64 ; 299,99 ;   9,823668 ;   99,64
1327,67 ; 300,02 ;   7,836978 ;   79,92
1329,70 ; 300,02 ;   7,832586 ;   79,62
1331,74 ; 300,02 ;   8,236728 ;   83,05
1333,77 ; 299,16 ;   8,229027 ;   83,04
1335,80 ; 297,17 ;   12,256309 ;  125,00
1337,84 ; 294,95 ;   12,262131 ;  125,00
1339,87 ; 292,67 ;   12,263320 ;  125,00
1341,90 ; 290,73 ;   12,261054 ;  125,00
1343,93 ; 289,00 ;   12,252688 ;  125,00
1345,97 ; 287,39 ;   12,254573 ;  125,00
1348,00 ; 286,12 ;   12,255467 ;  125,00
1350,03 ; 284,95 ;   12,262118 ;  125,00
1352,07 ; 284,05 ;   12,259004 ;  125,00
1354,10 ; 283,18 ;   12,259922 ;  125,00
1356,13 ; 282,52 ;   12,265890 ;  125,00
1358,17 ; 281,98 ;   12,266509 ;  125,00
1360,20 ; 281,51 ;   12,271655 ;  125,00
1362,23 ; 281,20 ;   12,274472 ;  125,00
1364,27 ; 280,88 ;   12,279741 ;  125,00
1366,30 ; 280,70 ;   12,278945 ;  125,00
1368,33 ; 280,59 ;   12,286614 ;  125,00
1370,37 ; 280,52 ;   12,289591 ;  125,00
1372,40 ; 280,56 ;   12,293042 ;  125,00
1374,43 ; 280,63 ;   12,292360 ;  125,00
1376,47 ; 280,74 ;   12,277343 ;  125,00
1378,50 ; 280,81 ;   12,281976 ;  125,00
1380,53 ; 281,00 ;   12,270266 ;  125,00
1382,57 ; 281,20 ;   12,233820 ;  125,00
1384,60 ; 281,44 ;   12,190554 ;  125,00
1386,63 ; 281,73 ;   12,167884 ;  125,00
1388,67 ; 282,01 ;   12,166878 ;  125,00
1390,70 ; 282,39 ;   12,166498 ;  125,00
1392,73 ; 282,66 ;   12,163969 ;  125,00
1394,77 ; 283,00 ;   12,166321 ;  125,00
1396,80 ; 283,46 ;   12,163427 ;  125,00
1398,83 ; 283,91 ;   12,168491 ;  125,00
1400,87 ; 284,23 ;   12,171171 ;  125,00
1402,90 ; 284,70 ;   12,174228 ;  125,00
1404,93 ; 285,11 ;   12,176030 ;  125,00
1406,97 ; 285,55 ;   12,174638 ;  125,00
1409,00 ; 285,98 ;   11,829893 ;  120,32
1411,03 ; 286,50 ;   11,629094 ;  118,37
1413,06 ; 286,97 ;   10,148830 ;  104,00
1415,10 ; 287,48 ;   10,663923 ;  108,27
1417,13 ; 287,87 ;   9,775864 ;   99,39
1419,16 ; 288,38 ;   11,226954 ;  114,77
1421,20 ; 288,91 ;   9,088651 ;   92,96
1423,23 ; 289,34 ;   8,673706 ;   88,09
1425,26 ; 289,80 ;   9,575706 ;   97,94
1427,30 ; 290,19 ;   9,099680 ;   92,55
1429,33 ; 290,66 ;   9,769054 ;   99,31
1431,36 ; 291,07 ;   8,209377 ;   83,15
1433,40 ; 291,41 ;   8,891716 ;   90,66
1435,43 ; 291,78 ;   9,689964 ;   98,88
1437,46 ; 292,20 ;   8,911398 ;   90,61
1439,50 ; 292,47 ;   8,023236 ;   81,71
1441,53 ; 292,88 ;   9,888347 ;  100,73
1443,56 ; 293,16 ;   7,704607 ;   78,08
1445,60 ; 293,38 ;   9,189088 ;   93,32
1447,63 ; 293,72 ;   10,102473 ;  102,56
1449,66 ; 293,95 ;   8,122875 ;   82,83
1451,70 ; 294,23 ;   9,599040 ;   97,52
1453,73 ; 294,48 ;   8,615918 ;   87,47
1455,76 ; 294,74 ;   8,911563 ;   90,34
1457,80 ; 294,95 ;   8,500540 ;   86,05
1459,83 ; 295,16 ;   9,101572 ;   92,70
1461,86 ; 295,43 ;   9,009779 ;   91,29
1463,90 ; 295,55 ;   8,021658 ;   81,15
1465,93 ; 295,84 ;   10,093249 ;  102,51
1467,96 ; 295,96 ;   7,236501 ;   73,59
1470,00 ; 296,13 ;   9,800785 ;   99,42
1472,03 ; 296,33 ;   9,018926 ;   91,51
1474,06 ; 296,50 ;   8,316400 ;   84,19
1476,09 ; 296,63 ;   8,602750 ;   87,48
1478,13 ; 296,84 ;   9,188170 ;   93,66
1480,16 ; 296,97 ;   7,688685 ;   78,01
1482,19 ; 297,13 ;   8,876740 ;   90,91
1484,23 ; 297,22 ;   8,376849 ;   85,14
1486,26 ; 297,33 ;   9,185054 ;   93,81
1488,29 ; 297,53 ;   8,888410 ;   90,83
1490,33 ; 297,55 ;   7,403223 ;   75,20
1492,36 ; 297,68 ;   9,974019 ;  101,83
1494,39 ; 297,88 ;   8,390837 ;   85,98
1496,43 ; 297,97 ;   7,205171 ;   73,81
1498,46 ; 298,05 ;   8,674514 ;   88,01
1500,49 ; 298,05 ;   8,785228 ;   89,81
1502,53 ; 298,20 ;   9,973919 ;  101,74
1504,56 ; 298,31 ;   7,602295 ;   77,39
1506,59 ; 298,37 ;   8,187621 ;   83,30
1508,63 ; 298,41 ;   8,975994 ;   91,04
1510,66 ; 298,52 ;   8,979673 ;   92,00
1512,69 ; 298,66 ;   8,203590 ;   83,10
1514,73 ; 298,66 ;   7,409315 ;   75,97
1516,76 ; 298,71 ;   9,475070 ;   96,89
1518,79 ; 298,88 ;   8,698438 ;   88,53
1520,83 ; 298,93 ;   6,814969 ;   69,53
1522,86 ; 298,98 ;   8,581384 ;   87,49
1524,89 ; 299,02 ;   8,601602 ;   87,17
1526,93 ; 299,19 ;   8,481577 ;   86,83
1528,96 ; 299,26 ;   6,600557 ;   67,84
1530,99 ; 299,27 ;   7,887083 ;   80,87
1533,03 ; 299,30 ;   8,683969 ;   88,86
1535,06 ; 299,37 ;   8,485580 ;   86,36
1537,09 ; 299,39 ;   7,992078 ;   81,16
1539,12 ; 299,40 ;   8,483987 ;   86,74
1541,16 ; 299,48 ;   8,782213 ;   89,08
1543,19 ; 299,51 ;   7,497608 ;   76,72
1545,22 ; 299,53 ;   8,381444 ;   85,69
1547,26 ; 299,55 ;   8,387239 ;   85,51
1549,29 ; 299,55 ;   8,492555 ;   86,58
1551,32 ; 299,59 ;   8,593965 ;   87,74
1553,36 ; 299,65 ;   8,092032 ;   82,78
1555,39 ; 299,67 ;   7,798047 ;   79,90
1557,42 ; 299,59 ;   8,292414 ;   84,26
1559,46 ; 299,65 ;   9,850683 ;  100,21
1561,49 ; 299,63 ;   7,897562 ;   80,18
1563,52 ; 299,71 ;   8,974815 ;   91,99
1565,56 ; 299,65 ;   7,307908 ;   74,99
1567,59 ; 299,73 ;   9,570086 ;   97,57
1569,62 ; 299,85 ;   7,317502 ;   74,84
1571,66 ; 299,87 ;   6,709322 ;   68,86
1573,69 ; 299,85 ;   8,196057 ;   83,55
1575,72 ; 299,85 ;   8,699226 ;   88,36
1577,76 ; 299,92 ;   8,501586 ;   86,11
1579,79 ; 299,88 ;   7,316082 ;   74,97
1581,82 ; 299,94 ;   9,091038 ;   92,73
1583,86 ; 299,87 ;   7,411142 ;   75,96
1585,89 ; 299,89 ;   9,474313 ;   96,30
1587,92 ; 299,88 ;   8,092165 ;   82,32
1589,95 ; 299,92 ;   8,672439 ;   88,26
1591,99 ; 299,92 ;   7,696541 ;   78,55
1594,02 ; 299,97 ;   8,380784 ;   85,43
1596,05 ; 299,97 ;   7,595026 ;   78,00
1598,09 ; 300,03 ;   8,283388 ;   84,86
1600,12 ; 300,03 ;   7,302239 ;   74,92
1602,15 ; 300,01 ;   8,281385 ;   84,06
1604,19 ; 300,06 ;   8,580043 ;   87,78
1606,22 ; 300,03 ;   7,402367 ;   75,65
1608,25 ; 300,01 ;   8,679384 ;   88,61
1610,29 ; 299,96 ;   8,574344 ;   87,76
1612,32 ; 300,04 ;   8,977966 ;   91,78
1614,35 ; 300,12 ;   7,108579 ;   72,51
1616,39 ; 300,10 ;   7,007946 ;   71,50
1618,42 ; 300,05 ;   8,377821 ;   85,39
1620,45 ; 300,06 ;   8,880847 ;   90,53
1622,49 ; 300,09 ;   8,096462 ;   82,42
1624,52 ; 300,03 ;   7,793755 ;   79,81
1626,55 ; 299,99 ;   8,976832 ;   91,92
1628,59 ; 300,05 ;   8,884819 ;   90,13
1630,62 ; 300,12 ;   7,312576 ;   74,47
1632,65 ; 300,01 ;   7,209161 ;   73,66
1634,69 ; 300,04 ;   9,879010 ;  100,17
1636,72 ; 300,05 ;   7,810846 ;   79,20
1638,75 ; 300,06 ;   7,995480 ;   81,27
1640,79 ; 300,08 ;   8,096988 ;   82,30
1642,82 ; 300,14 ;   7,896062 ;   80,94
1644,85 ; 300,17 ;   7,210570 ;   73,27
1646,88 ; 300,16 ;   7,599702 ;   77,40
1648,92 ; 300,17 ;   8,194523 ;   83,18
1650,95 ; 300,17 ;   7,896034 ;   80,75
1652,98 ; 300,16 ;   7,994883 ;   81,85
1655,02 ; 300,16 ;   8,201094 ;   83,05
1657,05 ; 300,06 ;   8,007975 ;   81,86
1659,08 ; 300,05 ;   9,583152 ;   97,99
1661,12 ; 300,09 ;   8,303172 ;   84,34
1663,15 ; 300,12 ;   7,709214 ;   78,22
1665,18 ; 300,06 ;   7,606778 ;   77,79
1667,22 ; 300,15 ;   8,987290 ;   91,04
1669,25 ; 300,12 ;   6,824915 ;   69,35
1671,28 ; 300,12 ;   8,488753 ;   86,86
1673,32 ; 300,06 ;   8,103053 ;   82,26
1675,35 ; 300,16 ;   8,895974 ;   90,93
1677,38 ; 300,05 ;   6,522762 ;   66,76
1679,42 ; 300,12 ;   9,677274 ;   98,97
1681,45 ; 300,16 ;   7,225245 ;   73,00
1683,48 ; 300,12 ;   7,311159 ;   74,67
1685,52 ; 300,14 ;   8,687100 ;   88,94
1687,55 ; 300,09 ;   7,711149 ;   78,32
1689,58 ; 300,16 ;   8,888815 ;   90,42
1691,62 ; 300,15 ;   6,818765 ;   69,97
1693,65 ; 300,09 ;   8,197818 ;   83,84
1695,68 ; 300,08 ;   8,994080 ;   91,46
1697,72 ; 300,03 ;   8,207867 ;   83,54
1699,75 ; 300,03 ;   8,804511 ;   89,83
1701,78 ; 300,16 ;   8,109200 ;   82,96
1703,81 ; 300,16 ;   6,036844 ;   61,84
1705,85 ; 300,06 ;   8,001501 ;   81,22
1707,88 ; 300,14 ;   9,590388 ;   97,33
1709,91 ; 300,17 ;   6,930121 ;   70,03
1711,95 ; 300,14 ;   7,517693 ;   76,45
1713,98 ; 300,09 ;   8,407919 ;   85,95
1716,01 ; 300,09 ;   8,909319 ;   90,05
1718,05 ; 300,10 ;   8,113540 ;   82,02
1720,08 ; 300,14 ;   7,817528 ;   79,51
1722,11 ; 300,12 ;   7,422364 ;   75,56
1724,15 ; 300,09 ;   8,311363 ;   84,97
1726,18 ; 300,06 ;   8,514169 ;   86,48
1728,21 ; 300,10 ;   8,418641 ;   85,62
1730,25 ; 300,06 ;   7,429097 ;   75,96
1732,28 ; 300,17 ;   8,614302 ;   87,86
1734,31 ; 300,09 ;   6,344503 ;   64,72
1736,35 ; 300,06 ;   9,313260 ;   94,36
1738,38 ; 300,13 ;   8,421956 ;   85,49
1740,41 ; 300,10 ;   7,142318 ;   72,10
1742,45 ; 300,09 ;   8,321031 ;   84,94
1744,48 ; 300,08 ;   8,225415 ;   83,98
1746,51 ; 300,10 ;   8,126184 ;   82,91
1748,55 ; 300,06 ;   7,732799 ;   78,02
1750,58 ; 300,12 ;   8,621605 ;   87,63
1752,61 ; 300,10 ;   7,246199 ;   73,20
1754,64 ; 300,17 ;   8,225039 ;   83,66
1756,68 ; 300,18 ;   6,943578 ;   70,17
1758,71 ; 300,05 ;   7,830177 ;   79,17
1760,74 ; 300,06 ;   9,907694 ;  100,15
1762,78 ; 300,13 ;   7,928526 ;   80,60
1764,81 ; 300,04 ;   7,027589 ;   71,78
1766,84 ; 300,10 ;   9,311801 ;   94,57
1768,88 ; 300,12 ;   7,140004 ;   72,04
1770,91 ; 300,09 ;   7,724465 ;   78,68
1772,94 ; 300,05 ;   8,416607 ;   85,91
1774,98 ; 300,04 ;   8,520242 ;   86,29
1777,01 ; 300,06 ;   8,326797 ;   84,18
1779,04 ; 299,97 ;   7,722104 ;   78,16
1781,08 ; 300,01 ;   9,518831 ;   96,49
1783,11 ; 300,10 ;   7,538778 ;   76,56
1785,14 ; 300,15 ;   6,637006 ;   67,37
1787,18 ; 300,10 ;   7,231623 ;   73,60
1789,21 ; 300,05 ;   8,616797 ;   87,88
1791,24 ; 300,02 ;   8,720968 ;   88,45
1793,28 ; 300,10 ;   8,620315 ;   87,79
1795,31 ; 300,01 ;   6,738157 ;   68,40
1797,34 ; 300,15 ;   9,405619 ;   95,86
1799,38 ; 300,05 ;   5,849217 ;   59,77
1801,41 ; 300,02 ;   9,402702 ;   95,22
1803,44 ; 300,06 ;   8,622444 ;   87,70
1805,47 ; 300,05 ;   7,338430 ;   74,52
1807,51 ; 300,05 ;   8,134293 ;   82,61
1809,54 ; 300,06 ;   8,035017 ;   81,46
1811,57 ; 300,12 ;   7,937606 ;   80,20
1813,61 ; 300,01 ;   7,150110 ;   72,63
1815,64 ; 300,10 ;   9,617006 ;   97,99
1817,67 ; 300,06 ;   6,644770 ;   67,08
1819,71 ; 300,12 ;   8,526064 ;   86,99
1821,74 ; 300,05 ;   7,141120 ;   72,56
1823,77 ; 300,13 ;   8,925086 ;   90,47
1825,81 ; 300,12 ;   6,951900 ;   70,13
1827,84 ; 300,02 ;   8,040793 ;   81,62
1829,87 ; 300,05 ;   9,527242 ;   96,60
1831,91 ; 300,13 ;   7,450122 ;   75,53
1833,94 ; 300,08 ;   6,954281 ;   70,04
1835,97 ; 300,13 ;   8,638487 ;   87,76
1838,01 ; 300,15 ;   7,249252 ;   73,43
1840,04 ; 300,04 ;   7,545579 ;   76,52
1842,07 ; 299,99 ;   9,637737 ;   97,31
1844,11 ; 300,08 ;   8,746218 ;   88,75
1846,14 ; 299,99 ;   6,759235 ;   68,22
1848,17 ; 300,09 ;   9,337665 ;   94,45
1850,21 ; 300,05 ;   6,562242 ;   66,97
1852,24 ; 299,98 ;   8,438751 ;   85,63
1854,27 ; 300,05 ;   9,141015 ;   92,23
1856,30 ; 300,03 ;   6,950516 ;   70,77
1858,34 ; 300,09 ;   8,339812 ;   84,77
1860,37 ; 300,05 ;   7,155154 ;   72,63
1862,40 ; 300,03 ;   8,440780 ;   85,58
1864,44 ; 300,06 ;   8,344760 ;   84,72
1866,47 ; 300,15 ;   7,558800 ;   76,31
1868,50 ; 300,10 ;   6,657343 ;   67,21
1870,54 ; 300,02 ;   8,639281 ;   87,19
1872,57 ; 300,01 ;   9,246466 ;   93,98
1874,60 ; 300,05 ;   8,150364 ;   82,64
1876,64 ; 300,10 ;   7,358280 ;   74,04
1878,67 ; 300,17 ;   7,256593 ;   73,43
1880,70 ; 300,09 ;   6,859682 ;   69,07
1882,74 ; 299,99 ;   9,135905 ;   92,99
1884,77 ; 300,03 ;   9,438223 ;   95,31
1886,80 ; 300,06 ;   7,445456 ;   75,38
1888,84 ; 299,97 ;   7,548478 ;   76,12
1890,87 ; 299,99 ;   9,429027 ;   95,58
1892,90 ; 299,99 ;   7,745778 ;   78,15
1894,94 ; 300,04 ;   8,039854 ;   81,58
1896,97 ; 300,06 ;   7,342496 ;   74,13
1899,00 ; 300,03 ;   7,647614 ;   77,25
1901,03 ; 300,05 ;   8,443435 ;   85,63
1903,07 ; 300,06 ;   7,652805 ;   77,32
1905,10 ; 300,02 ;   7,853847 ;   79,50
1907,13 ; 300,02 ;   8,747116 ;   88,08
1909,17 ; 300,04 ;   8,048535 ;   81,22
1911,20 ; 299,98 ;   7,653031 ;   77,48
1913,23 ; 300,04 ;   8,841473 ;   89,60
1915,27 ; 300,03 ;   7,155492 ;   72,90
1917,30 ; 300,01 ;   8,150985 ;   82,14
1919,33 ; 300,04 ;   8,354568 ;   84,72
1921,37 ; 300,02 ;   7,562723 ;   76,31
1923,40 ; 300,04 ;   8,352195 ;   84,61
1925,43 ; 300,05 ;   7,659819 ;   77,45
1927,47 ; 300,10 ;   7,754546 ;   78,38
1929,50 ; 300,09 ;   7,257981 ;   73,19
1931,53 ; 300,06 ;   8,149469 ;   82,51
1933,57 ; 300,05 ;   8,251143 ;   83,93
1935,60 ; 300,05 ;   8,046871 ;   81,73
1937,63 ; 300,08 ;   7,956783 ;   80,57
1939,67 ; 300,05 ;   7,559811 ;   76,83
1941,70 ; 300,02 ;   8,241610 ;   83,97
1943,73 ; 299,97 ;   8,549626 ;   86,74
1945,77 ; 300,04 ;   8,750789 ;   88,48
1947,80 ; 300,01 ;   6,963538 ;   70,44
1949,83 ; 300,05 ;   8,443544 ;   85,69
1951,86 ; 300,05 ;   7,247407 ;   73,66
1953,90 ; 300,04 ;   7,948065 ;   80,50
1955,93 ; 300,05 ;   8,141631 ;   82,97
1957,96 ; 300,08 ;   7,752489 ;   78,19
1960,00 ; 299,94 ;   7,546690 ;   76,74
1962,03 ; 299,97 ;   10,122801 ;  102,52
1964,06 ; 299,98 ;   7,541234 ;   76,99
1966,10 ; 300,01 ;   7,821093 ;   79,08
1968,13 ; 300,03 ;   7,633433 ;   77,64
1970,16 ; 300,04 ;   7,626223 ;   77,34
1972,20 ; 299,96 ;   7,831120 ;   79,52
1974,23 ; 299,95 ;   9,227590 ;   93,09
1976,26 ; 299,98 ;   8,328122 ;   84,15
1978,30 ; 299,95 ;   7,440715 ;   75,66
1980,33 ; 299,91 ;   8,628505 ;   87,59
1982,36 ; 299,98 ;   8,539079 ;   86,86
1984,40 ; 300,02 ;   7,049586 ;   71,13
1986,43 ; 299,98 ;   7,532127 ;   76,44
1988,46 ; 300,01 ;   8,437287 ;   85,99
1990,50 ; 300,06 ;   7,640951 ;   77,69
1992,53 ; 299,99 ;   7,152291 ;   72,42
1994,56 ; 300,06 ;   9,027785 ;   91,59
1996,60 ; 300,01 ;   6,947782 ;   70,12
1998,63 ; 299,97 ;   8,821980 ;   89,09
2000,66 ; 299,97 ;   8,631570 ;   87,30
2002,69 ; 299,95 ;   8,033707 ;   81,59
2004,73 ; 300,02 ;   8,438750 ;   85,33
2006,76 ; 300,04 ;   6,948037 ;   70,73
2008,79 ; 300,03 ;   7,639592 ;   77,29
2010,83 ; 300,06 ;   8,033400 ;   81,95
2012,86 ; 299,97 ;   7,447846 ;   75,82
2014,89 ; 299,96 ;   9,433291 ;   95,29
2016,93 ; 300,02 ;   8,135889 ;   82,83
2018,96 ; 299,98 ;   7,140641 ;   73,00
2020,99 ; 299,97 ;   8,428203 ;   85,97
2023,03 ; 300,02 ;   8,238144 ;   83,88
2025,06 ; 299,94 ;   7,346912 ;   74,14
2027,09 ; 299,97 ;   9,230222 ;   93,43
2029,13 ; 300,02 ;   7,641132 ;   77,04
2031,16 ; 300,06 ;   7,345818 ;   74,16
2033,19 ; 299,96 ;   7,244685 ;   73,56
2035,23 ; 299,97 ;   9,533253 ;   96,56
2037,26 ; 300,01 ;   7,943183 ;   80,47
2039,29 ; 299,97 ;   7,439133 ;   75,41
2041,32 ; 299,95 ;   8,641286 ;   87,33
2043,36 ; 299,96 ;   8,440683 ;   85,35
2045,39 ; 299,98 ;   7,842163 ;   79,45
2047,42 ; 299,96 ;   7,741930 ;   78,02
2049,46 ; 300,01 ;   8,429019 ;   85,18
2051,49 ; 300,05 ;   7,348633 ;   74,30
2053,52 ; 299,98 ;   7,243370 ;   73,71
2055,56 ; 299,97 ;   9,029397 ;   91,73
2057,59 ; 299,99 ;   8,238730 ;   83,94
2059,62 ; 300,02 ;   7,645078 ;   77,93
2061,66 ; 299,97 ;   7,639626 ;   77,64
2063,69 ; 300,01 ;   8,731610 ;   88,52
2065,72 ; 299,97 ;   7,445615 ;   75,45
2067,76 ; 299,98 ;   8,633358 ;   87,38
2069,79 ; 299,97 ;   7,842158 ;   79,18
2071,82 ; 300,03 ;   8,238461 ;   83,96
2073,86 ; 299,99 ;   7,052773 ;   71,74
2075,89 ; 300,08 ;   8,639485 ;   87,09
2077,92 ; 300,09 ;   6,647820 ;   67,71
2079,96 ; 300,05 ;   7,841626 ;   79,02
2081,99 ; 299,98 ;   8,441538 ;   85,11
2084,02 ; 300,01 ;   9,037110 ;   91,71
2086,06 ; 300,03 ;   7,648131 ;   77,70
2088,09 ; 300,04 ;   7,647068 ;   77,40
2090,12 ; 299,98 ;   7,840972 ;   79,58
2092,15 ; 300,01 ;   8,844349 ;   89,41
2094,19 ; 300,01 ;   7,652548 ;   77,68
2096,22 ; 300,01 ;   8,052911 ;   81,11
2098,25 ; 300,03 ;   8,043805 ;   81,11
2100,29 ; 300,03 ;   7,649208 ;   77,38
2102,32 ; 300,02 ;   7,944147 ;   80,80
2104,35 ; 300,02 ;   8,249148 ;   83,28
2106,39 ; 299,95 ;   7,945325 ;   80,99
2108,42 ; 299,99 ;   9,142732 ;   92,17
2110,45 ; 300,01 ;   7,348533 ;   74,44
2112,49 ; 299,99 ;   7,752550 ;   78,81
2114,52 ; 300,02 ;   8,250053 ;   83,58
2116,55 ; 300,01 ;   7,651404 ;   77,57
2118,59 ; 299,98 ;   8,150504 ;   82,24
2120,62 ; 300,01 ;   8,351760 ;   84,82
2122,65 ; 300,05 ;   7,652004 ;   77,67
2124,69 ; 300,02 ;   7,255847 ;   73,64
2126,72 ; 299,91 ;   8,540051 ;   86,70
2128,75 ; 299,99 ;   9,631414 ;   97,13
2130,79 ; 299,99 ;   6,860785 ;   69,86
2132,82 ; 299,97 ;   8,045689 ;   81,30
2134,85 ; 300,08 ;   8,446010 ;   85,03
2136,88 ; 300,02 ;   6,363433 ;   64,21
2138,92 ; 300,09 ;   8,934609 ;   90,14
2140,95 ; 300,03 ;   6,858664 ;   69,81
2142,98 ; 299,99 ;   8,737554 ;   88,76
2145,02 ; 299,99 ;   8,542076 ;   86,97
2147,05 ; 300,02 ;   8,047938 ;   81,26
2149,08 ; 300,01 ;   7,648804 ;   77,53
2151,12 ; 300,03 ;   8,144126 ;   82,20
2153,15 ; 300,04 ;   7,650095 ;   77,33
2155,18 ; 299,96 ;   7,842637 ;   79,50
2157,22 ; 299,99 ;   9,240795 ;   93,07
2159,25 ; 300,02 ;   7,547147 ;   76,67
2161,28 ; 300,02 ;   7,646001 ;   77,52
2163,32 ; 300,02 ;   7,951272 ;   80,94
2165,35 ; 300,01 ;   7,953295 ;   80,94
2167,38 ; 299,97 ;   8,144299 ;   82,18
2169,42 ; 299,96 ;   8,641104 ;   87,25
2171,45 ; 299,96 ;   8,137841 ;   82,78
2173,48 ; 300,02 ;   8,042711 ;   81,65
2175,52 ; 299,95 ;   7,151667 ;   72,96
2177,55 ; 300,01 ;   9,138935 ;   92,14
2179,58 ; 299,98 ;   7,047918 ;   71,93
2181,62 ; 299,99 ;   8,335504 ;   84,80
2183,65 ; 300,04 ;   7,943189 ;   80,13
2185,68 ; 300,02 ;   7,251933 ;   73,82
2187,71 ; 300,12 ;   8,337235 ;   84,40
2189,75 ; 299,97 ;   6,358552 ;   64,81
2191,78 ; 300,08 ;   10,222124 ;  103,26
2193,81 ; 299,96 ;   6,358935 ;   64,15
2195,85 ; 299,95 ;   9,726157 ;   98,77
2197,88 ; 300,04 ;   8,332481 ;   84,11
2199,91 ; 299,98 ;   6,545980 ;   66,93
2201,95 ; 299,99 ;   8,836117 ;   89,33
2203,98 ; 300,06 ;   7,937519 ;   80,09
2206,01 ; 300,02 ;   6,940240 ;   70,05
2208,05 ; 299,99 ;   8,626747 ;   87,78
2210,08 ; 299,98 ;   8,332891 ;   84,65
2212,11 ; 299,95 ;   8,136886 ;   82,46
2214,15 ; 300,02 ;   8,631926 ;   87,54
2216,18 ; 299,95 ;   6,950381 ;   70,65
2218,21 ; 299,99 ;   9,126696 ;   92,12
2220,25 ; 299,98 ;   7,349821 ;   74,39
2222,28 ; 300,02 ;   8,139764 ;   82,49
2224,31 ; 300,04 ;   7,546114 ;   76,39
2226,34 ; 300,01 ;   7,646778 ;   77,22
2228,38 ; 300,05 ;   8,437392 ;   85,61
2230,41 ; 299,97 ;   7,252172 ;   73,59
2232,44 ; 299,95 ;   9,331302 ;   94,11
2234,48 ; 299,97 ;   8,440989 ;   85,26
2236,51 ; 299,97 ;   7,742391 ;   78,12
2238,54 ; 300,02 ;   8,043138 ;   81,55
2240,58 ; 300,02 ;   7,354682 ;   74,11
2242,61 ; 299,98 ;   7,943098 ;   80,96
2244,64 ; 299,99 ;   8,439883 ;   85,93
2246,68 ; 299,97 ;   7,944859 ;   80,12
2248,71 ; 299,95 ;   8,344559 ;   84,99
2250,74 ; 300,02 ;   8,451633 ;   85,30
2252,78 ; 300,01 ;   6,952771 ;   70,70
2254,81 ; 300,02 ;   8,143434 ;   82,22
2256,84 ; 300,04 ;   7,851699 ;   79,83
2258,88 ; 299,99 ;   7,651236 ;   77,25
2260,91 ; 300,05 ;   8,739923 ;   88,12
2262,94 ; 299,98 ;   7,053399 ;   71,32
2264,98 ; 300,01 ;   9,040027 ;   91,64
2267,01 ; 299,98 ;   7,653146 ;   77,63
2269,04 ; 300,09 ;   8,343817 ;   84,78
2271,07 ; 299,98 ;   6,465031 ;   65,20
2273,11 ; 299,99 ;   9,535638 ;   96,20
2275,14 ; 300,04 ;   7,955288 ;   80,10
2277,17 ; 300,03 ;   7,253571 ;   73,78
2279,21 ; 300,04 ;   8,049461 ;   81,88
2281,24 ; 299,99 ;   7,856534 ;   79,48
2283,27 ; 299,96 ;   8,750156 ;   88,07
2285,31 ; 299,96 ;   8,548705 ;   86,19
2287,34 ; 300,01 ;   8,049354 ;   81,62
2289,37 ; 300,04 ;   7,358145 ;   74,18
2291,41 ; 299,99 ;   7,552592 ;   76,06
2293,44 ; 299,95 ;   8,750175 ;   88,08
2295,47 ; 300,04 ;   8,750917 ;   88,68
2297,51 ; 300,02 ;   6,557967 ;   66,92
2299,54 ; 299,99 ;   8,344253 ;   84,36
2301,57 ; 299,99 ;   8,345035 ;   84,65
2303,61 ; 300,10 ;   8,053114 ;   81,23
2305,64 ; 300,05 ;   6,261796 ;   63,83
2307,67 ; 300,03 ;   8,637730 ;   87,26
2309,71 ; 300,03 ;   8,354044 ;   84,12
2311,74 ; 300,02 ;   7,959170 ;   80,68
2313,77 ; 299,99 ;   8,255967 ;   83,16
2315,80 ; 299,99 ;   8,355307 ;   84,60
2317,84 ; 299,98 ;   8,050966 ;   81,17
2319,87 ; 300,08 ;   8,153183 ;   82,42
2321,90 ; 299,98 ;   6,565621 ;   66,36
2323,94 ; 299,97 ;   9,339377 ;   94,97
2325,97 ; 299,99 ;   8,243885 ;   83,75
2328,00 ; 299,97 ;   7,653198 ;   77,74
2330,04 ; 299,98 ;   8,345424 ;   84,90
2332,07 ; 299,95 ;   7,747700 ;   78,99
2334,10 ; 300,05 ;   8,649138 ;   87,50
2336,14 ; 299,97 ;   6,364166 ;   64,40
2338,17 ; 300,01 ;   9,339907 ;   94,06
2340,20 ; 300,02 ;   7,459940 ;   75,28
2342,24 ; 300,08 ;   7,846862 ;   79,75
2344,27 ; 299,98 ;   6,965247 ;   70,94
2346,30 ; 299,98 ;   9,349409 ;   94,98
2348,34 ; 300,04 ;   8,050958 ;   81,27
2350,37 ; 300,02 ;   7,158841 ;   72,57
2352,40 ; 300,02 ;   8,354992 ;   84,29
2354,44 ; 300,02 ;   7,957334 ;   80,86
2356,47 ; 299,92 ;   7,950475 ;   80,86
2358,50 ; 300,02 ;   9,442496 ;   95,76
2360,54 ; 300,01 ;   6,660940 ;   67,16
2362,57 ; 299,97 ;   8,154250 ;   82,11
2364,60 ; 300,04 ;   8,652976 ;   87,18
2366,63 ; 299,96 ;   6,966915 ;   70,29
2368,67 ; 300,04 ;   9,147848 ;   93,00
2370,70 ; 300,02 ;   6,864525 ;   69,15
2372,73 ; 300,03 ;   8,357486 ;   84,30
2374,77 ; 299,99 ;   7,758129 ;   78,38
2376,80 ; 299,99 ;   8,551270 ;   86,87
2378,83 ; 300,10 ;   8,053081 ;   81,15
2380,87 ; 299,99 ;   6,266590 ;   63,76
2382,90 ; 300,03 ;   9,646107 ;   97,14
2384,93 ; 299,98 ;   7,363754 ;   74,92
2386,97 ; 299,91 ;   8,743361 ;   88,08
2389,00 ; 299,97 ;   9,142180 ;   92,41
2391,03 ; 299,98 ;   7,262941 ;   73,44
2393,07 ; 299,95 ;   7,759391 ;   78,97
2395,10 ; 299,99 ;   8,653942 ;   87,48
2397,13 ; 299,92 ;   7,362181 ;   74,32
2399,17 ; 300,08 ;   9,150499 ;   92,36
2401,20 ; 299,99 ;   5,668019 ;   57,25
2403,23 ; 300,03 ;   9,248900 ;   93,76
2405,27 ; 299,97 ;   7,361645 ;   74,97
2407,30 ; 300,05 ;   8,947984 ;   90,61
2409,33 ; 300,08 ;   6,661130 ;   67,80
2411,36 ; 300,08 ;   7,558038 ;   76,64
2413,40 ; 300,06 ;   7,959682 ;   80,05
2415,43 ; 300,05 ;   8,156625 ;   82,51
2417,46 ; 300,03 ;   8,053958 ;   81,46
2419,50 ; 300,04 ;   8,358562 ;   84,03
2421,53 ; 299,97 ;   7,861134 ;   79,35
2423,56 ; 300,02 ;   9,049025 ;   91,67
2425,60 ; 299,99 ;   7,262801 ;   73,93
2427,63 ; 300,02 ;   8,359008 ;   84,51
2429,66 ; 300,04 ;   7,658226 ;   77,36
2431,70 ; 299,96 ;   7,666442 ;   77,05
2433,73 ; 300,01 ;   9,150297 ;   92,90
2435,76 ; 300,03 ;   7,364843 ;   74,03
2437,80 ; 299,96 ;   7,658887 ;   77,15
2439,83 ; 300,02 ;   9,051925 ;   91,75
2441,86 ; 299,97 ;   7,163239 ;   72,78
2443,90 ; 299,98 ;   8,755614 ;   88,24
2445,93 ; 300,03 ;   7,760863 ;   78,90
2447,96 ; 300,05 ;   7,262746 ;   73,73
2449,99 ; 300,02 ;   7,559178 ;   76,85
2452,03 ; 300,03 ;   8,552353 ;   86,48
2454,06 ; 300,02 ;   7,759861 ;   78,28
2456,09 ; 299,96 ;   8,257419 ;   83,04
2458,13 ; 299,97 ;   8,850750 ;   89,45
2460,16 ; 300,01 ;   7,964802 ;   80,22
2462,19 ; 299,97 ;   7,464995 ;   75,15
2464,23 ; 300,04 ;   8,653178 ;   87,08
2466,26 ; 299,99 ;   6,968522 ;   70,18
2468,29 ; 300,02 ;   8,651085 ;   87,92
2470,33 ; 299,97 ;   7,659634 ;   77,34
2472,36 ; 300,08 ;   8,744644 ;   88,22
2474,39 ; 300,08 ;   6,266805 ;   63,98
2476,43 ; 300,03 ;   7,852248 ;   79,95
2478,46 ; 300,02 ;   8,650738 ;   87,39
2480,49 ; 299,99 ;   8,248152 ;   83,01
2482,53 ; 300,08 ;   8,350172 ;   84,45
2484,56 ; 299,98 ;   6,665391 ;   67,34
2486,59 ; 300,04 ;   9,343973 ;   94,81
2488,62 ; 299,96 ;   7,163096 ;   72,40
2490,66 ; 299,96 ;   9,152607 ;   92,83
2492,69 ; 299,94 ;   8,055218 ;   81,40
2494,72 ; 300,03 ;   8,451272 ;   85,14
2496,76 ; 299,98 ;   6,563115 ;   66,81
2498,79 ; 299,96 ;   8,654220 ;   87,98
2500,82 ; 300,02 ;   8,360577 ;   84,86
2502,86 ; 299,98 ;   7,160053 ;   72,74
2504,89 ; 299,98 ;   8,453907 ;   85,70
2506,92 ; 300,03 ;   8,065451 ;   81,14
2508,96 ; 299,99 ;   7,259504 ;   73,68
2510,99 ; 300,05 ;   8,554620 ;   86,75
2513,02 ; 300,02 ;   7,059707 ;   71,09
2515,06 ; 300,02 ;   8,554959 ;   86,44
2517,09 ; 300,06 ;   7,964618 ;   80,72
2519,12 ; 300,05 ;   7,261619 ;   73,26
2521,16 ; 299,98 ;   8,053995 ;   81,34
2523,19 ; 299,95 ;   9,050835 ;   91,37
2525,22 ; 299,99 ;   8,645057 ;   87,30
2527,26 ; 299,94 ;   7,357087 ;   74,14
2529,29 ; 299,99 ;   8,857084 ;   89,70
2531,32 ; 299,96 ;   7,265052 ;   73,02
2533,35 ; 300,08 ;   8,460996 ;   85,99
2535,39 ; 299,96 ;   6,169590 ;   62,79
2537,42 ; 299,91 ;   9,743264 ;   98,56
2539,45 ; 299,98 ;   8,755238 ;   88,88
2541,49 ; 300,04 ;   6,956359 ;   70,86
2543,52 ; 299,97 ;   7,160428 ;   72,44
2545,55 ; 299,99 ;   9,047272 ;   91,62
2547,59 ; 300,02 ;   7,658597 ;   77,62
2549,62 ; 299,99 ;   7,658771 ;   77,32
2551,65 ; 299,99 ;   8,360078 ;   84,47
2553,69 ; 299,99 ;   8,063583 ;   81,04
2555,72 ; 299,98 ;   8,055345 ;   81,05
2557,75 ; 300,04 ;   8,159143 ;   82,29
2559,79 ; 300,02 ;   7,161483 ;   72,45
2561,82 ; 300,08 ;   8,357530 ;   84,17
2563,85 ; 300,05 ;   6,966964 ;   70,80
2565,89 ; 299,97 ;   8,260458 ;   83,65
2567,92 ; 300,02 ;   9,253618 ;   93,88
2569,95 ; 300,08 ;   7,250299 ;   73,86
2571,99 ; 299,99 ;   6,955134 ;   70,77
2574,02 ; 299,96 ;   9,241573 ;   93,57
2576,05 ; 300,03 ;   8,450087 ;   85,96
2578,08 ; 299,98 ;   6,957965 ;   70,21
2580,12 ; 299,99 ;   8,643664 ;   87,95
2582,15 ; 299,97 ;   7,841116 ;   79,85
2584,18 ; 300,01 ;   8,322326 ;   84,73
2586,22 ; 299,95 ;   7,431751 ;   75,09
2588,25 ; 300,01 ;   8,917054 ;   90,74
2590,28 ; 299,92 ;   7,038301 ;   71,67
2592,32 ; 299,97 ;   9,309424 ;   94,48
2594,35 ; 299,98 ;   7,334861 ;   74,48
2596,38 ; 299,97 ;   7,732309 ;   78,86
2598,42 ; 300,02 ;   8,230434 ;   83,63
2600,45 ; 299,97 ;   7,246113 ;   73,90
2602,48 ; 299,98 ;   8,727253 ;   88,21
2604,52 ; 299,97 ;   7,742291 ;   78,88
2606,55 ; 299,99 ;   8,237049 ;   83,65
2608,58 ; 299,92 ;   7,642416 ;   77,64
2610,62 ; 299,99 ;   9,128819 ;   92,26
2612,65 ; 299,98 ;   6,955049 ;   70,81
2614,68 ; 300,05 ;   8,129161 ;   82,34
2616,71 ; 300,02 ;   6,951147 ;   70,02
2618,75 ; 299,96 ;   8,535391 ;   86,51
2620,78 ; 299,99 ;   8,838118 ;   89,48
2622,81 ; 299,95 ;   7,542069 ;   76,52
2624,85 ; 299,98 ;   8,736449 ;   88,56
2626,88 ; 299,98 ;   7,452721 ;   75,49
2628,91 ; 300,02 ;   8,035831 ;   81,21
2630,95 ; 299,99 ;   7,549258 ;   76,24
2632,98 ; 300,03 ;   8,330464 ;   84,54
2635,01 ; 299,92 ;   7,350137 ;   74,90
2637,05 ; 300,01 ;   9,720433 ;   98,02
2639,08 ; 299,96 ;   6,756033 ;   68,36
2641,11 ; 300,03 ;   8,733634 ;   88,38
2643,15 ; 299,91 ;   6,956327 ;   70,35
2645,18 ; 299,97 ;   9,828350 ;   99,27
2647,21 ; 299,99 ;   7,248898 ;   73,45
2649,25 ; 300,03 ;   7,638911 ;   77,72
2651,28 ; 299,91 ;   7,342228 ;   74,95
2653,31 ; 299,92 ;   9,824423 ;   99,30
2655,35 ; 299,97 ;   7,946796 ;   80,93
2657,38 ; 300,03 ;   7,347921 ;   74,63
2659,41 ; 299,96 ;   7,040409 ;   71,55
2661,44 ; 299,97 ;   9,026789 ;   91,88
2663,48 ; 299,97 ;   7,950029 ;   80,36
2665,51 ; 299,96 ;   8,041112 ;   81,51
2667,54 ; 299,97 ;   8,141677 ;   82,76
2669,58 ; 300,01 ;   7,940902 ;   80,38
2671,61 ; 299,92 ;   7,452348 ;   75,32
2673,64 ; 300,01 ;   9,330540 ;   94,70
2675,68 ; 299,97 ;   6,756292 ;   68,48
2677,71 ; 300,03 ;   8,635403 ;   87,27
2679,74 ; 300,04 ;   7,051663 ;   71,62
2681,78 ; 300,03 ;   7,846151 ;   79,51
2683,81 ; 300,02 ;   8,046222 ;   81,89
2685,84 ; 300,05 ;   8,244272 ;   83,22
2687,88 ; 300,03 ;   7,346602 ;   74,72
2689,91 ; 299,96 ;   8,347408 ;   84,15
2691,94 ; 299,90 ;   9,039570 ;   91,89
2693,98 ; 300,01 ;   9,039791 ;   91,55
2696,01 ; 299,96 ;   6,461713 ;   65,03
2698,04 ; 300,03 ;   8,737303 ;   88,50
2700,08 ; 299,99 ;   6,948321 ;   70,46
2702,11 ; 299,99 ;   8,542048 ;   86,96
2704,14 ; 299,97 ;   8,044396 ;   81,25
2706,17 ; 299,92 ;   8,338062 ;   84,98
2708,21 ; 299,95 ;   8,838158 ;   89,01
2710,24 ; 299,99 ;   7,753932 ;   78,44
2712,27 ; 299,97 ;   7,347407 ;   74,43
2714,31 ; 299,99 ;   8,451107 ;   85,02
2716,34 ; 300,02 ;   7,652903 ;   77,87
2718,37 ; 300,02 ;   7,651558 ;   77,57
2720,41 ; 299,97 ;   7,946711 ;   81,00
2722,44 ; 300,02 ;   8,748709 ;   88,45
2724,47 ; 300,02 ;   7,348647 ;   74,14
2726,51 ; 300,02 ;   7,946414 ;   81,00
2728,54 ; 299,97 ;   7,947913 ;   80,99
2730,57 ; 300,04 ;   8,742749 ;   88,45
2732,61 ; 300,03 ;   6,963764 ;   70,42
2734,64 ; 299,94 ;   8,048397 ;   81,93
2736,67 ; 300,03 ;   9,439825 ;   95,70
2738,71 ; 300,03 ;   6,659075 ;   67,08
2740,74 ; 299,99 ;   7,946714 ;   80,79
2742,77 ; 300,01 ;   8,546028 ;   87,00
2744,80 ; 300,02 ;   7,756143 ;   78,80
2746,84 ; 300,03 ;   7,855869 ;   79,84
2748,87 ; 300,08 ;   7,746022 ;   78,49
2750,90 ; 300,04 ;   7,257425 ;   73,31
2752,94 ; 300,03 ;   8,548389 ;   86,37
2754,97 ; 300,03 ;   8,049780 ;   81,88
2757,00 ; 299,97 ;   7,946959 ;   80,73
2759,04 ; 299,99 ;   8,941717 ;   90,67
2761,07 ; 299,95 ;   7,652288 ;   77,80
2763,10 ; 299,96 ;   8,739623 ;   88,69
2765,14 ; 299,92 ;   7,854925 ;   79,36
2767,17 ; 299,98 ;   8,641126 ;   87,87
2769,20 ; 299,99 ;   7,155183 ;   72,23
2771,24 ; 299,99 ;   7,948611 ;   80,14
2773,27 ; 299,96 ;   8,050229 ;   81,28
2775,30 ; 299,99 ;   8,543966 ;   86,25
2777,34 ; 300,05 ;   7,553691 ;   76,72
2779,37 ; 299,98 ;   7,056091 ;   71,36
2781,40 ; 299,99 ;   9,043594 ;   91,67
2783,44 ; 299,99 ;   7,950235 ;   80,14
2785,47 ; 300,05 ;   8,050949 ;   81,29
2787,50 ; 299,97 ;   7,057237 ;   71,35
2789,53 ; 299,97 ;   9,347994 ;   94,16
2791,57 ; 300,05 ;   8,049922 ;   81,58
2793,60 ; 299,98 ;   6,661539 ;   67,91
2795,63 ; 299,92 ;   9,043459 ;   91,66
2797,67 ; 300,06 ;   9,047480 ;   91,32
2799,70 ; 299,99 ;   5,866065 ;   59,82
2801,73 ; 300,01 ;   9,033150 ;   91,57
2803,77 ; 299,95 ;   7,756102 ;   78,80
2805,80 ; 300,02 ;   9,044705 ;   91,03
2807,83 ; 299,97 ;   6,954492 ;   70,72
2809,87 ; 300,01 ;   8,740385 ;   88,45
2811,90 ; 300,03 ;   7,455192 ;   75,38
2813,93 ; 300,09 ;   7,654396 ;   77,37
2815,97 ; 300,05 ;   7,157397 ;   72,09
2818,00 ; 300,05 ;   8,448181 ;   85,05
2820,03 ; 299,97 ;   7,958921 ;   80,46
2822,07 ; 300,03 ;   9,342381 ;   94,11
2824,10 ; 300,08 ;   7,059149 ;   71,60
2826,13 ; 300,04 ;   7,259534 ;   73,29
2828,17 ; 300,03 ;   8,548449 ;   86,34
2830,20 ; 300,13 ;   8,051729 ;   81,86
2832,23 ; 300,05 ;   6,460582 ;   65,79
2834,26 ; 300,06 ;   8,943037 ;   90,66
2836,30 ; 300,01 ;   7,850771 ;   79,12
2838,33 ; 300,09 ;   8,753337 ;   88,94
2840,36 ; 300,03 ;   6,761610 ;   68,51
2842,40 ; 300,01 ;   8,740629 ;   88,62
2844,43 ; 300,05 ;   8,357812 ;   84,34
2846,46 ; 299,99 ;   7,257695 ;   73,45
2848,50 ; 299,98 ;   8,946173 ;   90,24
2850,53 ; 299,97 ;   8,155169 ;   82,34
2852,56 ; 299,99 ;   8,254600 ;   83,69
2854,60 ; 299,97 ;   7,655578 ;   77,68
2856,63 ; 299,98 ;   8,346195 ;   84,84
2858,66 ; 299,96 ;   7,755532 ;   78,93
2860,70 ; 300,02 ;   8,345987 ;   84,95
2862,73 ; 300,05 ;   7,160263 ;   72,83
2864,76 ; 299,97 ;   7,362130 ;   74,61
2866,79 ; 299,97 ;   9,250423 ;   93,98
2868,83 ; 300,02 ;   8,052740 ;   81,42
2870,86 ; 300,10 ;   7,262452 ;   73,97
2872,89 ; 300,06 ;   6,660243 ;   67,16
2874,93 ; 300,01 ;   8,445273 ;   85,92
2876,96 ; 299,99 ;   8,744857 ;   88,89
2878,99 ; 299,98 ;   8,252723 ;   83,37
2881,03 ; 300,01 ;   8,156600 ;   82,33
2883,06 ; 300,05 ;   7,665500 ;   77,46
2885,09 ; 300,04 ;   7,259433 ;   73,43
2887,13 ; 299,97 ;   8,154070 ;   82,76
2889,16 ; 299,95 ;   9,046972 ;   91,65
2891,19 ; 299,97 ;   8,458572 ;   85,10
2893,23 ; 299,98 ;   7,656052 ;   77,96
2895,26 ; 300,02 ;   7,759200 ;   78,91
2897,29 ; 300,03 ;   7,556732 ;   76,23
2899,33 ; 299,95 ;   7,758032 ;   78,31
2901,36 ; 299,96 ;   9,342585 ;   94,25
2903,39 ; 299,99 ;   7,851688 ;   79,21
2905,43 ; 299,95 ;   7,555149 ;   76,54
2907,46 ; 300,02 ;   8,754448 ;   88,57
2909,49 ; 300,02 ;   6,965883 ;   70,54
2911,52 ; 300,03 ;   7,961069 ;   80,82
2913,56 ; 300,02 ;   7,757722 ;   78,33
2915,59 ; 300,12 ;   8,256623 ;   83,10
2917,62 ; 300,03 ;   6,365402 ;   64,65
2919,66 ; 300,03 ;   9,248556 ;   93,15
2921,69 ; 299,99 ;   7,958883 ;   80,57
2923,72 ; 300,01 ;   8,550924 ;   86,78
2925,76 ; 300,09 ;   7,757958 ;   78,58
2927,79 ; 300,01 ;   6,764487 ;   68,44
2929,82 ; 299,92 ;   9,147338 ;   92,28
2931,86 ; 299,95 ;   9,341985 ;   94,50
2933,89 ; 299,97 ;   7,757566 ;   78,22
2935,92 ; 299,91 ;   7,656207 ;   77,94
2937,96 ; 299,99 ;   8,947861 ;   90,08
2939,99 ; 300,01 ;   6,864926 ;   69,67
2942,02 ; 299,98 ;   7,757004 ;   78,62
2944,06 ; 300,05 ;   8,357380 ;   84,63
2946,09 ; 300,01 ;   6,966795 ;   70,01
2948,12 ; 300,05 ;   8,648074 ;   87,75
2950,16 ; 300,01 ;   7,261668 ;   73,43
2952,19 ; 300,03 ;   8,653658 ;   87,73
2954,22 ; 300,05 ;   7,659462 ;   77,14
2956,25 ; 300,01 ;   7,556697 ;   76,84
2958,29 ; 300,03 ;   8,647968 ;   87,71
2960,32 ; 300,02 ;   7,657406 ;   77,12
2962,35 ; 300,05 ;   8,246831 ;   83,03
2964,39 ; 299,96 ;   7,362958 ;   74,52
2966,42 ; 300,03 ;   9,444353 ;   95,14
2968,45 ; 300,03 ;   6,957636 ;   70,25
2970,49 ; 299,98 ;   7,952374 ;   80,53
2972,52 ; 300,01 ;   8,653914 ;   87,97
2974,55 ; 300,02 ;   7,657628 ;   77,39
2976,59 ; 300,06 ;   7,859634 ;   79,58
2978,62 ; 300,02 ;   7,262452 ;   73,26
2980,65 ; 299,99 ;   8,652865 ;   87,56
2982,69 ; 300,05 ;   8,359057 ;   84,43
2984,72 ; 299,96 ;   7,059001 ;   71,06
2986,75 ; 299,92 ;   9,445299 ;   95,10
2988,79 ; 299,96 ;   8,653474 ;   87,61
2990,82 ; 299,99 ;   7,456070 ;   75,70
2992,85 ; 300,02 ;   7,564119 ;   76,45
2994,88 ; 300,02 ;   7,658553 ;   77,30
2996,92 ; 300,06 ;   7,953252 ;   80,72
2998,95 ; 299,95 ;   7,264260 ;   73,26
3000,98 ; 300,01 ;   9,751618 ;   98,75
3003,02 ; 300,02 ;   7,069488 ;   71,67
3005,05 ; 300,01 ;   7,862150 ;   79,57
3007,08 ; 299,98 ;   8,064942 ;   81,95
3009,12 ; 300,05 ;   8,360434 ;   84,54
3011,15 ; 299,92 ;   6,864092 ;   69,92
3013,18 ; 300,01 ;   10,033812 ;  101,33
3015,22 ; 300,03 ;   6,764706 ;   68,25
3017,25 ; 299,91 ;   7,664766 ;   77,09
3019,28 ; 300,04 ;   9,843127 ;   99,14
3021,32 ; 299,96 ;   6,164669 ;   62,14
3023,35 ; 300,05 ;   9,140032 ;   92,85
3025,38 ; 299,98 ;   6,571624 ;   66,51
3027,42 ; 300,05 ;   9,046168 ;   91,40
3029,45 ; 299,97 ;   6,865721 ;   69,93
3031,48 ; 300,04 ;   9,242952 ;   93,87
3033,52 ; 300,02 ;   6,957578 ;   70,13
3035,55 ; 300,03 ;   8,356664 ;   84,13
3037,58 ; 299,96 ;   7,759812 ;   78,21
3039,61 ; 300,04 ;   9,050336 ;   91,68
3041,65 ; 299,99 ;   6,766788 ;   68,98
3043,68 ; 299,98 ;   8,649176 ;   87,85
3045,71 ; 300,08 ;   8,156224 ;   82,24
3047,75 ; 299,96 ;   6,572157 ;   66,18
3049,78 ; 299,97 ;   9,750114 ;   98,52
3051,81 ; 299,99 ;   7,954004 ;   80,14
3053,85 ; 300,04 ;   7,660272 ;   77,57
3055,88 ; 300,03 ;   7,264037 ;   73,54
3057,91 ; 300,01 ;   8,055597 ;   81,63
3059,95 ; 300,05 ;   8,348823 ;   84,21
3061,98 ; 300,02 ;   7,262636 ;   73,32
3064,01 ; 300,02 ;   8,555291 ;   86,38
3066,05 ; 300,01 ;   7,961745 ;   80,66
3068,08 ; 300,04 ;   8,058176 ;   81,90
3070,11 ; 299,95 ;   7,464114 ;   75,78
3072,15 ; 299,98 ;   9,446330 ;   95,26
3074,18 ; 299,98 ;   7,456370 ;   75,34
3076,21 ; 299,94 ;   8,063430 ;   81,06
3078,24 ; 300,01 ;   8,754702 ;   88,52
3080,28 ; 299,95 ;   6,968521 ;   70,49
3082,31 ; 300,03 ;   8,954148 ;   90,72
3084,34 ; 300,04 ;   6,662382 ;   67,93
3086,38 ; 299,97 ;   7,849683 ;   79,24
3088,41 ; 299,99 ;   9,049155 ;   91,56
3090,44 ; 300,03 ;   7,659205 ;   77,56
3092,48 ; 299,99 ;   7,362563 ;   74,77
3094,51 ; 300,01 ;   8,549864 ;   86,69
3096,54 ; 300,04 ;   7,759902 ;   78,49
3098,58 ; 299,98 ;   7,463375 ;   75,80
3100,61 ; 299,98 ;   8,854911 ;   89,07
3102,64 ; 300,09 ;   8,055453 ;   81,07
3104,68 ; 300,06 ;   6,368078 ;   64,92
3106,71 ; 300,02 ;   8,242736 ;   83,49
3108,74 ; 299,98 ;   8,650388 ;   87,49
3110,78 ; 300,03 ;   8,450951 ;   85,61
3112,81 ; 299,96 ;   7,261302 ;   73,58
3114,84 ; 299,96 ;   9,047680 ;   91,62
3116,88 ; 299,98 ;   8,053005 ;   81,34
3118,91 ; 299,98 ;   7,658831 ;   77,62
3120,94 ; 299,96 ;   8,054208 ;   81,05
3122,97 ; 299,96 ;   8,346375 ;   84,79
3125,01 ; 299,99 ;   8,053649 ;   81,37
3127,04 ; 299,90 ;   7,556608 ;   76,41
3129,07 ; 300,04 ;   9,444777 ;   95,90
3131,11 ; 299,99 ;   5,870084 ;   59,83
3133,14 ; 300,05 ;   8,641045 ;   87,85
3135,17 ; 299,98 ;   7,059521 ;   71,06
3137,21 ; 299,98 ;   9,047425 ;   91,37
3139,24 ; 300,04 ;   8,054221 ;   81,09
3141,27 ; 299,97 ;   7,160888 ;   72,39
3143,31 ; 299,99 ;   9,047837 ;   91,57
3145,34 ; 299,97 ;   7,657664 ;   77,56
3147,37 ; 300,02 ;   8,358716 ;   84,72
3149,41 ; 299,97 ;   7,257594 ;   73,84
3151,44 ; 300,06 ;   8,745789 ;   88,15
3153,47 ; 300,01 ;   6,569029 ;   66,39
3155,50 ; 300,04 ;   8,746529 ;   88,79
3157,54 ; 300,05 ;   7,464550 ;   75,81
3159,57 ; 300,05 ;   7,657929 ;   77,89
3161,60 ; 299,99 ;   7,950972 ;   80,16
3163,64 ; 299,96 ;   8,948926 ;   90,10
3165,67 ; 299,97 ;   8,459852 ;   85,92
3167,70 ; 299,99 ;   7,952130 ;   80,12
3169,74 ; 299,97 ;   7,658181 ;   77,54
3171,77 ; 299,97 ;   8,359648 ;   84,70
3173,80 ; 299,97 ;   8,054123 ;   81,28
3175,84 ; 300,05 ;   8,052839 ;   81,28
3177,87 ; 300,02 ;   6,663380 ;   67,62
3179,90 ; 299,97 ;   8,553539 ;   86,40
3181,94 ; 299,95 ;   8,756148 ;   88,13
3183,97 ; 299,96 ;   8,450243 ;   85,01
3186,00 ; 299,97 ;   7,854537 ;   79,11
3188,04 ; 300,03 ;   7,953095 ;   80,16
3190,07 ; 300,05 ;   7,059189 ;   71,37
3192,10 ; 300,05 ;   7,556446 ;   76,78
3194,14 ; 299,99 ;   7,953856 ;   80,20
3196,17 ; 299,97 ;   8,949078 ;   90,12
3198,20 ; 299,99 ;   8,361108 ;   84,71
3200,23 ; 300,02 ;   7,658786 ;   77,56
3202,27 ; 300,03 ;   7,658436 ;   77,26
3204,30 ; 300,05 ;   7,758372 ;   78,20
3206,33 ; 300,06 ;   7,565094 ;   76,75
3208,37 ; 300,02 ;   7,761460 ;   78,93
3210,40 ; 300,03 ;   8,651835 ;   87,51
3212,43 ; 299,99 ;   7,752202 ;   78,16
3214,47 ; 299,99 ;   8,551064 ;   86,65
3216,50 ; 300,03 ;   7,953346 ;   80,94
3218,53 ; 299,99 ;   7,364906 ;   74,73
3220,57 ; 299,98 ;   8,553737 ;   86,65
3222,60 ; 299,99 ;   8,157514 ;   82,18
3224,63 ; 299,99 ;   7,853752 ;   79,80
3226,67 ; 300,06 ;   7,965804 ;   80,94
3228,70 ; 300,02 ;   6,866019 ;   69,76
3230,73 ; 300,10 ;   8,654440 ;   87,48
3232,77 ; 299,95 ;   6,562945 ;   66,95
3234,80 ; 300,02 ;   10,342400 ;  104,35
3236,83 ; 299,97 ;   6,967167 ;   70,32
3238,87 ; 300,04 ;   8,756136 ;   88,07
3240,90 ; 300,05 ;   6,968759 ;   70,03
3242,93 ; 300,08 ;   7,658529 ;   77,82
3244,96 ; 299,96 ;   7,566228 ;   76,37
3247,00 ; 299,98 ;   9,744382 ;   98,41
3249,03 ; 299,94 ;   7,665541 ;   77,55
3251,06 ; 300,02 ;   8,745212 ;   88,44
3253,10 ; 299,98 ;   6,857864 ;   69,17
3255,13 ; 300,02 ;   8,451449 ;   85,57
3257,16 ; 300,01 ;   7,560107 ;   76,03
3259,20 ; 299,97 ;   8,055513 ;   81,84
3261,23 ; 299,96 ;   8,555812 ;   86,91
3263,26 ; 300,10 ;   8,156926 ;   82,45
3265,30 ; 300,01 ;   5,770687 ;   58,95
3267,33 ; 299,99 ;   9,356858 ;   94,41
3269,36 ; 299,97 ;   8,258193 ;   83,17
3271,40 ; 299,97 ;   8,353145 ;   84,62
3273,43 ; 300,02 ;   8,064545 ;   81,19
3275,46 ; 299,97 ;   7,261956 ;   73,75
3277,50 ; 300,02 ;   8,745569 ;   88,06
3279,53 ; 300,02 ;   7,253974 ;   73,75
3281,56 ; 299,99 ;   7,954795 ;   80,61
3283,60 ; 300,04 ;   8,351632 ;   84,33
3285,63 ; 300,02 ;   7,263481 ;   73,44
3287,66 ; 300,02 ;   8,351247 ;   84,02
3289,69 ; 300,05 ;   7,955945 ;   80,59
3291,73 ; 300,03 ;   7,363766 ;   74,37
3293,76 ; 299,95 ;   8,260704 ;   83,80
3295,79 ; 299,95 ;   9,356387 ;   94,04
3297,83 ; 299,96 ;   8,065932 ;   81,47
3299,86 ; 300,05 ;   7,862325 ;   79,00
3301,89 ; 299,99 ;   6,563610 ;   66,39
3303,93 ; 299,96 ;   8,951304 ;   90,04
3305,96 ; 300,08 ;   8,462042 ;   85,86
3307,99 ; 299,98 ;   6,167348 ;   62,65
3310,03 ; 300,05 ;   9,355642 ;   94,70
3312,06 ; 299,94 ;   6,865934 ;   69,80
3314,09 ; 299,94 ;   9,744667 ;   98,71
3316,13 ; 299,95 ;   8,061531 ;   81,58
3318,16 ; 299,98 ;   7,948148 ;   80,36
3320,19 ; 300,02 ;   7,450853 ;   75,29
3322,23 ; 299,97 ;   7,559387 ;   76,05
3324,26 ; 300,04 ;   8,742156 ;   88,07
3326,29 ; 299,99 ;   6,963383 ;   70,03
3328,32 ; 300,04 ;   8,650598 ;   87,77
3330,36 ; 299,96 ;   7,259535 ;   73,46
3332,39 ; 299,97 ;   9,147557 ;   92,74
3334,42 ; 299,97 ;   7,949177 ;   80,07
3336,46 ; 300,02 ;   8,053304 ;   81,22
3338,49 ; 299,96 ;   7,260742 ;   73,77
3340,52 ; 299,92 ;   8,852264 ;   89,33
3342,56 ; 299,99 ;   8,651668 ;   87,55
3344,59 ; 299,97 ;   6,955921 ;   70,67
3346,62 ; 299,95 ;   8,347639 ;   84,69
3348,66 ; 300,02 ;   8,347180 ;   84,99
3350,69 ; 300,03 ;   6,958687 ;   70,39
3352,72 ; 300,03 ;   7,760309 ;   78,19
3354,76 ; 300,05 ;   7,952153 ;   80,47
3356,79 ; 300,03 ;   7,555482 ;   76,73
3358,82 ; 300,03 ;   8,254708 ;   83,88
3360,86 ; 299,97 ;   7,951702 ;   80,44
3362,89 ; 300,03 ;   8,948820 ;   90,38
3364,92 ; 300,02 ;   7,058112 ;   71,30
3366,95 ; 300,02 ;   8,155969 ;   82,92
3368,99 ; 299,97 ;   7,962274 ;   80,63
3371,02 ; 300,01 ;   8,755083 ;   88,08
3373,05 ; 299,97 ;   7,453781 ;   75,01
3375,09 ; 300,09 ;   8,551797 ;   86,94
3377,12 ; 300,03 ;   6,165617 ;   62,59
3379,15 ; 300,02 ;   8,754369 ;   88,42
3381,19 ; 299,94 ;   8,153579 ;   82,89
3383,22 ; 299,98 ;   9,242296 ;   93,03
3385,25 ; 299,95 ;   7,362600 ;   74,15
3387,29 ; 299,97 ;   8,652397 ;   87,23
3389,32 ; 299,97 ;   7,658486 ;   77,80
3391,35 ; 300,02 ;   8,053071 ;   81,24
3393,39 ; 300,02 ;   7,261795 ;   73,79
3395,42 ; 299,97 ;   7,952048 ;   80,65
3397,45 ; 299,91 ;   8,753757 ;   88,11
3399,49 ; 300,06 ;   8,844986 ;   89,95
3401,52 ; 299,90 ;   5,759213 ;   58,36
3403,55 ; 299,98 ;   10,521800 ;  106,16
3405,59 ; 299,98 ;   6,751233 ;   68,51
3407,62 ; 300,01 ;   8,037327 ;   81,09
3409,65 ; 299,96 ;   7,648754 ;   77,36
3411,68 ; 299,97 ;   8,734358 ;   88,24
3413,72 ; 299,97 ;   7,950599 ;   80,15
3415,75 ; 299,99 ;   8,043983 ;   81,31
3417,78 ; 299,94 ;   7,646880 ;   77,59
3419,82 ; 300,02 ;   8,837982 ;   89,72
3421,85 ; 300,03 ;   6,858450 ;   69,30
3423,88 ; 300,06 ;   7,747458 ;   78,25
3425,92 ; 300,01 ;   7,453949 ;   75,55
3427,95 ; 299,99 ;   8,736712 ;   88,81
3429,98 ; 299,97 ;   8,248579 ;   83,29
3432,02 ; 300,02 ;   8,342577 ;   84,73
3434,05 ; 299,99 ;   7,252434 ;   73,85
3436,08 ; 299,96 ;   8,342164 ;   84,44
3438,12 ; 300,02 ;   8,453011 ;   85,99
3440,15 ; 299,96 ;   7,154253 ;   72,72
3442,18 ; 299,98 ;   8,838224 ;   89,41
3444,22 ; 299,97 ;   7,654568 ;   77,70
3446,25 ; 300,01 ;   8,251386 ;   83,62
3448,28 ; 300,02 ;   7,452597 ;   75,12
3450,32 ; 299,97 ;   7,854592 ;   79,59
3452,35 ; 299,99 ;   8,742009 ;   88,19
3454,38 ; 300,04 ;   7,652351 ;   77,61
3456,41 ; 300,02 ;   7,258433 ;   73,58
3458,45 ; 300,01 ;   8,350230 ;   84,16
3460,48 ; 299,92 ;   8,048110 ;   81,97
3462,51 ; 300,03 ;   9,338099 ;   94,49
3464,55 ; 299,99 ;   6,366236 ;   64,55
3466,58 ; 299,99 ;   8,544400 ;   86,76
3468,61 ; 299,96 ;   8,044998 ;   81,04
3470,65 ; 299,98 ;   8,546000 ;   86,01
3472,68 ; 299,96 ;   7,653322 ;   77,72
3474,71 ; 299,98 ;   8,352896 ;   84,89
3476,75 ; 299,97 ;   7,653032 ;   77,74
3478,78 ; 299,97 ;   8,251274 ;   83,66
3480,81 ; 299,97 ;   8,049759 ;   81,38
3482,85 ; 299,99 ;   8,049277 ;   81,39
3484,88 ; 300,03 ;   7,645823 ;   77,66
3486,91 ; 299,98 ;   7,358942 ;   74,88
3488,95 ; 299,95 ;   8,748775 ;   88,04
3490,98 ; 299,97 ;   8,649362 ;   87,41
3493,01 ; 299,94 ;   7,652611 ;   77,98
3495,05 ; 300,03 ;   8,548084 ;   86,38
3497,08 ; 299,97 ;   6,568641 ;   66,91
3499,11 ; 300,03 ;   8,943648 ;   90,57
3501,14 ; 300,02 ;   7,055529 ;   71,49
3503,18 ; 300,02 ;   8,248082 ;   83,11
3505,21 ; 299,99 ;   7,947387 ;   80,82
3507,24 ; 299,97 ;   8,345255 ;   84,54
3509,28 ; 300,03 ;   8,352953 ;   84,85
3511,31 ; 299,98 ;   7,063088 ;   71,48
3513,34 ; 299,97 ;   8,738059 ;   88,08
3515,38 ; 300,03 ;   8,246391 ;   83,70
3517,41 ; 300,06 ;   7,062242 ;   71,48
3519,44 ; 299,97 ;   7,456054 ;   75,65
3521,48 ; 300,01 ;   9,439892 ;   95,12
3523,51 ; 299,98 ;   7,449615 ;   75,20
3525,54 ; 299,96 ;   8,344904 ;   84,64
3527,58 ; 299,90 ;   8,353035 ;   84,94
3529,61 ; 299,95 ;   9,041948 ;   91,46
3531,64 ; 299,98 ;   7,359569 ;   74,89
3533,68 ; 299,96 ;   7,458435 ;   75,55
3535,71 ; 299,92 ;   8,343372 ;   85,00
3537,74 ; 300,01 ;   8,637014 ;   87,79
3539,78 ; 299,97 ;   6,752657 ;   68,42
3541,81 ; 299,99 ;   8,650035 ;   87,21
3543,84 ; 299,98 ;   7,654025 ;   77,77
3545,87 ; 300,06 ;   8,152065 ;   82,45
3547,91 ; 299,99 ;   6,760794 ;   68,88
3549,94 ; 300,02 ;   9,043650 ;   91,48
3551,97 ; 300,02 ;   7,654242 ;   77,47
3554,01 ; 299,97 ;   7,949724 ;   80,89
3556,04 ; 300,02 ;   8,741809 ;   88,35
3558,07 ; 300,04 ;   7,359438 ;   74,04
3560,11 ; 300,08 ;   7,654632 ;   77,16
3562,14 ; 300,03 ;   7,361056 ;   74,37
3564,17 ; 299,98 ;   8,648869 ;   87,52
3566,21 ; 299,98 ;   8,742956 ;   88,12
3568,24 ; 299,98 ;   8,060578 ;   81,26
3570,27 ; 300,05 ;   8,051188 ;   81,26
3572,31 ; 300,03 ;   6,965675 ;   70,08
3574,34 ; 300,03 ;   8,353566 ;   84,08
3576,37 ; 299,99 ;   7,950125 ;   80,65
3578,41 ; 299,96 ;   8,548005 ;   86,86
3580,44 ; 299,99 ;   8,551345 ;   86,11
3582,47 ; 299,97 ;   7,553773 ;   76,58
3584,51 ; 299,97 ;   8,346083 ;   84,88
3586,54 ; 299,99 ;   8,054210 ;   81,46
3588,57 ; 300,04 ;   7,653994 ;   77,74
3590,61 ; 300,02 ;   7,250118 ;   73,71
3592,64 ; 300,03 ;   8,344354 ;   84,29
3594,67 ; 299,99 ;   7,759351 ;   78,37
3596,70 ; 300,03 ;   8,557006 ;   86,87
3598,74 ; 299,99 ;   7,359748 ;   74,94
3600,77 ; 300,03 ;   8,549026 ;   86,86
3602,80 ; 299,99 ;   7,360639 ;   74,93
3604,84 ; 300,02 ;   8,549045 ;   86,85
3606,87 ; 299,96 ;   7,664371 ;   77,41
3608,90 ; 299,99 ;   8,850074 ;   89,53
3610,94 ; 300,03 ;   7,553476 ;   76,57
3612,97 ; 300,10 ;   7,352837 ;   74,93
3615,00 ; 299,99 ;   6,862299 ;   69,45
3617,04 ; 299,97 ;   9,645058 ;   97,11
3619,07 ; 299,97 ;   8,356064 ;   84,84
3621,10 ; 300,09 ;   8,051122 ;   81,42
3623,14 ; 299,96 ;   6,163468 ;   62,79
3625,17 ; 300,04 ;   9,841004 ;   99,81
3627,20 ; 300,02 ;   6,862979 ;   69,09
3629,23 ; 300,03 ;   8,349544 ;   84,24
3631,27 ; 300,02 ;   7,757619 ;   78,32
3633,30 ; 299,99 ;   8,259103 ;   83,08
3635,33 ; 300,04 ;   8,358693 ;   84,52
3637,37 ; 299,97 ;   7,264469 ;   73,63
3639,40 ; 300,04 ;   9,049459 ;   91,67
3641,43 ; 300,01 ;   6,956729 ;   70,21
3643,47 ; 299,99 ;   8,448259 ;   85,46
3645,50 ; 299,91 ;   8,256957 ;   83,36
3647,53 ; 299,98 ;   9,252288 ;   93,51
3649,57 ; 299,99 ;   6,967829 ;   70,91
3651,60 ; 299,97 ;   7,858677 ;   79,96
3653,63 ; 300,01 ;   8,346258 ;   84,84
3655,67 ; 299,97 ;   7,455581 ;   75,20
3657,70 ; 300,03 ;   8,648805 ;   87,13
3659,73 ; 299,99 ;   7,059263 ;   71,47
3661,77 ; 300,03 ;   8,557244 ;   86,83
3663,80 ; 299,99 ;   7,361909 ;   74,90
3665,83 ; 299,98 ;   8,550058 ;   86,82
3667,87 ; 299,96 ;   8,153841 ;   82,35
3669,90 ; 300,02 ;   8,346119 ;   84,94
3671,93 ; 300,02 ;   7,160171 ;   72,82
3673,96 ; 300,05 ;   7,962136 ;   80,82
3676,00 ; 299,99 ;   7,363073 ;   74,60
3678,03 ; 299,99 ;   8,947865 ;   90,25
3680,06 ; 300,02 ;   8,053982 ;   81,10
3682,10 ; 299,98 ;   7,656515 ;   77,38
3684,13 ; 299,99 ;   8,448103 ;   85,78
3686,16 ; 299,99 ;   7,850525 ;   79,96
3688,20 ; 300,02 ;   8,052293 ;   81,11
3690,23 ; 299,99 ;   7,658746 ;   77,38
3692,26 ; 299,97 ;   8,358229 ;   84,54
3694,30 ; 300,02 ;   8,358745 ;   84,84
3696,33 ; 300,03 ;   7,260738 ;   73,96
3698,36 ; 299,99 ;   7,757555 ;   78,33
3700,40 ; 300,04 ;   8,547871 ;   86,82
3702,43 ; 299,99 ;   7,260947 ;   73,65
3704,46 ; 300,04 ;   8,653325 ;   87,95
3706,50 ; 300,02 ;   7,262491 ;   73,64
3708,53 ; 300,04 ;   8,358492 ;   84,22
3710,56 ; 300,08 ;   7,657423 ;   77,06
3712,60 ; 300,01 ;   7,363470 ;   74,26
3714,63 ; 299,98 ;   9,048035 ;   91,14
3716,66 ; 299,99 ;   8,356649 ;   84,58
3718,69 ; 299,97 ;   7,861149 ;   79,91
3720,73 ; 300,02 ;   8,360473 ;   84,79
3722,76 ; 300,03 ;   7,263636 ;   73,91
3724,79 ; 299,99 ;   7,757441 ;   78,28
3726,83 ; 299,97 ;   8,552180 ;   86,77
3728,86 ; 299,94 ;   8,360591 ;   84,78
3730,89 ; 300,04 ;   8,551446 ;   86,34
3732,93 ; 300,10 ;   6,459519 ;   65,63
3734,96 ; 300,02 ;   6,967634 ;   70,53
3736,99 ; 300,05 ;   9,251512 ;   93,32
3739,03 ; 300,03 ;   7,362248 ;   74,53
3741,06 ; 300,03 ;   8,256366 ;   83,96
3743,09 ; 299,99 ;   7,959971 ;   80,52
3745,13 ; 300,04 ;   8,551651 ;   86,72
3747,16 ; 300,05 ;   7,260959 ;   73,56
3749,19 ; 299,98 ;   7,656256 ;   77,92
3751,23 ; 300,10 ;   9,049452 ;   91,38
3753,26 ; 299,99 ;   6,164180 ;   62,45
3755,29 ; 299,99 ;   9,544868 ;   96,97
3757,33 ; 299,98 ;   7,950321 ;   80,97
3759,36 ; 299,97 ;   8,148193 ;   82,21
3761,39 ; 299,95 ;   8,243389 ;   83,56
3763,42 ; 300,01 ;   8,431659 ;   85,01
3765,46 ; 299,97 ;   7,043188 ;   71,65
3767,49 ; 300,04 ;   8,635872 ;   87,01
3769,52 ; 299,97 ;   6,953898 ;   70,12
3771,56 ; 299,96 ;   9,038581 ;   91,58
3773,59 ; 300,02 ;   8,137604 ;   82,54
3775,62 ; 299,96 ;   7,144812 ;   72,71
3777,66 ; 299,97 ;   8,839199 ;   89,41
3779,69 ; 299,96 ;   7,946531 ;   80,17
3781,72 ; 299,97 ;   8,140255 ;   82,57
3783,76 ; 299,96 ;   7,941192 ;   80,19
3785,79 ; 299,95 ;   8,142902 ;   82,58
3787,82 ; 299,99 ;   8,236508 ;   83,94
3789,86 ; 300,08 ;   7,352729 ;   74,21
3791,89 ; 300,02 ;   6,653620 ;   67,40
3793,92 ; 299,97 ;   8,832953 ;   89,89
3795,96 ; 300,03 ;   8,744266 ;   88,21
3797,99 ; 300,02 ;   7,049080 ;   71,41
3800,02 ; 299,94 ;   8,247519 ;   83,03
3802,05 ; 299,97 ;   9,244506 ;   93,17
3804,09 ; 299,97 ;   7,557099 ;   76,78
3806,12 ; 299,98 ;   8,046889 ;   81,36
3808,15 ; 300,01 ;   7,750355 ;   78,89
3810,19 ; 299,97 ;   7,650020 ;   77,45
3812,22 ; 299,98 ;   8,644865 ;   87,09
3814,25 ; 300,01 ;   7,753663 ;   78,90
3816,29 ; 299,99 ;   7,651756 ;   77,46
3818,32 ; 300,06 ;   8,240047 ;   83,37
3820,35 ; 300,04 ;   6,860939 ;   69,90
3822,39 ; 299,98 ;   8,248039 ;   83,90
3824,42 ; 300,06 ;   8,846224 ;   89,17
3826,45 ; 300,02 ;   6,759993 ;   68,74
3828,49 ; 300,02 ;   8,645680 ;   87,61
3830,52 ; 299,97 ;   7,957651 ;   80,75
3832,55 ; 299,97 ;   8,751023 ;   88,20
3834,59 ; 300,05 ;   8,048402 ;   81,35
3836,62 ; 299,99 ;   6,659107 ;   67,68
3838,65 ; 300,02 ;   8,934765 ;   90,19
3840,69 ; 299,98 ;   7,651129 ;   77,32
3842,72 ; 299,96 ;   8,446219 ;   85,72
3844,75 ; 299,96 ;   8,356211 ;   84,87
3846,78 ; 300,02 ;   8,049276 ;   81,45
3848,82 ; 300,04 ;   7,157242 ;   72,77
3850,85 ; 299,99 ;   7,653629 ;   77,03
3852,88 ; 299,99 ;   8,649592 ;   87,91
3854,92 ; 299,99 ;   8,051235 ;   81,05
3856,95 ; 300,03 ;   8,049635 ;   81,05
3858,98 ; 300,04 ;   7,351672 ;   74,84
3861,02 ; 300,09 ;   7,855927 ;   79,31
3863,05 ; 300,03 ;   7,158651 ;   72,99
3865,08 ; 300,03 ;   8,742484 ;   88,52
3867,12 ; 300,05 ;   7,955913 ;   80,51
3869,15 ; 299,97 ;   7,553270 ;   76,78
3871,18 ; 299,97 ;   9,239324 ;   93,87
3873,22 ; 299,97 ;   8,049797 ;   81,29
3875,25 ; 299,96 ;   8,052956 ;   81,30
3877,28 ; 299,95 ;   8,149424 ;   82,55
3879,32 ; 300,03 ;   8,254623 ;   83,91
3881,35 ; 299,95 ;   6,659901 ;   67,97
3883,38 ; 299,96 ;   9,345282 ;   94,21
3885,42 ; 299,98 ;   7,856444 ;   79,15
3887,45 ; 299,99 ;   7,654743 ;   77,72
3889,48 ; 299,98 ;   7,849667 ;   79,91
3891,51 ; 300,02 ;   8,153995 ;   82,30
3893,55 ; 299,99 ;   7,561971 ;   76,19
3895,58 ; 299,99 ;   8,345794 ;   84,48
3897,61 ; 300,05 ;   8,053502 ;   81,06
3899,65 ; 300,02 ;   7,067136 ;   71,11
3901,68 ; 299,98 ;   8,550205 ;   86,46
3903,71 ; 299,99 ;   8,456219 ;   85,71
3905,75 ; 299,99 ;   7,859725 ;   79,90
3907,78 ; 299,99 ;   8,060697 ;   81,05
3909,81 ; 300,02 ;   8,052158 ;   81,05
3911,85 ; 299,98 ;   7,656627 ;   77,32
3913,88 ; 299,98 ;   8,446537 ;   85,72
3915,91 ; 300,06 ;   8,052307 ;   81,15
3917,95 ; 299,96 ;   6,763856 ;   68,73
3919,98 ; 300,01 ;   9,543602 ;   96,30
3922,01 ; 299,99 ;   7,260832 ;   74,00
3924,05 ; 299,96 ;   8,256714 ;   83,34
3926,08 ; 299,92 ;   8,550724 ;   86,02
3928,11 ; 299,97 ;   8,649939 ;   87,67
3930,14 ; 299,98 ;   7,354617 ;   74,52
3932,18 ; 299,98 ;   7,758501 ;   78,90
3934,21 ; 299,99 ;   8,052218 ;   81,19
3936,24 ; 299,96 ;   7,861098 ;   79,95
3938,28 ; 299,97 ;   8,558285 ;   86,07
3940,31 ; 299,99 ;   7,953747 ;   80,26
3942,34 ; 299,98 ;   7,656830 ;   77,69
3944,38 ; 300,05 ;   8,153093 ;   82,36
3946,41 ; 300,08 ;   6,955947 ;   70,04
3948,44 ; 299,99 ;   7,555497 ;   76,58
3950,48 ; 300,02 ;   9,248432 ;   93,66
3952,51 ; 300,08 ;   7,658090 ;   77,36
3954,54 ; 299,99 ;   6,965579 ;   70,84
3956,58 ; 300,02 ;   9,249539 ;   93,64
3958,61 ; 300,03 ;   7,657436 ;   77,34
3960,64 ; 300,09 ;   7,758073 ;   78,28
3962,68 ; 300,05 ;   7,066629 ;   71,86
3964,71 ; 300,04 ;   8,355609 ;   84,81
3966,74 ; 299,97 ;   8,145884 ;   82,71
3968,78 ; 299,98 ;   9,049788 ;   91,59
3970,81 ; 300,02 ;   7,758879 ;   78,83
3972,84 ; 300,01 ;   7,556485 ;   76,15
3974,88 ; 299,97 ;   8,055177 ;   81,96
3976,91 ; 299,98 ;   8,653036 ;   87,03
3978,94 ; 300,04 ;   7,759988 ;   78,84
3980,97 ; 300,05 ;   7,161032 ;   72,43
3983,01 ; 300,02 ;   7,656882 ;   77,93
3985,04 ; 300,09 ;   8,549555 ;   86,42
3987,07 ; 300,03 ;   6,854966 ;   69,52
3989,11 ; 299,98 ;   8,753106 ;   88,49
3991,14 ; 299,96 ;   8,654095 ;   87,93
3993,17 ; 300,08 ;   8,358231 ;   84,81
3995,21 ; 300,05 ;   6,165670 ;   62,75
3997,24 ; 299,92 ;   8,248903 ;   83,60
3999,27 ; 299,96 ;   10,034191 ;  101,28
4001,31 ; 299,97 ;   7,462354 ;   75,65
4003,34 ; 299,91 ;   7,952747 ;   80,14
4005,37 ; 300,04 ;   8,854020 ;   89,99
4007,41 ; 300,03 ;   6,164298 ;   62,13
4009,44 ; 299,97 ;   8,048639 ;   81,65
4011,47 ; 299,94 ;   8,947832 ;   90,44
4013,51 ; 299,97 ;   8,551474 ;   86,27
4015,54 ; 299,99 ;   7,557000 ;   76,75
4017,57 ; 300,02 ;   7,658400 ;   77,60
4019,61 ; 299,99 ;   7,658352 ;   77,30
4021,64 ; 300,01 ;   8,357804 ;   84,45
4023,67 ; 299,99 ;   7,760024 ;   78,54
4025,70 ; 300,01 ;   8,256394 ;   83,31
4027,74 ; 299,95 ;   7,760447 ;   78,54
4029,77 ; 299,94 ;   8,947892 ;   90,77
4031,80 ; 299,97 ;   8,155297 ;   82,88
4033,84 ; 300,02 ;   7,557909 ;   76,78
4035,87 ; 299,96 ;   7,260796 ;   73,90
4037,90 ; 299,95 ;   8,854254 ;   89,45
4039,94 ; 299,95 ;   8,256173 ;   83,95
4041,97 ; 299,94 ;   8,056373 ;   81,68
4044,00 ; 300,02 ;   8,155158 ;   82,94
4046,04 ; 300,05 ;   6,866832 ;   69,38
4048,07 ; 300,02 ;   7,362056 ;   74,60
4050,10 ; 299,98 ;   8,550708 ;   86,51
4052,14 ; 300,09 ;   8,451888 ;   85,76
4054,17 ; 300,09 ;   6,466967 ;   65,03
4056,20 ; 299,99 ;   7,859410 ;   79,88
4058,24 ; 300,04 ;   9,344362 ;   94,77
4060,27 ; 300,03 ;   7,261210 ;   73,59
4062,30 ; 300,05 ;   8,053608 ;   81,69
4064,34 ; 300,02 ;   7,556519 ;   76,81
4066,37 ; 300,04 ;   8,552433 ;   86,44
4068,40 ; 299,98 ;   7,557895 ;   76,99
4070,43 ; 299,97 ;   8,848855 ;   89,11
4072,47 ; 300,05 ;   8,256399 ;   83,59
4074,50 ; 299,96 ;   6,664027 ;   67,65
4076,53 ; 299,96 ;   9,445520 ;   95,13
4078,57 ; 299,98 ;   8,064233 ;   81,41
4080,60 ; 299,97 ;   7,658108 ;   77,69
4082,63 ; 300,05 ;   8,253531 ;   83,61
4084,67 ; 300,01 ;   6,665037 ;   67,66
4086,70 ; 300,04 ;   8,646174 ;   87,68
4088,73 ; 300,02 ;   7,453438 ;   75,85
4090,77 ; 300,02 ;   8,357576 ;   84,14
4092,80 ; 300,02 ;   7,959107 ;   80,71
4094,83 ; 299,98 ;   7,951672 ;   80,70
4096,87 ; 299,99 ;   8,448474 ;   85,67
4098,90 ; 299,99 ;   7,850081 ;   79,86
4100,93 ; 299,98 ;   8,053427 ;   81,00
4102,97 ; 299,95 ;   8,153562 ;   82,25
4105,00 ; 299,90 ;   8,645209 ;   87,32
4107,03 ; 300,01 ;   8,852807 ;   89,08
4109,07 ; 299,90 ;   6,365456 ;   64,85
4111,10 ; 299,98 ;   9,736418 ;   98,26
4113,13 ; 299,95 ;   6,762734 ;   68,60
4115,16 ; 300,05 ;   8,649751 ;   87,39
4117,20 ; 300,01 ;   6,364063 ;   64,28
4119,23 ; 299,94 ;   8,648748 ;   87,73
4121,26 ; 299,95 ;   9,146382 ;   92,06
4123,30 ; 299,96 ;   7,951229 ;   80,55
4125,33 ; 299,97 ;   7,858640 ;   79,22
4127,36 ; 300,01 ;   7,957498 ;   80,27
4129,40 ; 300,01 ;   7,453591 ;   75,21
4131,43 ; 299,97 ;   7,958517 ;   80,92
4133,46 ; 300,01 ;   8,639926 ;   87,13
4135,50 ; 300,08 ;   7,453276 ;   75,21
4137,53 ; 300,01 ;   6,862996 ;   69,74
4139,56 ; 300,02 ;   9,046479 ;   91,19
4141,60 ; 300,01 ;   7,849726 ;   79,66
4143,63 ; 299,98 ;   8,152465 ;   82,04
4145,66 ; 299,99 ;   8,345310 ;   84,63
4147,70 ; 300,15 ;   7,859741 ;   79,96
4149,73 ; 300,02 ;   5,576668 ;   56,24
4151,76 ; 300,02 ;   9,940884 ;  100,21
4153,80 ; 300,03 ;   7,957648 ;   80,76
4155,83 ; 300,05 ;   7,756377 ;   78,27
4157,86 ; 300,01 ;   7,560562 ;   76,82
4159,89 ; 299,99 ;   8,648523 ;   87,69
4161,93 ; 300,03 ;   8,244176 ;   83,32
4163,96 ; 299,99 ;   7,348487 ;   74,82
4165,99 ; 299,99 ;   8,546741 ;   86,74
4168,03 ; 299,99 ;   8,048933 ;   81,03
4170,06 ; 299,98 ;   8,052872 ;   81,03
4172,09 ; 300,12 ;   8,150081 ;   82,28
4174,13 ; 299,95 ;   5,967866 ;   60,01
4176,16 ; 299,99 ;   10,528119 ;  106,76
4178,19 ; 300,04 ;   7,353389 ;   74,16
4180,23 ; 299,98 ;   7,246056 ;   73,57
4182,26 ; 300,04 ;   8,834870 ;   89,12
4184,29 ; 299,99 ;   7,151716 ;   72,42
4186,33 ; 299,97 ;   8,633864 ;   87,87
4188,36 ; 299,98 ;   8,338454 ;   84,74
4190,39 ; 299,97 ;   7,741703 ;   78,83
4192,43 ; 299,97 ;   8,233335 ;   83,61
4194,46 ; 300,03 ;   8,043261 ;   81,33
4196,49 ; 299,97 ;   7,050160 ;   71,39
4198,53 ; 299,97 ;   8,938480 ;   90,48
4200,56 ; 299,92 ;   8,043792 ;   81,34
4202,59 ; 300,03 ;   8,737198 ;   88,80
4204,62 ; 300,03 ;   6,360430 ;   64,55
4206,66 ; 300,04 ;   7,944773 ;   80,56
4208,69 ; 299,98 ;   7,848899 ;   79,31
4210,72 ; 299,95 ;   8,836240 ;   89,14
4212,76 ; 300,04 ;   8,645139 ;   87,36
4214,79 ; 299,99 ;   6,553964 ;   66,75
4216,82 ; 299,98 ;   8,642885 ;   87,91
4218,86 ; 300,02 ;   8,146291 ;   82,29
4220,89 ; 299,97 ;   7,549475 ;   76,18
4222,92 ; 300,03 ;   8,737574 ;   88,21
4224,96 ; 300,01 ;   7,062353 ;   71,41
4226,99 ; 300,02 ;   8,347846 ;   84,28
4229,02 ; 300,03 ;   7,845411 ;   79,60
4231,06 ; 300,02 ;   7,753539 ;   78,26
4233,09 ; 299,97 ;   8,241890 ;   83,02
4235,12 ; 299,99 ;   8,737845 ;   88,19
4237,16 ; 299,97 ;   7,644995 ;   77,61
4239,19 ; 299,99 ;   8,352451 ;   84,77
4241,22 ; 300,05 ;   7,654217 ;   77,62
4243,26 ; 300,01 ;   7,053540 ;   71,11
4245,29 ; 300,01 ;   8,646777 ;   87,70
4247,32 ; 300,02 ;   7,948252 ;   80,84
4249,35 ; 300,06 ;   7,846957 ;   79,59
4251,39 ; 300,09 ;   7,257064 ;   73,27
4253,42 ; 299,99 ;   7,559225 ;   76,39
4255,45 ; 300,09 ;   9,341351 ;   94,70
4257,49 ; 299,99 ;   6,566030 ;   66,07
4259,52 ; 300,03 ;   9,326566 ;   94,68
4261,55 ; 300,01 ;   7,349150 ;   74,76
4263,59 ; 300,01 ;   8,344948 ;   84,20
4265,62 ; 299,97 ;   7,958466 ;   80,76
4267,65 ; 299,96 ;   8,554589 ;   86,98
4269,69 ; 300,05 ;   8,153856 ;   82,51
4271,72 ; 299,98 ;   6,568490 ;   66,47
4273,75 ; 300,02 ;   9,039356 ;   91,35
4275,79 ; 299,98 ;   7,554827 ;   76,10
4277,82 ; 299,99 ;   8,446093 ;   85,64
4279,85 ; 299,98 ;   7,848590 ;   79,83
4281,89 ; 300,04 ;   8,154325 ;   82,21
4283,92 ; 300,01 ;   7,165082 ;   72,38
4285,95 ; 300,02 ;   8,443499 ;   85,34
4287,99 ; 299,99 ;   7,849196 ;   79,52
4290,02 ; 299,97 ;   8,344650 ;   84,39
4292,05 ; 299,96 ;   8,343521 ;   84,69
4294,08 ; 299,94 ;   8,140140 ;   82,51
