Tempo total (s) ;Temperatura (ºC) ; Potencia atual (W) ; Saida
P:  12.50 I: 100.00 D:  23.80 Tensão:5.233 V
2,03 ; 299,90 ;   8,646435 ;   89,63
4,07 ; 299,96 ;   8,934721 ;   92,43
6,10 ; 299,96 ;   7,391220 ;   76,80
8,13 ; 299,92 ;   8,255914 ;   85,96
10,17 ; 299,96 ;   8,944084 ;   92,18
12,20 ; 300,01 ;   7,771433 ;   80,27
14,23 ; 299,97 ;   7,574734 ;   78,54
16,27 ; 299,95 ;   8,841983 ;   91,61
18,30 ; 299,96 ;   8,643678 ;   89,63
20,33 ; 299,95 ;   8,067539 ;   83,73
22,37 ; 299,96 ;   8,546031 ;   88,51
24,40 ; 299,91 ;   8,058592 ;   83,75
26,43 ; 299,92 ;   9,029518 ;   93,50
28,47 ; 299,97 ;   8,257579 ;   85,43
30,50 ; 299,94 ;   7,665132 ;   79,14
32,53 ; 299,91 ;   8,725016 ;   90,97
34,57 ; 299,94 ;   8,725372 ;   90,14
36,60 ; 299,97 ;   8,053094 ;   83,01
38,63 ; 299,95 ;   7,856141 ;   81,48
40,67 ; 299,94 ;   8,625653 ;   89,79
42,70 ; 299,96 ;   8,419064 ;   87,62
44,73 ; 299,89 ;   7,938833 ;   82,76
46,76 ; 299,98 ;   9,384289 ;   97,38
48,80 ; 300,08 ;   6,971287 ;   72,21
50,83 ; 300,05 ;   6,872736 ;   71,02
52,86 ; 300,01 ;   8,498972 ;   88,45
54,90 ; 299,89 ;   8,882203 ;   92,46
56,93 ; 300,03 ;   10,052251 ;  104,25
58,96 ; 300,01 ;   6,201798 ;   64,76
61,00 ; 299,94 ;   8,597188 ;   89,05
63,03 ; 299,97 ;   9,278634 ;   96,80
65,06 ; 299,92 ;   7,829576 ;   81,56
67,10 ; 299,94 ;   8,956411 ;   93,59
69,13 ; 299,97 ;   8,077916 ;   84,27
71,16 ; 299,91 ;   7,755142 ;   81,60
73,20 ; 299,89 ;   9,036644 ;   94,88
75,23 ; 299,88 ;   8,673125 ;   90,63
77,26 ; 299,92 ;   8,571122 ;   89,71
79,30 ; 299,92 ;   7,707058 ;   80,01
81,33 ; 299,91 ;   8,282591 ;   86,88
83,36 ; 299,88 ;   8,475279 ;   88,14
85,40 ; 299,94 ;   8,959518 ;   93,24
87,43 ; 299,87 ;   7,419508 ;   77,61
89,46 ; 299,88 ;   9,354063 ;   97,95
91,50 ; 299,82 ;   8,288488 ;   86,46
93,53 ; 299,80 ;   9,248973 ;   96,33
95,56 ; 299,87 ;   8,672251 ;   90,86
97,60 ; 299,91 ;   7,520573 ;   78,68
99,63 ; 299,80 ;   7,715930 ;   80,41
101,66 ; 299,88 ;   10,125833 ;  105,92
103,70 ; 299,85 ;   7,328521 ;   76,40
105,73 ; 299,88 ;   8,767723 ;   91,60
107,76 ; 299,88 ;   8,090891 ;   84,48
109,80 ; 299,88 ;   8,391830 ;   87,94
111,83 ; 299,89 ;   8,378757 ;   87,97
113,86 ; 299,84 ;   8,216312 ;   85,52
115,90 ; 299,83 ;   9,153371 ;   95,29
117,93 ; 299,90 ;   8,686309 ;   90,95
119,96 ; 299,95 ;   7,439985 ;   77,52
121,99 ; 299,90 ;   7,712996 ;   80,38
124,03 ; 299,99 ;   9,095411 ;   94,71
126,06 ; 300,01 ;   6,973604 ;   72,96
128,09 ; 299,92 ;   8,139434 ;   84,20
130,13 ; 299,89 ;   9,674513 ;  100,15
132,16 ; 299,94 ;   8,934110 ;   92,57
134,19 ; 299,96 ;   7,758480 ;   80,57
136,23 ; 299,96 ;   8,033587 ;   83,72
138,26 ; 299,91 ;   8,417247 ;   87,16
140,29 ; 299,90 ;   9,100187 ;   94,62
142,33 ; 299,94 ;   8,730656 ;   90,27
144,36 ; 299,95 ;   7,847607 ;   81,80
146,39 ; 299,94 ;   8,313767 ;   86,28
148,43 ; 299,91 ;   8,505445 ;   88,68
150,46 ; 299,98 ;   8,792564 ;   91,29
152,49 ; 299,98 ;   7,378872 ;   76,70
154,53 ; 300,04 ;   8,316119 ;   86,99
156,56 ; 299,91 ;   7,528260 ;   78,29
158,59 ; 299,94 ;   10,197955 ;  106,16
160,63 ; 299,99 ;   8,117847 ;   84,17
162,66 ; 299,89 ;   7,515543 ;   78,91
164,69 ; 299,89 ;   9,906545 ;  103,07
166,73 ; 299,96 ;   8,497414 ;   88,24
168,76 ; 299,97 ;   7,415295 ;   77,08
170,79 ; 300,01 ;   8,296093 ;   86,14
172,83 ; 299,99 ;   7,821697 ;   81,08
174,86 ; 299,94 ;   8,582063 ;   89,28
176,89 ; 299,97 ;   9,168946 ;   95,69
178,93 ; 299,92 ;   7,915231 ;   82,74
180,96 ; 300,01 ;   9,051066 ;   94,78
182,99 ; 299,97 ;   7,127909 ;   74,27
185,03 ; 299,95 ;   8,973908 ;   93,05
187,06 ; 299,94 ;   8,768484 ;   91,07
189,09 ; 299,95 ;   8,468585 ;   88,90
191,13 ; 299,97 ;   8,293038 ;   86,53
193,16 ; 300,02 ;   7,966811 ;   83,96
195,19 ; 299,97 ;   7,585863 ;   79,94
197,22 ; 299,94 ;   9,019981 ;   94,25
199,26 ; 299,97 ;   8,869046 ;   92,37
201,29 ; 300,04 ;   7,924065 ;   82,84
203,32 ; 299,97 ;   7,345194 ;   76,24
205,36 ; 299,98 ;   9,361690 ;   97,70
207,39 ; 299,98 ;   8,088562 ;   84,93
209,42 ; 299,92 ;   8,368507 ;   87,22
211,46 ; 300,03 ;   9,331355 ;   97,17
213,49 ; 299,90 ;   6,723733 ;   70,65
215,52 ; 299,95 ;   10,282392 ;  107,78
217,56 ; 299,97 ;   7,713817 ;   80,91
219,59 ; 299,96 ;   8,084604 ;   84,05
221,62 ; 299,98 ;   8,477689 ;   88,73
223,66 ; 299,91 ;   7,966661 ;   83,87
225,69 ; 299,96 ;   9,416419 ;   98,48
227,72 ; 299,92 ;   7,684685 ;   80,76
229,76 ; 300,04 ;   8,941541 ;   93,85
231,79 ; 300,01 ;   6,625987 ;   69,52
233,82 ; 299,90 ;   8,742425 ;   91,62
235,86 ; 299,95 ;   10,028420 ;  104,44
237,89 ; 299,94 ;   7,806076 ;   81,01
239,92 ; 299,92 ;   8,547226 ;   89,12
241,96 ; 299,92 ;   8,641714 ;   90,48
243,99 ; 299,89 ;   8,456628 ;   88,21
246,02 ; 299,95 ;   8,945745 ;   93,20
248,06 ; 299,96 ;   7,595884 ;   79,96
250,09 ; 299,91 ;   8,186768 ;   85,49
252,12 ; 299,88 ;   9,149699 ;   95,24
254,15 ; 299,92 ;   9,078622 ;   94,62
256,19 ; 299,89 ;   7,794397 ;   81,48
258,22 ; 299,88 ;   8,957345 ;   93,33
260,25 ; 299,97 ;   8,776758 ;   91,27
262,29 ; 299,91 ;   7,151119 ;   74,10
264,32 ; 299,99 ;   9,246121 ;   96,53
266,35 ; 299,97 ;   7,352481 ;   76,12
268,39 ; 300,01 ;   8,778321 ;   91,28
270,42 ; 300,01 ;   7,830804 ;   81,65
272,45 ; 299,96 ;   8,401395 ;   87,36
274,49 ; 299,88 ;   9,089232 ;   94,82
276,52 ; 300,01 ;   9,778969 ;  101,63
278,55 ; 299,95 ;   6,498692 ;   67,96
280,59 ; 299,97 ;   9,389601 ;   97,34
282,62 ; 300,01 ;   8,141123 ;   84,48
284,65 ; 299,99 ;   7,852431 ;   81,71
286,69 ; 300,08 ;   8,628670 ;   89,90
288,72 ; 299,96 ;   7,072481 ;   73,95
290,75 ; 299,97 ;   10,179548 ;  105,14
292,79 ; 300,06 ;   8,353093 ;   86,76
294,82 ; 299,98 ;   7,090178 ;   73,01
296,85 ; 300,01 ;   9,606597 ;   99,14
298,89 ; 300,05 ;   8,061388 ;   83,98
300,92 ; 300,08 ;   7,671355 ;   79,95
302,95 ; 300,04 ;   8,056570 ;   83,06
304,99 ; 300,04 ;   8,931310 ;   92,68
307,02 ; 300,01 ;   8,350245 ;   86,96
309,05 ; 300,02 ;   8,834015 ;   91,92
311,09 ; 300,08 ;   8,356393 ;   86,11
313,12 ; 300,01 ;   7,489556 ;   77,30
315,15 ; 300,09 ;   9,428040 ;   97,61
317,19 ; 300,09 ;   7,196121 ;   74,89
319,22 ; 299,95 ;   8,363808 ;   86,30
321,25 ; 300,05 ;   10,490729 ;  108,65
323,29 ; 300,06 ;   6,808522 ;   70,69
325,32 ; 300,01 ;   8,263716 ;   85,44
327,35 ; 300,05 ;   9,239136 ;   95,27
329,39 ; 300,13 ;   7,680904 ;   79,81
331,42 ; 300,02 ;   7,282339 ;   75,47
333,45 ; 300,04 ;   10,003537 ;  103,13
335,49 ; 300,10 ;   8,067584 ;   83,38
337,52 ; 300,08 ;   7,396059 ;   76,86
339,55 ; 300,12 ;   8,651947 ;   89,71
341,58 ; 300,15 ;   7,776421 ;   80,05
343,62 ; 300,10 ;   7,784558 ;   80,76
345,65 ; 300,08 ;   8,955797 ;   92,75
347,68 ; 300,08 ;   8,669201 ;   89,59
349,72 ; 300,10 ;   8,374277 ;   86,15
351,75 ; 300,12 ;   7,985800 ;   82,39
353,78 ; 300,14 ;   8,084893 ;   83,32
355,82 ; 300,06 ;   7,891003 ;   81,84
357,85 ; 300,08 ;   9,446969 ;   97,67
359,88 ; 300,15 ;   8,094723 ;   83,73
361,92 ; 300,08 ;   7,219439 ;   74,81
363,95 ; 300,08 ;   9,367992 ;   96,24
365,98 ; 300,14 ;   8,305678 ;   85,94
368,02 ; 300,09 ;   7,330401 ;   75,97
370,05 ; 300,10 ;   9,085513 ;   93,78
372,08 ; 300,16 ;   8,110739 ;   83,28
374,12 ; 300,14 ;   7,334405 ;   75,59
376,15 ; 300,08 ;   8,597546 ;   88,43
378,18 ; 300,12 ;   9,188711 ;   94,91
380,22 ; 300,08 ;   7,718253 ;   79,53
382,25 ; 300,15 ;   8,891774 ;   91,42
384,28 ; 300,10 ;   7,235101 ;   74,50
386,32 ; 300,10 ;   8,990998 ;   92,21
388,35 ; 300,08 ;   8,302905 ;   85,33
390,38 ; 300,03 ;   8,700353 ;   89,03
392,42 ; 300,09 ;   9,093104 ;   93,04
394,45 ; 300,16 ;   7,532802 ;   77,47
396,48 ; 300,14 ;   7,136112 ;   73,03
398,52 ; 300,09 ;   8,599176 ;   88,14
400,55 ; 300,10 ;   9,092415 ;   93,37
402,58 ; 300,10 ;   8,014709 ;   82,87
404,62 ; 300,15 ;   8,304197 ;   85,13
406,65 ; 300,17 ;   7,528702 ;   77,65
408,68 ; 300,08 ;   7,825587 ;   80,74
410,72 ; 300,09 ;   9,675950 ;   99,03
412,75 ; 300,16 ;   8,213194 ;   84,06
414,78 ; 300,17 ;   7,046020 ;   72,74
416,82 ; 300,16 ;   8,021491 ;   82,90
418,85 ; 300,12 ;   8,305347 ;   85,24
420,88 ; 300,15 ;   8,895111 ;   91,52
422,91 ; 300,06 ;   7,728770 ;   79,65
424,95 ; 300,14 ;   9,490823 ;   97,85
426,98 ; 300,15 ;   7,045203 ;   72,84
429,01 ; 300,09 ;   8,022631 ;   82,99
431,05 ; 300,15 ;   9,194739 ;   94,04
433,08 ; 300,14 ;   7,238734 ;   74,93
435,11 ; 300,16 ;   8,306182 ;   85,28
437,15 ; 300,12 ;   7,806013 ;   80,37
439,18 ; 300,13 ;   8,886339 ;   91,22
441,21 ; 300,03 ;   8,110140 ;   83,09
443,25 ; 300,15 ;   9,668379 ;   99,11
445,28 ; 300,08 ;   6,446313 ;   66,73
447,31 ; 300,09 ;   9,291909 ;   95,03
449,35 ; 300,12 ;   8,112486 ;   83,49
451,38 ; 300,09 ;   7,715731 ;   79,64
453,41 ; 300,06 ;   8,701360 ;   89,15
455,45 ; 300,06 ;   8,600982 ;   88,28
457,48 ; 300,03 ;   8,203511 ;   84,84
459,51 ; 300,08 ;   8,700993 ;   89,79
461,55 ; 300,06 ;   7,526060 ;   77,76
463,58 ; 300,02 ;   8,512958 ;   87,08
465,61 ; 300,08 ;   8,996323 ;   92,23
467,65 ; 300,09 ;   7,340329 ;   75,43
469,68 ; 300,03 ;   8,120569 ;   83,31
471,71 ; 300,13 ;   9,098958 ;   93,14
473,75 ; 300,09 ;   6,843512 ;   70,21
475,78 ; 300,09 ;   8,802221 ;   90,11
477,81 ; 300,09 ;   8,222472 ;   84,37
479,85 ; 300,12 ;   8,216447 ;   84,35
481,88 ; 300,09 ;   7,726706 ;   79,36
483,91 ; 300,09 ;   8,597758 ;   88,87
485,95 ; 300,09 ;   8,213243 ;   84,28
487,98 ; 300,06 ;   8,211543 ;   84,26
490,01 ; 300,17 ;   8,507542 ;   87,96
492,05 ; 300,05 ;   6,562252 ;   67,11
494,08 ; 300,09 ;   9,878388 ;  101,71
496,11 ; 300,08 ;   7,728438 ;   79,59
498,15 ; 300,03 ;   8,322019 ;   85,38
500,18 ; 300,04 ;   8,888827 ;   91,67
502,21 ; 300,04 ;   8,107435 ;   83,57
504,25 ; 300,01 ;   8,209086 ;   84,70
506,28 ; 300,02 ;   8,694595 ;   89,66
508,31 ; 300,04 ;   8,113893 ;   83,84
510,34 ; 299,96 ;   7,921438 ;   81,25
512,38 ; 300,03 ;   9,473842 ;   97,10
514,41 ; 300,09 ;   7,233638 ;   74,50
516,45 ; 300,05 ;   7,434179 ;   76,07
518,48 ; 300,02 ;   8,701837 ;   89,03
520,51 ; 299,99 ;   8,802717 ;   90,65
522,54 ; 300,02 ;   8,601012 ;   88,66
524,58 ; 299,99 ;   7,917942 ;   81,51
526,61 ; 300,06 ;   8,604569 ;   88,66
528,64 ; 300,04 ;   7,232528 ;   74,05
530,68 ; 300,02 ;   8,600964 ;   88,05
532,71 ; 300,04 ;   8,604233 ;   88,34
534,74 ; 300,06 ;   7,926945 ;   81,18
536,78 ; 300,08 ;   7,825739 ;   80,87
538,81 ; 300,02 ;   7,918637 ;   81,80
540,84 ; 300,03 ;   9,199953 ;   94,00
542,88 ; 300,12 ;   8,029667 ;   82,37
544,91 ; 300,05 ;   6,850980 ;   70,98
546,94 ; 300,04 ;   9,091803 ;   93,46
548,98 ; 299,98 ;   8,411943 ;   86,79
551,01 ; 300,08 ;   9,090292 ;   93,20
553,04 ; 299,96 ;   6,852285 ;   70,29
555,08 ; 300,04 ;   9,981179 ;  102,62
557,11 ; 300,03 ;   7,133839 ;   73,06
559,14 ; 300,06 ;   8,310498 ;   85,72
561,18 ; 299,99 ;   7,720886 ;   79,60
563,21 ; 300,02 ;   9,280139 ;   95,34
565,24 ; 299,99 ;   7,921969 ;   81,33
567,28 ; 299,96 ;   8,611495 ;   88,48
569,31 ; 299,97 ;   8,802341 ;   90,02
571,34 ; 299,95 ;   8,220320 ;   84,22
573,38 ; 300,01 ;   8,713594 ;   89,10
575,41 ; 300,01 ;   7,345574 ;   75,74
577,44 ; 299,99 ;   8,229012 ;   84,88
579,48 ; 300,05 ;   8,515796 ;   87,37
581,51 ; 300,02 ;   7,337751 ;   75,14
583,54 ; 300,08 ;   8,810379 ;   90,48
585,58 ; 300,06 ;   7,248307 ;   74,82
587,61 ; 299,99 ;   8,423633 ;   86,43
589,64 ; 300,01 ;   9,308182 ;   95,32
591,68 ; 299,99 ;   8,035087 ;   82,55
593,71 ; 300,04 ;   8,516094 ;   87,31
595,74 ; 300,04 ;   7,540873 ;   77,58
597,78 ; 300,05 ;   8,225911 ;   84,42
599,81 ; 300,02 ;   7,933368 ;   81,93
601,84 ; 300,06 ;   8,808884 ;   90,41
603,88 ; 299,99 ;   7,542232 ;   77,24
605,91 ; 300,01 ;   9,293537 ;   95,26
607,94 ; 299,99 ;   8,021710 ;   82,49
609,98 ; 299,99 ;   8,516366 ;   87,26
612,01 ; 300,01 ;   8,222099 ;   84,98
614,04 ; 300,05 ;   8,026648 ;   82,50
616,07 ; 300,03 ;   7,536654 ;   77,32
618,11 ; 299,98 ;   8,524187 ;   87,90
620,14 ; 299,95 ;   8,907767 ;   91,91
622,18 ; 300,03 ;   8,910147 ;   91,28
624,21 ; 299,99 ;   6,945104 ;   71,91
626,24 ; 300,01 ;   8,804786 ;   90,68
628,27 ; 299,98 ;   8,022742 ;   82,48
630,31 ; 299,97 ;   8,611991 ;   88,50
632,34 ; 299,95 ;   8,512872 ;   87,56
634,37 ; 299,95 ;   8,707244 ;   89,01
636,41 ; 299,98 ;   8,320453 ;   85,59
638,44 ; 300,02 ;   7,724113 ;   79,39
640,47 ; 300,05 ;   7,829979 ;   80,14
642,51 ; 299,99 ;   7,633123 ;   78,50
644,54 ; 300,12 ;   9,201331 ;   94,14
646,57 ; 300,08 ;   6,364311 ;   65,12
648,61 ; 300,01 ;   8,698434 ;   89,59
650,64 ; 299,99 ;   9,289692 ;   95,04
652,67 ; 300,01 ;   8,506584 ;   87,23
654,71 ; 300,08 ;   8,022243 ;   82,46
656,74 ; 300,05 ;   7,140547 ;   73,56
658,77 ; 300,04 ;   8,503284 ;   87,56
660,81 ; 300,03 ;   8,396931 ;   86,60
662,84 ; 299,99 ;   8,304800 ;   85,55
664,87 ; 300,06 ;   8,800388 ;   90,61
666,91 ; 300,03 ;   7,135845 ;   73,71
668,94 ; 299,94 ;   8,599514 ;   88,95
670,97 ; 299,94 ;   9,681942 ;   99,28
673,01 ; 300,02 ;   8,323098 ;   85,58
675,04 ; 300,02 ;   7,152258 ;   73,17
677,07 ; 299,96 ;   8,223730 ;   84,60
679,11 ; 300,03 ;   9,100345 ;   93,29
681,14 ; 300,01 ;   7,246836 ;   74,11
683,17 ; 300,06 ;   8,613805 ;   88,13
685,21 ; 300,02 ;   7,336315 ;   76,00
687,24 ; 300,03 ;   8,908469 ;   91,44
689,27 ; 300,04 ;   8,028681 ;   82,09
691,31 ; 300,02 ;   8,129075 ;   83,13
693,34 ; 300,06 ;   8,524785 ;   87,99
695,37 ; 299,99 ;   7,535285 ;   77,10
697,41 ; 299,95 ;   9,307759 ;   95,13
699,44 ; 300,01 ;   9,016134 ;   92,29
701,47 ; 300,03 ;   7,346926 ;   75,51
703,51 ; 300,06 ;   7,830872 ;   80,92
705,54 ; 300,02 ;   7,733549 ;   79,38
707,57 ; 300,02 ;   8,904911 ;   91,38
709,61 ; 299,90 ;   8,224231 ;   84,52
711,64 ; 300,03 ;   10,077704 ;  103,15
713,67 ; 300,01 ;   6,265453 ;   64,91
715,71 ; 299,96 ;   8,607658 ;   88,07
717,74 ; 299,97 ;   9,009607 ;   92,09
719,77 ; 300,02 ;   8,225071 ;   84,00
721,81 ; 300,06 ;   7,538160 ;   77,69
723,84 ; 300,06 ;   7,546298 ;   77,09
725,87 ; 300,08 ;   8,129454 ;   83,94
727,91 ; 300,01 ;   7,934670 ;   81,43
729,94 ; 299,95 ;   9,203317 ;   94,89
731,97 ; 299,96 ;   9,206612 ;   94,53
734,01 ; 299,97 ;   8,028983 ;   82,92
736,04 ; 300,03 ;   8,130662 ;   83,98
738,07 ; 299,94 ;   7,345951 ;   75,18
740,10 ; 300,01 ;   9,689028 ;   99,24
742,14 ; 300,05 ;   7,244237 ;   74,35
744,17 ; 300,03 ;   7,533232 ;   77,18
746,20 ; 300,05 ;   8,520535 ;   87,75
748,24 ; 300,03 ;   7,833765 ;   80,59
750,27 ; 300,03 ;   8,511631 ;   87,73
752,30 ; 300,02 ;   8,223662 ;   84,29
754,34 ; 300,04 ;   8,422550 ;   86,77
756,37 ; 299,97 ;   7,827818 ;   80,75
758,40 ; 299,99 ;   9,303864 ;   95,35
760,44 ; 300,06 ;   7,926435 ;   81,35
762,47 ; 300,05 ;   7,150330 ;   73,59
764,50 ; 300,02 ;   8,328486 ;   85,11
766,54 ; 300,03 ;   8,816723 ;   90,16
768,57 ; 300,02 ;   7,928647 ;   81,96
770,60 ; 300,08 ;   8,416635 ;   86,72
772,64 ; 300,06 ;   7,238989 ;   74,49
774,67 ; 300,01 ;   8,421294 ;   86,10
776,70 ; 299,94 ;   9,010028 ;   92,50
778,74 ; 299,96 ;   9,306638 ;   95,68
780,77 ; 299,98 ;   7,931992 ;   81,68
782,80 ; 300,06 ;   7,923626 ;   81,39
784,84 ; 299,97 ;   7,054856 ;   72,39
786,87 ; 300,01 ;   9,593496 ;   98,73
788,90 ; 299,99 ;   7,630378 ;   78,80
790,94 ; 299,94 ;   8,405557 ;   87,00
792,97 ; 298,48 ;   9,106254 ;   93,42
795,00 ; 296,34 ;   12,103335 ;  125,00
797,04 ; 293,84 ;   12,105338 ;  125,00
799,07 ; 291,45 ;   12,104036 ;  125,00
801,10 ; 289,41 ;   12,102576 ;  125,00
803,14 ; 287,57 ;   12,105121 ;  125,00
805,17 ; 286,00 ;   12,103153 ;  125,00
807,20 ; 284,66 ;   12,104936 ;  125,00
809,24 ; 283,41 ;   12,107029 ;  125,00
811,27 ; 282,45 ;   12,114382 ;  125,00
813,30 ; 281,55 ;   12,115276 ;  125,00
815,34 ; 280,81 ;   12,105737 ;  125,00
817,37 ; 280,36 ;   12,105459 ;  125,00
819,40 ; 279,95 ;   12,107807 ;  125,00
821,44 ; 279,45 ;   12,104732 ;  125,00
823,47 ; 279,07 ;   12,109286 ;  125,00
825,50 ; 278,93 ;   12,106780 ;  125,00
827,54 ; 278,73 ;   12,107956 ;  125,00
829,57 ; 278,66 ;   12,107233 ;  125,00
831,60 ; 278,64 ;   12,110816 ;  125,00
833,64 ; 278,73 ;   12,109085 ;  125,00
835,67 ; 278,71 ;   12,111827 ;  125,00
837,70 ; 278,96 ;   12,110598 ;  125,00
839,74 ; 279,02 ;   12,108153 ;  125,00
841,77 ; 279,20 ;   12,108904 ;  125,00
843,80 ; 279,44 ;   12,107656 ;  125,00
845,84 ; 279,82 ;   12,110696 ;  125,00
847,87 ; 280,02 ;   12,109417 ;  125,00
849,90 ; 280,31 ;   12,107260 ;  125,00
851,94 ; 280,63 ;   12,107436 ;  125,00
853,97 ; 280,98 ;   12,107118 ;  125,00
856,00 ; 281,42 ;   12,111753 ;  125,00
858,04 ; 281,84 ;   12,089829 ;  125,00
860,07 ; 282,17 ;   12,079260 ;  125,00
862,10 ; 282,56 ;   12,089741 ;  125,00
864,14 ; 283,05 ;   12,093593 ;  125,00
866,17 ; 283,50 ;   12,094443 ;  125,00
868,20 ; 283,94 ;   12,089228 ;  125,00
870,24 ; 284,37 ;   12,092191 ;  125,00
872,27 ; 284,88 ;   12,093934 ;  125,00
874,30 ; 285,29 ;   11,450627 ;  117,39
876,34 ; 285,86 ;   12,106876 ;  125,00
878,37 ; 286,36 ;   9,401659 ;   96,98
880,40 ; 286,89 ;   10,184603 ;  104,33
882,44 ; 287,36 ;   9,418046 ;   96,56
884,47 ; 287,80 ;   10,099818 ;  103,05
886,50 ; 288,31 ;   10,296015 ;  105,23
888,54 ; 288,81 ;   8,825942 ;   90,36
890,57 ; 289,21 ;   8,732294 ;   89,20
892,60 ; 289,66 ;   9,906375 ;  101,82
894,64 ; 290,09 ;   8,833091 ;   90,78
896,67 ; 290,48 ;   8,925063 ;   91,39
898,70 ; 290,94 ;   9,216591 ;   94,61
900,74 ; 291,28 ;   8,045768 ;   82,10
902,77 ; 291,63 ;   9,416680 ;   96,05
904,80 ; 292,01 ;   9,127206 ;   93,86
906,84 ; 292,28 ;   8,347241 ;   85,39
908,87 ; 292,64 ;   9,720604 ;   99,96
910,90 ; 292,90 ;   8,245871 ;   84,74
912,94 ; 293,21 ;   9,620969 ;   98,21
914,97 ; 293,47 ;   8,641031 ;   88,00
917,00 ; 293,68 ;   9,229882 ;   94,44
919,04 ; 293,97 ;   9,811625 ;  100,29
921,07 ; 294,23 ;   8,440870 ;   86,76
923,10 ; 294,41 ;   8,738932 ;   89,58
925,14 ; 294,67 ;   9,821546 ;  100,19
927,17 ; 294,92 ;   8,348019 ;   85,66
929,20 ; 295,07 ;   8,447432 ;   86,10
931,24 ; 295,29 ;   9,818787 ;  100,36
933,27 ; 295,39 ;   8,640392 ;   88,55
935,30 ; 295,71 ;   10,301894 ;  105,58
937,34 ; 295,84 ;   6,877699 ;   70,66
939,37 ; 296,05 ;   9,527483 ;   97,49
941,40 ; 296,26 ;   8,247239 ;   84,44
943,44 ; 296,41 ;   8,146932 ;   83,98
945,47 ; 296,55 ;   8,739533 ;   89,80
947,50 ; 296,67 ;   9,028364 ;   92,45
949,54 ; 296,80 ;   9,027739 ;   92,88
951,57 ; 296,95 ;   8,836850 ;   90,87
953,60 ; 297,14 ;   8,629199 ;   88,76
955,64 ; 297,16 ;   7,756472 ;   79,05
957,67 ; 297,38 ;   10,204363 ;  104,61
959,70 ; 297,52 ;   7,159108 ;   73,98
961,74 ; 297,54 ;   8,333505 ;   85,52
963,77 ; 297,72 ;   9,908665 ;  101,85
965,80 ; 297,81 ;   7,562169 ;   77,33
967,84 ; 297,91 ;   8,727629 ;   89,29
969,87 ; 298,08 ;   8,633510 ;   88,63
971,90 ; 298,06 ;   7,354495 ;   75,56
973,94 ; 298,24 ;   10,100192 ;  103,67
975,97 ; 298,32 ;   7,171500 ;   73,28
978,00 ; 298,39 ;   8,536964 ;   87,61
980,04 ; 298,45 ;   8,633184 ;   88,28
982,07 ; 298,54 ;   8,735942 ;   89,03
984,10 ; 298,59 ;   8,236151 ;   84,91
986,14 ; 298,63 ;   8,834252 ;   90,39
988,17 ; 298,82 ;   8,828008 ;   90,15
990,20 ; 298,84 ;   6,580178 ;   67,54
992,24 ; 298,91 ;   8,929145 ;   91,54
994,27 ; 298,91 ;   8,335278 ;   85,32
996,30 ; 298,98 ;   9,126949 ;   93,50
998,34 ; 299,09 ;   8,243204 ;   84,98
1000,37 ; 299,07 ;   7,354898 ;   75,74
1002,40 ; 299,16 ;   9,421558 ;   96,85
1004,44 ; 299,23 ;   7,651288 ;   78,74
1006,47 ; 299,26 ;   7,941557 ;   81,48
1008,50 ; 299,37 ;   8,633961 ;   88,24
1010,54 ; 299,41 ;   7,260427 ;   74,45
1012,57 ; 299,42 ;   8,144980 ;   83,17
1014,60 ; 299,42 ;   8,629358 ;   88,93
1016,64 ; 299,53 ;   8,823930 ;   90,22
1018,67 ; 299,53 ;   7,069989 ;   72,97
1020,70 ; 299,53 ;   8,732656 ;   89,09
1022,74 ; 299,52 ;   8,734647 ;   89,21
1024,77 ; 299,62 ;   8,831541 ;   90,57
1026,80 ; 299,63 ;   7,260052 ;   74,64
1028,84 ; 299,60 ;   8,528512 ;   87,21
1030,87 ; 299,70 ;   9,011225 ;   92,18
1032,90 ; 299,72 ;   7,156564 ;   73,94
1034,94 ; 299,76 ;   8,240351 ;   84,00
1036,97 ; 299,77 ;   7,948792 ;   81,29
1039,00 ; 299,77 ;   8,328141 ;   85,83
1041,04 ; 299,83 ;   8,531241 ;   87,03
1043,07 ; 299,78 ;   7,556566 ;   77,15
1045,10 ; 299,76 ;   9,107306 ;   93,79
1047,14 ; 299,87 ;   8,816275 ;   90,72
1049,17 ; 299,90 ;   6,761333 ;   69,96
1051,20 ; 299,90 ;   7,934200 ;   81,02
1053,24 ; 299,85 ;   8,327063 ;   85,61
1055,27 ; 299,97 ;   9,115121 ;   93,09
1057,30 ; 299,90 ;   6,563482 ;   67,64
1059,34 ; 299,97 ;   9,299788 ;   95,98
1061,37 ; 299,97 ;   7,247581 ;   74,53
1063,40 ; 299,91 ;   8,225578 ;   84,82
1065,44 ; 299,99 ;   9,101517 ;   93,53
1067,47 ; 299,96 ;   7,154253 ;   73,13
1069,50 ; 299,99 ;   8,723232 ;   89,53
1071,54 ; 300,01 ;   7,744360 ;   79,99
1073,57 ; 299,97 ;   8,033087 ;   82,08
1075,60 ; 300,01 ;   8,813433 ;   90,58
1077,64 ; 300,02 ;   7,644775 ;   78,66
1079,67 ; 300,03 ;   8,127346 ;   83,13
1081,70 ; 300,05 ;   7,932933 ;   81,78
1083,74 ; 300,03 ;   7,834604 ;   80,33
1085,77 ; 300,03 ;   8,526901 ;   87,48
1087,80 ; 299,96 ;   8,234960 ;   84,04
1089,84 ; 299,98 ;   9,302867 ;   95,21
1091,87 ; 300,02 ;   7,932892 ;   81,21
1093,90 ; 300,01 ;   7,744258 ;   79,67
1095,93 ; 299,98 ;   8,326440 ;   85,48
1097,97 ; 299,99 ;   8,619606 ;   88,07
1100,00 ; 300,12 ;   8,134899 ;   83,40
1102,03 ; 300,03 ;   6,274103 ;   64,67
1104,07 ; 300,02 ;   9,404613 ;   96,59
1106,10 ; 300,02 ;   8,424044 ;   86,49
1108,13 ; 300,06 ;   8,225649 ;   84,20
1110,17 ; 300,04 ;   7,445542 ;   76,74
1112,20 ; 300,06 ;   8,520780 ;   87,31
1114,23 ; 300,05 ;   7,831521 ;   80,15
1116,27 ; 300,06 ;   8,224650 ;   84,80
1118,30 ; 300,06 ;   8,031015 ;   82,40
1120,33 ; 300,15 ;   8,125848 ;   83,53
1122,37 ; 300,08 ;   6,759576 ;   69,85
1124,40 ; 300,09 ;   9,110164 ;   93,57
1126,43 ; 300,04 ;   8,033710 ;   82,01
1128,47 ; 300,04 ;   8,814113 ;   90,59
1130,50 ; 300,16 ;   8,132813 ;   83,72
1132,53 ; 300,09 ;   6,172885 ;   63,83
1134,57 ; 300,14 ;   9,213999 ;   94,51
1136,60 ; 300,03 ;   7,254096 ;   74,35
1138,63 ; 300,03 ;   9,694218 ;   99,71
1140,67 ; 300,03 ;   8,125068 ;   83,71
1142,70 ; 300,03 ;   8,134613 ;   83,70
1144,73 ; 300,04 ;   8,137567 ;   83,69
1146,77 ; 300,03 ;   8,038139 ;   82,44
1148,80 ; 300,03 ;   8,231290 ;   84,81
1150,83 ; 300,09 ;   8,128208 ;   83,66
1152,87 ; 300,03 ;   7,251587 ;   74,96
1154,90 ; 300,12 ;   8,912518 ;   91,64
1156,93 ; 300,02 ;   6,763036 ;   69,96
1158,97 ; 300,08 ;   9,595178 ;   98,66
1161,00 ; 300,16 ;   7,153733 ;   73,85
1163,03 ; 300,09 ;   6,762477 ;   69,31
1165,07 ; 300,06 ;   9,204812 ;   94,27
1167,10 ; 300,08 ;   8,426245 ;   86,54
1169,13 ; 300,04 ;   7,843379 ;   80,61
1171,17 ; 300,06 ;   8,714552 ;   89,09
1173,20 ; 300,06 ;   7,735327 ;   79,64
1175,23 ; 300,08 ;   8,134938 ;   83,05
1177,27 ; 300,16 ;   7,837896 ;   80,55
1179,30 ; 300,05 ;   6,766238 ;   69,15
1181,33 ; 300,05 ;   9,666816 ;   99,08
1183,37 ; 300,09 ;   8,110894 ;   83,06
1185,40 ; 300,10 ;   7,628033 ;   78,07
1187,43 ; 300,02 ;   7,830715 ;   80,14
1189,47 ; 300,01 ;   9,399634 ;   96,06
1191,50 ; 300,06 ;   8,210379 ;   84,73
1193,53 ; 300,04 ;   7,238853 ;   74,89
1195,57 ; 300,06 ;   8,408755 ;   86,60
1197,60 ; 300,02 ;   7,729671 ;   79,44
1199,63 ; 299,98 ;   8,804930 ;   90,31
1201,67 ; 300,01 ;   8,615039 ;   88,41
1203,70 ; 299,99 ;   7,836597 ;   80,12
1205,73 ; 299,97 ;   8,419235 ;   86,03
1207,77 ; 300,08 ;   8,521798 ;   87,47
1209,80 ; 300,05 ;   6,470615 ;   66,66
1211,83 ; 300,08 ;   8,422844 ;   86,37
1213,87 ; 300,10 ;   7,742516 ;   79,19
1215,90 ; 300,02 ;   7,635496 ;   78,88
1217,93 ; 300,09 ;   9,311630 ;   95,95
1219,97 ; 300,13 ;   7,053126 ;   72,18
1222,00 ; 299,97 ;   7,442768 ;   76,24
1224,03 ; 300,13 ;   10,383659 ;  106,79
1226,07 ; 300,03 ;   5,783690 ;   59,08
1228,10 ; 300,09 ;   9,404634 ;   96,81
1230,13 ; 300,08 ;   7,246885 ;   74,39
1232,17 ; 300,05 ;   8,132531 ;   83,61
1234,20 ; 300,06 ;   8,425322 ;   86,17
1236,23 ; 300,06 ;   7,942574 ;   81,49
1238,27 ; 300,02 ;   8,032870 ;   82,62
1240,30 ; 300,01 ;   8,815297 ;   90,06
1242,33 ; 300,02 ;   8,233633 ;   84,44
1244,36 ; 299,98 ;   8,042403 ;   82,05
1246,40 ; 300,01 ;   8,625228 ;   88,16
1248,43 ; 300,02 ;   7,743054 ;   79,86
1250,46 ; 299,98 ;   8,035198 ;   82,05
1252,50 ; 300,08 ;   8,623557 ;   88,16
1254,53 ; 299,95 ;   6,671480 ;   68,68
1256,56 ; 300,01 ;   10,095102 ;  103,50
1258,60 ; 300,04 ;   7,247306 ;   74,14
1260,63 ; 300,02 ;   7,642489 ;   78,31
1262,66 ; 300,04 ;   8,434348 ;   86,60
1264,70 ; 299,98 ;   7,743610 ;   79,44
1266,73 ; 300,01 ;   8,915852 ;   91,56
1268,76 ; 300,13 ;   7,744791 ;   79,83
1270,80 ; 300,06 ;   6,273192 ;   64,62
1272,83 ; 300,03 ;   8,916639 ;   91,67
1274,86 ; 300,02 ;   8,526732 ;   87,49
1276,90 ; 300,02 ;   8,336201 ;   85,39
1278,93 ; 300,04 ;   8,135119 ;   83,10
1280,96 ; 300,04 ;   7,744525 ;   79,37
1283,00 ; 300,03 ;   8,041728 ;   82,79
1285,03 ; 300,01 ;   8,227123 ;   84,02
1287,06 ; 300,05 ;   8,428519 ;   86,60
1289,10 ; 300,09 ;   7,354994 ;   75,71
1291,13 ; 299,98 ;   7,545753 ;   77,59
1293,16 ; 299,99 ;   9,609799 ;   98,29
1295,20 ; 300,01 ;   8,035736 ;   82,19
1297,23 ; 300,05 ;   7,836306 ;   80,85
1299,26 ; 300,03 ;   7,355325 ;   75,67
1301,30 ; 300,06 ;   8,424857 ;   86,25
1303,33 ; 300,05 ;   7,545670 ;   77,84
1305,36 ; 300,08 ;   8,135178 ;   83,64
1307,40 ; 300,08 ;   7,645627 ;   78,76
1309,43 ; 300,08 ;   8,038073 ;   82,17
1311,46 ; 300,08 ;   8,045166 ;   82,15
1313,50 ; 299,99 ;   8,035794 ;   82,13
1315,53 ; 300,03 ;   9,306970 ;   95,77
1317,56 ; 299,96 ;   7,447226 ;   76,99
1319,60 ; 300,03 ;   9,116801 ;   93,88
1321,63 ; 300,01 ;   7,055420 ;   72,42
1323,66 ; 300,08 ;   8,427984 ;   86,43
1325,70 ; 299,97 ;   6,964170 ;   71,81
1327,73 ; 300,04 ;   9,706008 ;   99,47
1329,76 ; 300,03 ;   7,053576 ;   72,29
1331,80 ; 300,01 ;   8,126715 ;   83,82
1333,83 ; 299,99 ;   8,425203 ;   86,40
1335,86 ; 299,98 ;   8,324931 ;   85,45
1337,90 ; 300,01 ;   8,225390 ;   84,41
1339,93 ; 300,08 ;   7,737667 ;   79,54
1341,96 ; 300,14 ;   6,964306 ;   71,78
1344,00 ; 299,97 ;   7,054832 ;   72,11
1346,03 ; 300,12 ;   10,578531 ;  108,56
1348,06 ; 300,06 ;   5,784798 ;   59,81
1350,09 ; 300,01 ;   8,825678 ;   90,20
1352,13 ; 300,02 ;   8,817936 ;   90,88
1354,16 ; 300,08 ;   7,936025 ;   81,63
1356,19 ; 299,99 ;   7,054784 ;   72,83
1358,23 ; 300,01 ;   9,311592 ;   95,63
1360,26 ; 299,98 ;   7,844616 ;   80,57
1362,29 ; 299,99 ;   8,429183 ;   86,58
1364,33 ; 299,99 ;   7,936157 ;   81,91
1366,36 ; 299,98 ;   8,138225 ;   83,06
1368,39 ; 300,04 ;   8,233855 ;   84,30
1370,43 ; 299,97 ;   7,254546 ;   74,46
1372,46 ; 299,99 ;   9,108991 ;   93,64
1374,49 ; 300,02 ;   7,745868 ;   79,63
1376,53 ; 299,99 ;   7,748225 ;   79,33
1378,56 ; 299,92 ;   8,435326 ;   86,49
1380,59 ; 300,02 ;   9,219008 ;   94,24
1382,63 ; 300,02 ;   6,763429 ;   69,06
1384,66 ; 300,04 ;   8,036073 ;   82,78
1386,69 ; 299,99 ;   7,748495 ;   79,05
1388,73 ; 300,03 ;   8,726956 ;   89,92
1390,76 ; 300,05 ;   7,455958 ;   76,85
1392,79 ; 299,96 ;   7,648866 ;   78,83
1394,83 ; 299,99 ;   9,508196 ;   97,16
1396,86 ; 300,09 ;   7,645665 ;   78,48
1398,89 ; 300,03 ;   6,663906 ;   68,15
1400,93 ; 299,98 ;   8,826651 ;   90,54
1402,96 ; 300,01 ;   8,726554 ;   89,98
1404,99 ; 300,01 ;   7,745615 ;   79,40
1407,03 ; 299,96 ;   8,037609 ;   82,83
1409,06 ; 299,95 ;   8,817431 ;   90,28
1411,09 ; 300,08 ;   8,335884 ;   85,92
1413,13 ; 300,03 ;   6,083489 ;   62,53
1415,16 ; 300,05 ;   8,719228 ;   89,39
1417,19 ; 299,98 ;   7,646333 ;   78,79
1419,23 ; 299,95 ;   9,116711 ;   93,39
1421,26 ; 300,04 ;   8,718158 ;   89,32
1423,29 ; 299,99 ;   6,667277 ;   68,71
1425,33 ; 299,98 ;   8,726844 ;   89,87
1427,36 ; 299,95 ;   8,236509 ;   84,26
1429,39 ; 299,94 ;   8,719188 ;   89,33
1431,43 ; 299,96 ;   8,234499 ;   84,87
1433,46 ; 299,97 ;   7,838361 ;   80,02
1435,49 ; 299,99 ;   8,038146 ;   82,22
1437,52 ; 299,95 ;   7,745780 ;   79,64
1439,56 ; 300,06 ;   8,821906 ;   90,53
1441,59 ; 299,95 ;   6,377705 ;   65,04
1443,62 ; 299,98 ;   9,801654 ;  100,81
1445,66 ; 300,03 ;   7,555979 ;   77,47
1447,69 ; 300,02 ;   7,355568 ;   75,73
1449,72 ; 300,02 ;   8,332477 ;   85,07
1451,76 ; 300,05 ;   8,047625 ;   82,77
1453,79 ; 299,99 ;   7,458476 ;   76,56
1455,82 ; 300,05 ;   9,018508 ;   92,20
1457,86 ; 300,02 ;   7,160203 ;   73,12
1459,89 ; 300,04 ;   8,626176 ;   88,46
1461,92 ; 300,01 ;   7,740276 ;   79,01
1463,96 ; 300,01 ;   8,527853 ;   87,41
1465,99 ; 300,03 ;   8,039700 ;   82,83
1468,02 ; 300,02 ;   7,738780 ;   79,10
1470,06 ; 300,03 ;   8,339840 ;   85,01
1472,09 ; 299,95 ;   7,850253 ;   80,23
1474,12 ; 299,96 ;   9,418988 ;   96,18
1476,16 ; 300,02 ;   7,948235 ;   81,13
1478,19 ; 300,01 ;   7,258954 ;   74,73
1480,22 ; 299,97 ;   8,137839 ;   83,97
1482,26 ; 300,01 ;   8,728462 ;   89,04
1484,29 ; 299,97 ;   7,548991 ;   77,12
1486,32 ; 300,05 ;   8,729411 ;   89,05
1488,36 ; 300,01 ;   6,767177 ;   69,67
1490,39 ; 300,02 ;   8,717786 ;   89,68
1492,42 ; 300,03 ;   7,943270 ;   81,58
1494,46 ; 300,01 ;   7,848069 ;   80,23
1496,49 ; 299,99 ;   8,430953 ;   86,24
1498,52 ; 300,03 ;   8,339462 ;   85,29
1500,56 ; 299,99 ;   7,447807 ;   76,80
1502,59 ; 300,04 ;   8,627672 ;   88,72
1504,62 ; 300,02 ;   7,349077 ;   75,55
1506,66 ; 300,04 ;   8,437443 ;   86,13
1508,69 ; 300,08 ;   7,648337 ;   78,96
1510,72 ; 299,99 ;   7,449764 ;   76,17
1512,76 ; 299,99 ;   9,319107 ;   95,54
1514,79 ; 300,03 ;   8,037158 ;   82,96
1516,82 ; 300,06 ;   7,448991 ;   76,75
1518,86 ; 299,95 ;   7,555129 ;   77,48
1520,89 ; 300,02 ;   9,799462 ;  100,67
1522,92 ; 300,02 ;   7,056488 ;   72,36
1524,95 ; 299,99 ;   8,039202 ;   82,65
1526,99 ; 300,02 ;   8,437793 ;   86,38
1529,02 ; 300,05 ;   7,750534 ;   79,22
1531,05 ; 300,01 ;   7,456864 ;   76,43
1533,09 ; 299,98 ;   8,718224 ;   89,59
1535,12 ; 299,95 ;   8,429765 ;   86,46
1537,15 ; 300,01 ;   8,722586 ;   89,25
1539,19 ; 300,01 ;   7,155637 ;   73,61
1541,22 ; 299,95 ;   8,039142 ;   82,75
1543,25 ; 300,06 ;   9,019868 ;   92,69
1545,29 ; 299,96 ;   6,276900 ;   64,92
1547,32 ; 300,02 ;   9,600723 ;   98,21
1549,35 ; 300,01 ;   7,248268 ;   74,65
1551,39 ; 300,03 ;   8,137960 ;   83,89
1553,42 ; 300,01 ;   7,747370 ;   79,02
1555,45 ; 300,01 ;   8,430113 ;   86,17
1557,49 ; 299,95 ;   8,036040 ;   82,74
1559,52 ; 299,97 ;   9,018965 ;   92,68
1561,55 ; 300,02 ;   7,739263 ;   79,82
1563,59 ; 299,94 ;   7,355112 ;   75,80
1565,62 ; 299,94 ;   9,309872 ;   95,08
1567,65 ; 299,98 ;   8,138266 ;   83,66
1569,69 ; 299,97 ;   7,454226 ;   76,23
1571,72 ; 299,98 ;   8,330595 ;   85,57
1573,75 ; 299,99 ;   7,848372 ;   80,81
1575,79 ; 299,95 ;   7,948094 ;   81,85
1577,82 ; 299,95 ;   8,826382 ;   90,45
1579,85 ; 299,99 ;   8,138304 ;   83,61
1581,89 ; 300,05 ;   7,446844 ;   76,17
1583,92 ; 299,99 ;   7,156733 ;   73,09
1585,95 ; 300,01 ;   9,018416 ;   92,16
1587,99 ; 299,96 ;   7,838790 ;   80,53
1590,02 ; 299,96 ;   8,818675 ;   90,27
1592,05 ; 299,98 ;   8,137878 ;   83,42
1594,09 ; 299,99 ;   7,740222 ;   79,71
1596,12 ; 300,01 ;   7,936316 ;   81,90
1598,15 ; 299,97 ;   7,838261 ;   80,56
1600,19 ; 300,01 ;   8,727880 ;   89,06
1602,22 ; 299,98 ;   7,546531 ;   77,14
1604,25 ; 299,99 ;   8,426238 ;   86,58
1606,29 ; 300,03 ;   7,937516 ;   81,91
1608,32 ; 300,04 ;   7,448455 ;   76,84
1610,35 ; 299,98 ;   7,946324 ;   81,30
1612,39 ; 299,99 ;   8,919266 ;   91,14
1614,42 ; 300,02 ;   7,938169 ;   81,90
1616,45 ; 300,04 ;   7,748335 ;   79,31
1618,48 ; 299,99 ;   7,739214 ;   79,01
1620,52 ; 299,95 ;   8,728502 ;   89,89
1622,55 ; 300,01 ;   8,819915 ;   90,48
1624,58 ; 299,87 ;   7,159380 ;   73,69
1626,62 ; 299,95 ;   10,289182 ;  105,20
1628,65 ; 299,98 ;   7,056636 ;   72,24
1630,68 ; 299,98 ;   7,547791 ;   77,47
1632,72 ; 299,90 ;   8,139458 ;   83,19
1634,75 ; 299,90 ;   9,407942 ;   96,87
1636,78 ; 299,97 ;   8,227528 ;   84,32
1638,82 ; 299,99 ;   7,157463 ;   73,16
1640,85 ; 300,04 ;   7,749313 ;   79,72
1642,88 ; 300,08 ;   7,357300 ;   75,70
1644,92 ; 300,03 ;   7,455919 ;   76,33
1646,95 ; 300,05 ;   8,721129 ;   89,49
1648,98 ; 300,05 ;   7,646380 ;   78,89
1651,02 ; 300,05 ;   8,038433 ;   82,31
1653,05 ; 299,98 ;   8,038954 ;   82,29
1655,08 ; 299,97 ;   9,110989 ;   93,46
1657,12 ; 299,99 ;   8,338009 ;   85,67
1659,15 ; 300,01 ;   7,750630 ;   79,66
1661,18 ; 300,01 ;   7,848155 ;   80,61
1663,22 ; 300,02 ;   8,040983 ;   82,89
1665,25 ; 300,01 ;   7,948400 ;   81,64
1667,28 ; 300,06 ;   8,237407 ;   84,03
1669,32 ; 299,97 ;   7,256041 ;   74,19
1671,35 ; 299,94 ;   9,510889 ;   97,08
1673,38 ; 300,01 ;   8,629630 ;   88,34
1675,42 ; 300,04 ;   7,066323 ;   72,61
1677,45 ; 299,95 ;   7,547869 ;   77,91
1679,48 ; 299,98 ;   9,508004 ;   97,39
1681,52 ; 299,91 ;   7,550208 ;   77,48
1683,55 ; 299,94 ;   9,217103 ;   94,39
1685,58 ; 300,02 ;   7,839066 ;   80,39
1687,62 ; 299,96 ;   6,957630 ;   71,40
1689,65 ; 300,04 ;   8,919348 ;   91,53
1691,68 ; 300,10 ;   6,967655 ;   71,11
1693,72 ; 300,01 ;   7,056390 ;   72,59
1695,75 ; 299,98 ;   9,412696 ;   96,62
1697,78 ; 300,04 ;   8,437410 ;   86,63
1699,82 ; 299,96 ;   7,257743 ;   74,50
1701,85 ; 300,01 ;   9,220472 ;   94,92
1703,88 ; 299,95 ;   7,450240 ;   76,05
1705,92 ; 300,01 ;   9,018082 ;   92,85
1707,95 ; 299,94 ;   7,160280 ;   73,77
1709,98 ; 300,04 ;   9,220540 ;   94,10
1712,02 ; 300,06 ;   6,574411 ;   67,66
1714,05 ; 300,03 ;   7,647367 ;   78,80
1716,08 ; 300,01 ;   8,529863 ;   87,18
1718,11 ; 299,98 ;   8,431505 ;   86,33
1720,15 ; 299,99 ;   8,436572 ;   86,63
1722,18 ; 300,01 ;   7,937703 ;   81,96
1724,21 ; 299,96 ;   7,848477 ;   80,61
1726,25 ; 300,04 ;   8,827262 ;   90,35
1728,28 ; 300,04 ;   6,955469 ;   71,08
1730,32 ; 299,99 ;   8,037891 ;   82,50
1732,35 ; 299,96 ;   8,720242 ;   89,95
1734,38 ; 299,97 ;   8,630030 ;   88,06
1736,41 ; 300,02 ;   8,038714 ;   82,26
1738,45 ; 300,05 ;   7,348661 ;   75,95
1740,48 ; 300,05 ;   7,457839 ;   76,59
1742,51 ; 300,06 ;   8,040959 ;   82,29
1744,55 ; 300,02 ;   7,947347 ;   81,04
1746,58 ; 299,95 ;   8,728566 ;   89,62
1748,61 ; 299,98 ;   9,109920 ;   93,94
1750,65 ; 299,95 ;   7,548470 ;   77,46
1752,68 ; 299,94 ;   8,729006 ;   89,39
1754,71 ; 299,99 ;   8,228154 ;   84,93
1756,75 ; 299,91 ;   7,346095 ;   75,10
1758,78 ; 300,02 ;   9,312934 ;   95,54
1760,81 ; 300,03 ;   6,566823 ;   67,97
1762,85 ; 299,99 ;   7,847514 ;   80,34
1764,88 ; 299,97 ;   8,627107 ;   88,83
1766,91 ; 299,96 ;   8,426787 ;   86,85
1768,95 ; 299,94 ;   8,237240 ;   84,67
1770,98 ; 300,01 ;   8,528799 ;   87,27
1773,01 ; 299,94 ;   7,055947 ;   72,67
1775,05 ; 299,96 ;   9,209290 ;   94,13
1777,08 ; 299,99 ;   7,846257 ;   80,13
1779,11 ; 300,03 ;   7,640073 ;   78,61
1781,15 ; 300,01 ;   7,446879 ;   76,96
1783,18 ; 300,01 ;   8,429928 ;   86,40
1785,21 ; 299,99 ;   8,039650 ;   82,97
1787,25 ; 300,05 ;   8,329870 ;   85,45
1789,28 ; 300,01 ;   7,155254 ;   73,22
1791,31 ; 299,99 ;   8,720960 ;   89,81
1793,35 ; 300,02 ;   8,338059 ;   85,44
1795,38 ; 300,01 ;   7,748533 ;   79,43
1797,41 ; 300,06 ;   8,228442 ;   84,10
1799,45 ; 299,99 ;   7,256444 ;   74,25
1801,48 ; 299,99 ;   9,120272 ;   93,42
1803,51 ; 300,03 ;   8,135403 ;   83,14
1805,55 ; 300,06 ;   7,448785 ;   76,92
1807,58 ; 299,98 ;   7,547754 ;   77,66
1809,61 ; 300,06 ;   9,218163 ;   94,64
1811,65 ; 300,09 ;   6,856770 ;   70,79
1813,68 ; 300,03 ;   7,647200 ;   78,48
1815,71 ; 299,97 ;   8,819571 ;   90,58
1817,75 ; 300,06 ;   9,020682 ;   92,52
1819,78 ; 300,04 ;   6,668402 ;   68,47
1821,81 ; 300,02 ;   8,338858 ;   85,90
1823,84 ; 300,03 ;   8,426861 ;   86,18
1825,88 ; 299,97 ;   7,839668 ;   80,27
1827,91 ; 299,99 ;   9,019738 ;   92,49
1829,94 ; 300,02 ;   7,738091 ;   79,62
1831,98 ; 300,01 ;   7,748615 ;   79,32
1834,01 ; 299,95 ;   8,128735 ;   83,99
1836,04 ; 299,98 ;   9,019439 ;   92,79
1838,08 ; 299,99 ;   7,547006 ;   77,44
1840,11 ; 299,99 ;   7,937519 ;   81,92
1842,14 ; 300,01 ;   8,139688 ;   83,07
1844,18 ; 300,08 ;   7,838954 ;   80,58
1846,21 ; 300,01 ;   6,965756 ;   71,68
1848,24 ; 300,03 ;   9,117305 ;   93,14
1850,28 ; 299,99 ;   7,737208 ;   79,12
1852,31 ; 300,01 ;   8,628076 ;   88,75
1854,34 ; 300,01 ;   7,837441 ;   80,55
1856,38 ; 299,96 ;   8,035837 ;   82,84
1858,41 ; 300,01 ;   8,819503 ;   90,29
1860,44 ; 300,04 ;   7,347423 ;   75,99
1862,48 ; 300,04 ;   7,545618 ;   77,87
1864,51 ; 299,99 ;   8,034437 ;   82,43
1866,54 ; 299,95 ;   8,718027 ;   89,88
1868,58 ; 299,96 ;   8,827263 ;   90,48
1870,61 ; 300,02 ;   7,944728 ;   81,15
1872,64 ; 299,92 ;   7,256283 ;   74,75
1874,68 ; 300,04 ;   9,505123 ;   97,65
1876,71 ; 299,96 ;   6,365444 ;   65,32
1878,74 ; 299,99 ;   9,207274 ;   94,88
1880,78 ; 299,99 ;   7,647009 ;   78,49
1882,81 ; 299,94 ;   8,135152 ;   83,07
1884,84 ; 299,95 ;   8,916860 ;   91,77
1886,88 ; 300,05 ;   8,035984 ;   82,54
1888,91 ; 299,96 ;   6,464822 ;   66,29
1890,94 ; 300,04 ;   9,507143 ;   97,19
1892,98 ; 300,05 ;   6,963908 ;   71,06
1895,01 ; 300,01 ;   7,836342 ;   80,00
1897,04 ; 300,02 ;   8,715198 ;   89,73
1899,07 ; 300,06 ;   7,936554 ;   81,63
1901,11 ; 300,05 ;   7,355115 ;   75,31
1903,14 ; 300,05 ;   8,135980 ;   83,39
1905,17 ; 299,99 ;   8,034427 ;   82,24
1907,21 ; 299,97 ;   9,015064 ;   92,17
1909,24 ; 299,98 ;   8,425232 ;   86,75
1911,27 ; 300,04 ;   7,843795 ;   80,84
1913,31 ; 299,97 ;   7,255439 ;   74,43
1915,34 ; 299,95 ;   9,116968 ;   93,61
1917,37 ; 299,99 ;   8,521307 ;   87,06
1919,41 ; 299,97 ;   7,444885 ;   76,19
1921,44 ; 299,90 ;   8,423903 ;   86,77
1923,47 ; 299,89 ;   9,206753 ;   94,54
1925,51 ; 299,91 ;   8,324882 ;   85,52
1927,54 ; 299,94 ;   7,841615 ;   80,68
1929,57 ; 299,97 ;   7,832601 ;   80,40
1931,61 ; 299,98 ;   7,642010 ;   78,87
1933,64 ; 299,96 ;   7,833645 ;   80,97
1935,67 ; 299,99 ;   8,424037 ;   86,99
1937,71 ; 299,96 ;   7,643506 ;   78,60
1939,74 ; 299,99 ;   8,621375 ;   88,14
1941,77 ; 299,97 ;   7,641330 ;   78,61
1943,81 ; 299,97 ;   8,424954 ;   86,91
1945,84 ; 300,03 ;   8,133722 ;   83,49
1947,87 ; 300,05 ;   7,157496 ;   73,55
1949,91 ; 300,04 ;   7,640996 ;   78,97
1951,94 ; 299,98 ;   8,231060 ;   84,86
1953,97 ; 300,05 ;   8,911859 ;   91,27
1956,01 ; 299,99 ;   7,049902 ;   72,08
1958,04 ; 299,99 ;   9,008750 ;   92,30
1960,07 ; 299,95 ;   8,130213 ;   83,16
1962,11 ; 300,05 ;   8,818370 ;   90,62
1964,14 ; 299,97 ;   6,461839 ;   66,38
1966,17 ; 299,99 ;   9,400176 ;   96,04
1968,21 ; 299,99 ;   7,730553 ;   79,74
1970,24 ; 300,02 ;   8,130254 ;   83,17
1972,27 ; 299,98 ;   7,733297 ;   79,45
1974,31 ; 300,01 ;   8,521568 ;   87,84
1976,34 ; 300,03 ;   7,738660 ;   79,54
1978,37 ; 299,98 ;   7,738849 ;   79,24
1980,41 ; 299,95 ;   8,810143 ;   90,12
1982,44 ; 299,99 ;   8,711831 ;   89,48
1984,47 ; 299,97 ;   7,449298 ;   76,32
1986,51 ; 300,01 ;   8,419904 ;   86,91
1988,54 ; 300,01 ;   7,539835 ;   77,28
1990,57 ; 299,98 ;   8,029358 ;   82,99
1992,61 ; 299,97 ;   8,422547 ;   86,72
1994,64 ; 300,02 ;   8,330027 ;   85,78
1996,67 ; 299,94 ;   7,448256 ;   76,04
1998,71 ; 299,94 ;   9,300838 ;   95,32
2000,74 ; 300,08 ;   8,120010 ;   83,91
2002,77 ; 300,03 ;   5,979810 ;   61,55
2004,80 ; 299,98 ;   8,719568 ;   89,56
2006,84 ; 299,98 ;   8,809326 ;   90,16
2008,87 ; 299,97 ;   8,128677 ;   83,30
2010,90 ; 300,04 ;   8,318579 ;   85,79
2012,94 ; 300,01 ;   7,052009 ;   72,32
2014,97 ; 299,98 ;   8,517747 ;   87,58
2017,00 ; 299,95 ;   8,421086 ;   86,73
2019,04 ; 299,98 ;   8,718911 ;   89,52
2021,07 ; 299,91 ;   7,547561 ;   77,61
2023,10 ; 299,98 ;   9,199703 ;   94,51
2025,14 ; 299,92 ;   7,147240 ;   73,05
2027,17 ; 299,97 ;   9,100945 ;   93,29
2029,20 ; 299,99 ;   7,448626 ;   76,71
2031,24 ; 299,99 ;   7,738310 ;   79,85
2033,27 ; 300,02 ;   8,129304 ;   83,28
2035,30 ; 299,98 ;   7,739534 ;   79,55
2037,34 ; 299,99 ;   8,521365 ;   87,95
2039,37 ; 299,96 ;   8,029335 ;   82,14
2041,40 ; 299,98 ;   8,619938 ;   88,26
2043,44 ; 299,88 ;   7,738583 ;   79,96
2045,47 ; 299,94 ;   9,789795 ;  100,79
2047,50 ; 300,05 ;   7,255283 ;   74,88
2049,54 ; 300,05 ;   6,368953 ;   65,40
2051,57 ; 300,01 ;   8,032546 ;   82,53
2053,60 ; 300,03 ;   8,719824 ;   89,98
2055,64 ; 299,97 ;   7,738494 ;   79,39
2057,67 ; 299,96 ;   9,010577 ;   92,75
2059,70 ; 300,01 ;   8,230192 ;   84,86
2061,74 ; 300,02 ;   7,449051 ;   76,27
2063,77 ; 300,05 ;   7,928824 ;   81,88
2065,80 ; 299,89 ;   7,439940 ;   76,80
2067,84 ; 299,98 ;   10,572144 ;  108,60
2069,87 ; 300,04 ;   6,759719 ;   69,72
2071,90 ; 300,02 ;   7,246929 ;   74,73
2073,94 ; 299,95 ;   8,421838 ;   86,46
2075,97 ; 299,99 ;   9,208967 ;   94,21
2078,00 ; 300,02 ;   7,441086 ;   76,48
2080,04 ; 300,04 ;   7,738497 ;   79,61
2082,07 ; 300,06 ;   7,738837 ;   79,31
2084,10 ; 299,97 ;   7,739068 ;   79,00
2086,14 ; 299,98 ;   9,498817 ;   97,32
2088,17 ; 300,02 ;   7,929098 ;   81,13
2090,20 ; 299,99 ;   7,639815 ;   78,45
2092,24 ; 299,98 ;   8,418943 ;   86,75
2094,27 ; 299,99 ;   8,229494 ;   84,56
2096,30 ; 299,95 ;   8,028320 ;   82,18
2098,34 ; 299,98 ;   8,810535 ;   90,78
2100,37 ; 299,96 ;   7,539613 ;   77,72
2102,40 ; 300,04 ;   8,517453 ;   87,17
2104,44 ; 300,08 ;   6,949756 ;   71,33
2106,47 ; 299,97 ;   7,437479 ;   76,53
2108,50 ; 299,98 ;   9,687860 ;   99,62
2110,54 ; 300,08 ;   7,929445 ;   81,15
2112,57 ; 299,95 ;   6,658324 ;   68,52
2114,60 ; 300,03 ;   10,081190 ;  103,35
2116,63 ; 300,01 ;   6,857079 ;   70,26
2118,67 ; 300,05 ;   8,423726 ;   86,55
2120,70 ; 300,05 ;   7,348968 ;   75,66
2122,73 ; 300,02 ;   8,029567 ;   82,51
2124,77 ; 300,04 ;   8,619332 ;   88,71
2126,80 ; 300,05 ;   7,738599 ;   79,26
2128,83 ; 300,04 ;   7,840239 ;   80,20
2130,87 ; 299,99 ;   8,225754 ;   84,95
2132,90 ; 300,08 ;   8,811639 ;   90,11
2134,93 ; 299,96 ;   6,759948 ;   69,58
2136,97 ; 299,95 ;   9,792368 ;  100,78
2139,00 ; 300,02 ;   8,417445 ;   86,13
2141,03 ; 300,01 ;   7,051557 ;   72,67
2143,07 ; 300,04 ;   8,226823 ;   84,20
2145,10 ; 300,04 ;   7,640883 ;   78,09
2147,13 ; 299,97 ;   8,028271 ;   82,65
2149,17 ; 300,08 ;   9,100084 ;   93,82
2151,20 ; 300,03 ;   6,469955 ;   66,14
2153,23 ; 300,06 ;   8,717724 ;   89,58
2155,27 ; 300,02 ;   7,540169 ;   77,75
2157,30 ; 299,99 ;   8,718103 ;   89,76
2159,33 ; 300,02 ;   8,426885 ;   86,62
2161,37 ; 299,96 ;   7,738018 ;   79,47
2163,40 ; 300,02 ;   8,908970 ;   91,59
2165,43 ; 300,02 ;   7,249575 ;   74,90
2167,47 ; 300,02 ;   8,028963 ;   82,90
2169,50 ; 299,96 ;   8,026760 ;   82,90
2171,53 ; 299,97 ;   8,910908 ;   91,59
2173,57 ; 299,95 ;   8,028601 ;   82,36
2175,60 ; 299,98 ;   8,520211 ;   87,23
2177,63 ; 299,96 ;   7,546767 ;   77,60
2179,67 ; 299,99 ;   8,517957 ;   87,05
2181,70 ; 299,94 ;   7,638501 ;   78,67
2183,73 ; 300,03 ;   8,909688 ;   91,94
2185,77 ; 300,04 ;   6,757291 ;   69,04
2187,80 ; 299,99 ;   7,936997 ;   81,51
2189,83 ; 300,08 ;   8,817084 ;   90,10
2191,87 ; 299,99 ;   6,760474 ;   69,57
2193,90 ; 299,98 ;   9,309900 ;   95,79
2195,93 ; 299,98 ;   8,226484 ;   84,46
2197,97 ; 299,98 ;   8,119270 ;   83,32
2200,00 ; 299,96 ;   8,127037 ;   83,33
2202,03 ; 299,99 ;   8,519734 ;   87,06
2204,07 ; 299,98 ;   7,637346 ;   78,67
2206,10 ; 300,05 ;   8,229673 ;   84,49
2208,13 ; 300,03 ;   7,058220 ;   72,17
2210,17 ; 300,02 ;   8,416895 ;   86,16
2212,20 ; 299,96 ;   8,318123 ;   85,22
2214,23 ; 299,95 ;   8,907822 ;   91,62
2216,27 ; 299,97 ;   8,426939 ;   86,12
2218,30 ; 300,04 ;   7,838857 ;   80,12
2220,33 ; 300,03 ;   7,058401 ;   72,37
2222,37 ; 300,01 ;   8,128746 ;   83,89
2224,40 ; 300,10 ;   8,416013 ;   86,47
2226,43 ; 299,99 ;   6,657037 ;   68,13
2228,47 ; 299,98 ;   9,684507 ;   99,21
2230,50 ; 299,98 ;   8,211410 ;   84,45
2232,53 ; 300,05 ;   8,107984 ;   83,31
2234,57 ; 299,97 ;   7,028386 ;   72,14
2236,60 ; 299,99 ;   9,366119 ;   96,08
2238,63 ; 299,92 ;   7,707122 ;   79,78
2240,66 ; 300,05 ;   9,166532 ;   94,40
2242,70 ; 299,98 ;   6,049975 ;   62,99
2244,73 ; 299,95 ;   9,058813 ;   93,60
2246,76 ; 299,90 ;   8,678066 ;   89,54
2248,80 ; 299,96 ;   8,868533 ;   91,30
2250,83 ; 300,03 ;   7,216768 ;   74,52
2252,86 ; 299,98 ;   7,017183 ;   72,49
2254,90 ; 299,98 ;   8,771910 ;   90,23
2256,93 ; 300,05 ;   8,091826 ;   83,37
2258,96 ; 300,04 ;   7,019378 ;   72,19
2261,00 ; 299,97 ;   8,189445 ;   84,95
2263,03 ; 299,94 ;   9,069104 ;   93,83
2265,06 ; 299,89 ;   8,581374 ;   88,53
2267,10 ; 299,94 ;   8,870077 ;   91,43
2269,13 ; 299,94 ;   7,513458 ;   77,14
2271,16 ; 299,88 ;   8,183678 ;   84,02
2273,20 ; 299,94 ;   9,069350 ;   93,97
2275,23 ; 299,97 ;   7,214941 ;   74,92
2277,26 ; 299,87 ;   7,695989 ;   79,11
2279,30 ; 299,87 ;   9,655155 ;   99,84
2281,33 ; 299,91 ;   8,291922 ;   85,02
2283,36 ; 299,95 ;   7,505937 ;   77,59
2285,40 ; 299,94 ;   7,703718 ;   79,50
2287,43 ; 299,90 ;   8,281608 ;   85,33
2289,46 ; 299,92 ;   8,770651 ;   90,42
2291,50 ; 299,94 ;   7,892866 ;   81,00
2293,53 ; 299,94 ;   7,894464 ;   81,97
2295,56 ; 299,98 ;   8,192941 ;   84,27
2297,60 ; 299,90 ;   7,412775 ;   76,83
2299,63 ; 299,97 ;   9,453494 ;   97,36
2301,66 ; 300,01 ;   7,117531 ;   73,63
2303,70 ; 299,98 ;   7,504053 ;   77,71
2305,73 ; 300,04 ;   8,476217 ;   87,15
2307,76 ; 300,02 ;   7,304030 ;   75,03
2309,80 ; 299,98 ;   8,380841 ;   86,75
2311,83 ; 299,98 ;   8,577089 ;   88,29
2313,86 ; 299,97 ;   8,088352 ;   83,72
2315,90 ; 300,01 ;   8,377964 ;   86,20
2317,93 ; 299,98 ;   7,504796 ;   77,71
2319,96 ; 299,99 ;   8,479228 ;   87,16
2322,00 ; 299,85 ;   7,990474 ;   82,49
2324,03 ; 299,95 ;   10,328595 ;  106,01
2326,06 ; 299,89 ;   6,816841 ;   70,56
2328,10 ; 299,87 ;   8,964671 ;   92,98
2330,13 ; 300,03 ;   8,576561 ;   88,74
2332,16 ; 299,87 ;   5,750190 ;   59,25
2334,20 ; 299,92 ;   10,617077 ;  109,33
2336,23 ; 299,94 ;   7,402936 ;   76,66
2338,26 ; 299,90 ;   7,989904 ;   82,20
2340,30 ; 300,05 ;   8,774349 ;   90,72
2342,33 ; 299,97 ;   5,850456 ;   60,17
2344,36 ; 299,99 ;   9,351755 ;   96,69
2346,40 ; 300,05 ;   7,790834 ;   80,40
2348,43 ; 300,01 ;   7,111975 ;   73,88
2350,46 ; 300,06 ;   8,765913 ;   90,47
2352,50 ; 300,04 ;   7,210876 ;   74,91
2354,53 ; 299,99 ;   8,378382 ;   86,63
2356,56 ; 300,09 ;   8,773443 ;   90,65
2358,59 ; 299,98 ;   6,628007 ;   68,88
2360,63 ; 299,91 ;   9,549544 ;   98,74
2362,66 ; 299,96 ;   9,251598 ;   95,05
2364,69 ; 299,92 ;   7,502657 ;   77,33
2366,73 ; 299,94 ;   8,765897 ;   90,42
2368,76 ; 299,96 ;   7,985232 ;   82,23
2370,79 ; 299,97 ;   7,785466 ;   80,81
2372,83 ; 299,98 ;   8,082743 ;   83,00
2374,86 ; 299,95 ;   7,886589 ;   81,67
2376,89 ; 299,95 ;   8,762073 ;   90,17
2378,93 ; 299,92 ;   8,185067 ;   84,47
2380,96 ; 300,03 ;   8,571947 ;   88,21
2382,99 ; 299,98 ;   6,533688 ;   67,40
2385,03 ; 300,01 ;   8,769264 ;   90,86
2387,06 ; 299,97 ;   7,788516 ;   80,28
2389,09 ; 299,98 ;   8,670744 ;   89,92
2391,13 ; 300,03 ;   7,885837 ;   81,72
2393,16 ; 300,08 ;   7,399478 ;   76,56
2395,19 ; 299,99 ;   7,308256 ;   75,95
2397,23 ; 300,04 ;   9,346337 ;   96,46
2399,26 ; 300,04 ;   7,398999 ;   76,43
2401,29 ; 299,99 ;   8,083877 ;   83,28
2403,33 ; 299,97 ;   8,762463 ;   90,72
2405,36 ; 299,96 ;   8,473428 ;   87,60
2407,39 ; 299,98 ;   8,271719 ;   85,42
2409,43 ; 300,01 ;   7,784625 ;   80,56
2411,46 ; 299,97 ;   7,796093 ;   80,26
2413,49 ; 299,97 ;   8,663804 ;   89,91
2415,53 ; 299,96 ;   8,176557 ;   84,20
2417,56 ; 299,92 ;   8,270755 ;   85,45
2419,59 ; 299,94 ;   8,764324 ;   90,53
2421,63 ; 299,95 ;   7,984207 ;   82,35
2423,66 ; 299,97 ;   8,078958 ;   83,41
2425,69 ; 299,91 ;   7,784239 ;   80,83
2427,73 ; 299,99 ;   8,955687 ;   92,97
2429,76 ; 300,03 ;   7,006719 ;   72,57
2431,79 ; 299,91 ;   7,494644 ;   77,78
2433,83 ; 299,88 ;   9,927924 ;  102,13
2435,86 ; 299,94 ;   8,855130 ;   91,22
2437,89 ; 299,92 ;   7,302792 ;   75,60
2439,93 ; 299,94 ;   8,470125 ;   87,24
2441,96 ; 299,92 ;   7,980081 ;   82,49
2443,99 ; 299,96 ;   8,467432 ;   87,28
2446,03 ; 299,98 ;   7,593830 ;   78,80
2448,06 ; 300,01 ;   7,790226 ;   80,79
2450,09 ; 300,02 ;   7,779462 ;   80,50
2452,13 ; 299,99 ;   7,973445 ;   82,68
2454,16 ; 300,01 ;   8,463844 ;   87,55
2456,19 ; 299,98 ;   7,887454 ;   81,64
2458,23 ; 299,97 ;   8,461388 ;   87,65
2460,26 ; 299,97 ;   8,365761 ;   86,71
2462,29 ; 300,02 ;   8,174470 ;   84,43
2464,33 ; 300,04 ;   7,392410 ;   76,99
2466,36 ; 299,97 ;   7,787981 ;   80,11
2468,39 ; 299,90 ;   9,139408 ;   94,72
2470,43 ; 299,96 ;   9,226534 ;   95,62
2472,46 ; 299,96 ;   7,292226 ;   75,41
2474,49 ; 299,95 ;   8,162468 ;   84,57
2476,53 ; 299,96 ;   8,448383 ;   87,07
2478,56 ; 299,89 ;   7,967211 ;   82,31
2480,59 ; 299,89 ;   9,237905 ;   95,79
2482,63 ; 299,96 ;   8,265547 ;   85,53
2484,66 ; 299,94 ;   7,192523 ;   74,37
2486,69 ; 299,97 ;   8,552674 ;   88,40
2488,73 ; 299,96 ;   7,779262 ;   80,02
2490,76 ; 300,01 ;   8,265934 ;   85,84
2492,79 ; 300,01 ;   7,489609 ;   77,25
2494,83 ; 299,90 ;   8,168519 ;   84,10
2496,86 ; 299,92 ;   9,821825 ;  101,50
2498,89 ; 299,99 ;   7,868773 ;   81,80
2500,93 ; 300,01 ;   7,192712 ;   74,06
2502,96 ; 299,97 ;   7,869506 ;   81,86
2504,99 ; 300,02 ;   8,741726 ;   90,36
2507,03 ; 300,04 ;   7,483674 ;   77,20
2509,06 ; 299,99 ;   7,781210 ;   80,32
2511,09 ; 299,98 ;   8,842548 ;   91,20
2513,12 ; 300,03 ;   8,267254 ;   85,59
2515,16 ; 300,01 ;   7,394174 ;   76,99
2517,19 ; 299,91 ;   8,457830 ;   87,57
2519,22 ; 300,02 ;   9,627315 ;   99,06
2521,26 ; 299,98 ;   6,717604 ;   69,20
2523,29 ; 300,04 ;   8,654857 ;   89,02
2525,32 ; 300,08 ;   7,296999 ;   75,75
2527,36 ; 300,05 ;   7,492788 ;   77,54
2529,39 ; 300,05 ;   8,359087 ;   86,96
2531,42 ; 299,98 ;   8,076025 ;   83,52
2533,46 ; 300,01 ;   9,138103 ;   94,68
2535,49 ; 300,04 ;   7,780340 ;   80,68
2537,52 ; 300,02 ;   7,679299 ;   79,13
2539,56 ; 300,02 ;   8,463456 ;   87,42
2541,59 ; 299,92 ;   8,066076 ;   83,99
2543,62 ; 299,97 ;   9,527752 ;   98,90
2545,66 ; 299,96 ;   7,482170 ;   77,75
2547,69 ; 299,96 ;   8,263509 ;   85,85
2549,72 ; 299,95 ;   8,157127 ;   84,72
2551,76 ; 299,99 ;   8,452462 ;   87,22
2553,79 ; 299,94 ;   7,478925 ;   77,49
2555,82 ; 299,98 ;   9,039103 ;   93,05
2557,86 ; 299,89 ;   7,480710 ;   77,60
2559,89 ; 299,94 ;   9,623024 ;   99,38
2561,92 ; 299,92 ;   7,579123 ;   78,24
2563,96 ; 299,96 ;   8,450936 ;   87,60
2565,99 ; 299,95 ;   7,667400 ;   79,11
2568,02 ; 299,96 ;   8,445623 ;   87,33
2570,06 ; 299,90 ;   7,956643 ;   82,57
2572,09 ; 300,01 ;   9,117895 ;   94,81
2574,12 ; 299,98 ;   6,600216 ;   68,29
2576,16 ; 300,04 ;   8,543663 ;   88,02
2578,19 ; 299,97 ;   7,290950 ;   75,89
2580,22 ; 299,98 ;   9,227420 ;   95,07
2582,26 ; 300,01 ;   7,967136 ;   82,30
2584,29 ; 299,96 ;   7,768782 ;   80,87
2586,32 ; 299,99 ;   8,835718 ;   91,75
2588,36 ; 299,98 ;   7,675820 ;   79,93
2590,39 ; 299,97 ;   8,253209 ;   85,75
2592,42 ; 299,94 ;   8,448746 ;   87,09
2594,46 ; 300,04 ;   8,641492 ;   89,79
2596,49 ; 299,99 ;   6,704240 ;   69,07
2598,52 ; 299,94 ;   8,837367 ;   91,38
2600,56 ; 300,02 ;   9,034930 ;   93,23
2602,59 ; 300,03 ;   6,992542 ;   72,81
2604,62 ; 299,97 ;   7,866256 ;   81,75
2606,66 ; 299,95 ;   9,034614 ;   93,97
2608,69 ; 299,96 ;   8,554172 ;   88,57
2610,72 ; 299,98 ;   7,966676 ;   82,67
2612,76 ; 299,96 ;   7,871572 ;   81,23
2614,79 ; 299,98 ;   8,547501 ;   88,39
2616,82 ; 299,98 ;   7,865268 ;   81,24
2618,86 ; 300,01 ;   8,161506 ;   84,68
2620,89 ; 299,98 ;   7,774608 ;   80,95
2622,92 ; 299,96 ;   8,547998 ;   88,11
2624,96 ; 299,92 ;   8,548183 ;   88,41
2626,99 ; 300,03 ;   8,844637 ;   91,21
2629,02 ; 299,90 ;   6,607254 ;   68,12
2631,06 ; 299,96 ;   10,202984 ;  105,24
2633,09 ; 299,99 ;   7,279638 ;   75,89
2635,12 ; 300,08 ;   7,767398 ;   80,07
2637,16 ; 299,91 ;   6,805853 ;   70,97
2639,19 ; 299,88 ;   10,591252 ;  109,63
2641,22 ; 299,98 ;   8,843859 ;   91,85
2643,26 ; 300,02 ;   6,604779 ;   68,77
2645,29 ; 299,98 ;   7,673617 ;   79,81
2647,32 ; 299,97 ;   8,639384 ;   89,35
2649,36 ; 299,97 ;   8,454717 ;   87,27
2651,39 ; 300,03 ;   8,162003 ;   84,99
2653,42 ; 299,97 ;   7,286476 ;   75,06
2655,46 ; 299,99 ;   9,129960 ;   94,14
2657,49 ; 299,97 ;   7,871265 ;   81,27
2659,52 ; 300,01 ;   8,551054 ;   88,43
2661,56 ; 299,96 ;   7,572393 ;   78,79
2663,59 ; 299,95 ;   8,839344 ;   91,96
2665,62 ; 299,98 ;   8,452825 ;   87,60
2667,66 ; 300,01 ;   7,670596 ;   79,11
2669,69 ; 299,97 ;   7,866757 ;   81,11
2671,72 ; 299,94 ;   8,740245 ;   90,74
2673,76 ; 300,01 ;   8,732888 ;   90,01
2675,79 ; 299,99 ;   7,193737 ;   74,27
2677,82 ; 299,98 ;   8,451879 ;   87,04
2679,86 ; 300,01 ;   8,256814 ;   86,00
2681,89 ; 300,06 ;   7,866950 ;   81,13
2683,92 ; 299,97 ;   7,282953 ;   75,85
2685,96 ; 300,01 ;   9,521581 ;   98,75
2687,99 ; 300,14 ;   7,572267 ;   78,84
2690,02 ; 300,02 ;   6,123923 ;   63,41
2692,06 ; 299,96 ;   9,900115 ;  102,70
2694,09 ; 300,01 ;   9,035446 ;   93,11
2696,12 ; 300,03 ;   7,473335 ;   77,66
2698,16 ; 300,01 ;   7,767680 ;   80,79
2700,19 ; 299,96 ;   8,451602 ;   87,94
2702,22 ; 299,98 ;   8,830364 ;   91,96
2704,26 ; 300,01 ;   7,865331 ;   81,39
2706,29 ; 299,99 ;   7,868187 ;   81,09
2708,32 ; 300,02 ;   8,442239 ;   87,00
2710,35 ; 300,01 ;   7,770138 ;   80,99
2712,39 ; 300,01 ;   8,251353 ;   85,66
2714,42 ; 299,99 ;   8,153564 ;   84,51
2716,45 ; 300,04 ;   8,353338 ;   87,00
2718,49 ; 300,03 ;   7,481170 ;   77,26
2720,52 ; 300,02 ;   8,258227 ;   85,35
2722,55 ; 299,98 ;   8,357313 ;   86,68
2724,59 ; 300,04 ;   8,650277 ;   89,36
2726,62 ; 299,99 ;   7,383749 ;   76,10
2728,65 ; 300,09 ;   8,841626 ;   91,55
2730,69 ; 300,05 ;   6,704150 ;   69,78
2732,72 ; 300,04 ;   8,553934 ;   88,44
2734,75 ; 299,98 ;   8,357470 ;   86,34
2736,79 ; 299,95 ;   8,938014 ;   92,74
2738,82 ; 299,94 ;   8,740983 ;   90,96
2740,85 ; 299,94 ;   8,346995 ;   86,50
2742,89 ; 300,01 ;   8,258058 ;   85,37
2744,92 ; 299,96 ;   7,195164 ;   74,20
2746,95 ; 299,99 ;   8,834536 ;   91,94
2748,99 ; 300,04 ;   7,770327 ;   80,13
2751,02 ; 299,96 ;   7,484175 ;   77,24
2753,05 ; 300,01 ;   9,320255 ;   96,52
2755,09 ; 300,04 ;   7,474415 ;   77,64
2757,12 ; 299,91 ;   7,677768 ;   79,53
2759,15 ; 299,96 ;   9,996950 ;  103,97
2761,19 ; 299,96 ;   7,582764 ;   78,25
2763,22 ; 300,02 ;   8,255433 ;   85,12
2765,25 ; 299,96 ;   7,375905 ;   76,43
2767,29 ; 300,06 ;   9,039031 ;   93,13
2769,32 ; 300,04 ;   6,613501 ;   68,99
2771,35 ; 299,97 ;   8,454669 ;   87,55
2773,39 ; 299,99 ;   9,229949 ;   95,30
2775,42 ; 299,94 ;   7,870569 ;   81,29
2777,45 ; 300,02 ;   9,023371 ;   93,42
2779,49 ; 299,96 ;   7,097338 ;   73,00
2781,52 ; 299,99 ;   9,031430 ;   93,13
2783,55 ; 299,98 ;   7,762644 ;   80,17
2785,59 ; 300,04 ;   8,255782 ;   85,99
2787,62 ; 300,08 ;   7,377262 ;   76,15
2789,65 ; 300,08 ;   7,483191 ;   77,92
2791,69 ; 299,94 ;   8,062374 ;   83,62
2793,72 ; 299,98 ;   10,191976 ;  105,97
2795,75 ; 299,94 ;   7,482578 ;   77,95
2797,79 ; 299,99 ;   8,932951 ;   92,27
2799,82 ; 300,03 ;   7,376993 ;   76,74
2801,85 ; 300,02 ;   7,574273 ;   78,52
2803,89 ; 300,03 ;   8,356631 ;   86,72
2805,92 ; 300,10 ;   7,860517 ;   81,94
2807,95 ; 299,95 ;   7,087472 ;   73,03
2809,99 ; 299,97 ;   10,479055 ;  108,14
2812,02 ; 299,98 ;   7,862660 ;   81,58
2814,05 ; 299,92 ;   7,963966 ;   82,53
2816,09 ; 299,98 ;   9,129899 ;   94,76
2818,12 ; 299,96 ;   7,277541 ;   75,70
2820,15 ; 299,99 ;   8,546857 ;   88,57
2822,19 ; 299,96 ;   7,771141 ;   80,18
2824,22 ; 300,04 ;   8,636782 ;   89,72
2826,25 ; 300,03 ;   6,989705 ;   72,73
2828,29 ; 300,03 ;   8,247221 ;   85,40
2830,32 ; 300,03 ;   8,150230 ;   84,25
2832,35 ; 300,02 ;   8,150558 ;   84,24
2834,39 ; 300,02 ;   8,349683 ;   86,72
2836,42 ; 300,04 ;   8,159776 ;   84,43
2838,45 ; 299,97 ;   7,771141 ;   80,69
2840,49 ; 300,08 ;   9,222078 ;   95,30
2842,52 ; 300,01 ;   6,511642 ;   67,63
2844,55 ; 300,09 ;   9,127494 ;   94,80
2846,59 ; 299,99 ;   6,991361 ;   72,08
2848,62 ; 300,02 ;   9,510813 ;   98,39
2850,65 ; 299,98 ;   7,758014 ;   80,95
