Tempo total (s) ;Temperatura (ºC) ; Potencia atual (W) ; Saida
P:  12.50 I: 100.00 D:  23.80 Tensão:5.233 V
2,03 ; 300,05 ;   6,861017 ;   70,97
4,07 ; 300,09 ;   8,132070 ;   83,53
6,10 ; 300,03 ;   7,644675 ;   78,54
8,13 ; 300,03 ;   8,926302 ;   91,79
10,17 ; 300,04 ;   8,137944 ;   83,78
12,20 ; 300,05 ;   8,047650 ;   82,53
14,23 ; 300,04 ;   7,948726 ;   81,18
16,27 ; 300,02 ;   8,333853 ;   85,94
18,30 ; 299,98 ;   8,540205 ;   87,37
20,33 ; 299,99 ;   8,638341 ;   88,91
22,37 ; 299,98 ;   8,142391 ;   83,10
24,40 ; 300,02 ;   8,340173 ;   85,48
26,43 ; 299,99 ;   7,749513 ;   79,38
28,47 ; 300,05 ;   8,534848 ;   87,67
30,50 ; 299,98 ;   7,268058 ;   74,31
32,53 ; 299,94 ;   9,226155 ;   94,62
34,57 ; 299,98 ;   8,929708 ;   91,79
36,60 ; 300,05 ;   7,560948 ;   77,49
38,63 ; 299,99 ;   7,168602 ;   73,17
40,67 ; 300,05 ;   9,136074 ;   93,39
42,70 ; 300,12 ;   7,272453 ;   74,30
44,73 ; 300,09 ;   7,172411 ;   73,49
46,77 ; 300,09 ;   8,543061 ;   87,58
48,80 ; 300,13 ;   8,054179 ;   82,98
50,83 ; 300,10 ;   7,451294 ;   76,75
52,87 ; 300,05 ;   8,438549 ;   86,16
54,90 ; 300,06 ;   8,827699 ;   90,16
56,93 ; 300,02 ;   8,050542 ;   82,04
58,97 ; 300,05 ;   8,831100 ;   90,63
61,00 ; 299,97 ;   7,555507 ;   77,55
63,03 ; 300,16 ;   9,418924 ;   96,92
65,07 ; 299,97 ;   5,202836 ;   53,28
67,10 ; 299,98 ;   10,988957 ;  112,90
69,13 ; 300,06 ;   7,952113 ;   81,84
71,17 ; 300,04 ;   6,975983 ;   71,70
73,20 ; 300,06 ;   8,443117 ;   86,84
75,23 ; 299,99 ;   7,761656 ;   79,68
77,27 ; 300,03 ;   9,236909 ;   94,28
79,30 ; 300,01 ;   7,571511 ;   77,77
81,33 ; 300,10 ;   8,544599 ;   87,21
83,37 ; 300,08 ;   6,683194 ;   68,86
85,40 ; 300,02 ;   8,457371 ;   86,28
87,43 ; 300,06 ;   9,039928 ;   92,78
89,47 ; 300,05 ;   7,477119 ;   76,18
91,50 ; 300,02 ;   8,265265 ;   84,26
93,53 ; 300,12 ;   8,759462 ;   89,32
95,57 ; 300,05 ;   6,571087 ;   67,45
97,60 ; 300,09 ;   9,015796 ;   92,21
99,63 ; 300,06 ;   7,653787 ;   78,08
101,67 ; 300,12 ;   8,439544 ;   86,36
103,70 ; 300,04 ;   7,263803 ;   74,22
105,73 ; 300,03 ;   9,216692 ;   94,62
107,77 ; 299,97 ;   8,248585 ;   84,42
109,80 ; 300,02 ;   9,131782 ;   93,21
111,83 ; 300,10 ;   7,468296 ;   76,61
113,87 ; 300,10 ;   6,776774 ;   69,81
115,90 ; 299,98 ;   8,049160 ;   82,35
117,93 ; 300,10 ;   9,812735 ;  100,97
119,97 ; 300,02 ;   6,388306 ;   65,19
122,00 ; 300,01 ;   9,324943 ;   95,97
124,03 ; 300,04 ;   8,254209 ;   84,64
126,07 ; 300,01 ;   7,662494 ;   78,52
128,10 ; 299,97 ;   8,649712 ;   88,05
130,13 ; 299,99 ;   8,754268 ;   89,69
132,17 ; 299,94 ;   7,873698 ;   80,26
134,20 ; 299,95 ;   9,056341 ;   92,39
136,23 ; 300,05 ;   8,163568 ;   83,16
138,27 ; 299,98 ;   6,492494 ;   66,92
140,30 ; 300,08 ;   9,254638 ;   94,09
142,33 ; 299,99 ;   6,695180 ;   68,89
144,37 ; 300,02 ;   9,452449 ;   96,26
146,40 ; 300,06 ;   7,781644 ;   79,96
148,43 ; 299,98 ;   7,391250 ;   75,93
150,47 ; 299,99 ;   9,352393 ;   95,20
152,50 ; 299,98 ;   8,076294 ;   82,53
154,53 ; 300,02 ;   8,282878 ;   84,92
156,57 ; 300,01 ;   7,688301 ;   78,81
158,60 ; 300,06 ;   8,283702 ;   84,62
160,64 ; 299,97 ;   7,303069 ;   74,78
162,67 ; 300,01 ;   9,560346 ;   97,67
164,70 ; 300,03 ;   7,593886 ;   77,75
166,74 ; 300,10 ;   7,770006 ;   79,74
168,77 ; 300,04 ;   6,978438 ;   71,97
170,80 ; 300,02 ;   9,020678 ;   92,18
172,84 ; 300,02 ;   8,445139 ;   86,75
174,87 ; 300,05 ;   8,152760 ;   83,32
176,90 ; 300,02 ;   7,563838 ;   77,10
178,94 ; 299,98 ;   8,744462 ;   89,01
180,97 ; 300,02 ;   8,657100 ;   88,27
183,00 ; 300,05 ;   7,673901 ;   78,73
185,04 ; 300,03 ;   7,572920 ;   77,08
187,07 ; 299,98 ;   8,457441 ;   86,51
189,10 ; 299,96 ;   8,851275 ;   90,53
191,13 ; 299,97 ;   8,567436 ;   87,40
193,17 ; 300,02 ;   8,074399 ;   82,74
195,20 ; 299,99 ;   7,491345 ;   76,44
197,24 ; 299,98 ;   8,570666 ;   87,02
199,27 ; 300,13 ;   8,282891 ;   84,84
201,30 ; 299,98 ;   6,017485 ;   61,32
203,34 ; 300,02 ;   10,249012 ;  104,23
205,37 ; 299,99 ;   7,680912 ;   78,70
207,40 ; 300,02 ;   8,462555 ;   87,00
209,44 ; 300,06 ;   7,777930 ;   79,84
211,47 ; 299,98 ;   7,375796 ;   75,81
213,50 ; 300,01 ;   9,344625 ;   95,09
215,54 ; 300,03 ;   7,774570 ;   79,92
217,57 ; 300,05 ;   7,783247 ;   79,62
219,60 ; 300,02 ;   7,781458 ;   79,32
221,64 ; 300,06 ;   8,668952 ;   88,94
223,67 ; 300,02 ;   7,381957 ;   75,77
225,70 ; 300,03 ;   8,862438 ;   90,06
227,74 ; 300,09 ;   7,886194 ;   80,72
229,77 ; 299,99 ;   7,294537 ;   74,30
231,80 ; 300,05 ;   9,556550 ;   97,19
233,84 ; 300,02 ;   7,199394 ;   73,54
235,87 ; 300,02 ;   8,674963 ;   88,88
237,90 ; 300,02 ;   8,189576 ;   83,16
239,94 ; 299,96 ;   8,187918 ;   83,16
241,97 ; 300,08 ;   8,974433 ;   91,85
244,00 ; 300,05 ;   6,419242 ;   65,22
246,04 ; 300,05 ;   8,483761 ;   86,07
248,07 ; 300,03 ;   8,094158 ;   82,63
250,10 ; 300,08 ;   8,491628 ;   86,34
252,14 ; 300,10 ;   7,405431 ;   75,45
254,17 ; 300,01 ;   7,700958 ;   78,56
256,20 ; 299,97 ;   9,481575 ;   96,87
258,24 ; 300,01 ;   8,786573 ;   89,37
260,27 ; 300,01 ;   7,606445 ;   77,45
262,30 ; 300,12 ;   8,196234 ;   83,16
264,34 ; 300,04 ;   6,420423 ;   65,77
266,37 ; 300,06 ;   9,272293 ;   94,17
268,40 ; 300,02 ;   7,699429 ;   79,00
270,44 ; 300,09 ;   8,786757 ;   89,87
272,47 ; 300,06 ;   7,013204 ;   71,82
274,50 ; 300,06 ;   8,392611 ;   85,81
276,54 ; 300,08 ;   8,093263 ;   82,37
278,57 ; 300,01 ;   7,800490 ;   79,87
280,60 ; 300,06 ;   9,175164 ;   93,32
282,64 ; 299,99 ;   7,304098 ;   74,33
284,67 ; 299,98 ;   9,166732 ;   93,50
286,70 ; 299,96 ;   8,283019 ;   84,45
288,74 ; 300,06 ;   8,585994 ;   87,04
290,77 ; 299,96 ;   6,609820 ;   67,47
292,80 ; 300,03 ;   9,666423 ;   98,46
294,84 ; 300,01 ;   7,100887 ;   72,43
296,87 ; 300,03 ;   8,457326 ;   86,44
298,90 ; 300,10 ;   7,765724 ;   79,28
300,94 ; 300,08 ;   6,983227 ;   71,52
302,97 ; 300,04 ;   8,349095 ;   85,51
305,00 ; 299,99 ;   8,632162 ;   88,27
307,04 ; 300,12 ;   8,829092 ;   90,01
309,07 ; 300,03 ;   6,195660 ;   63,27
311,10 ; 300,01 ;   9,305310 ;   95,19
313,14 ; 300,06 ;   8,435091 ;   86,34
315,17 ; 300,01 ;   7,269022 ;   74,21
317,20 ; 300,01 ;   8,831924 ;   90,90
319,24 ; 300,03 ;   8,035027 ;   82,89
321,27 ; 299,96 ;   7,744322 ;   79,16
323,30 ; 299,98 ;   9,047686 ;   93,77
325,34 ; 299,98 ;   7,762622 ;   79,76
327,37 ; 299,94 ;   8,145687 ;   83,19
329,40 ; 299,96 ;   8,834803 ;   90,65
331,44 ; 300,03 ;   7,849335 ;   80,08
333,47 ; 299,99 ;   7,075671 ;   72,34
335,50 ; 299,94 ;   8,653248 ;   88,83
337,54 ; 300,05 ;   8,958366 ;   91,82
339,57 ; 299,90 ;   6,399236 ;   65,20
341,60 ; 299,98 ;   10,507528 ;  107,17
343,64 ; 299,99 ;   6,878951 ;   70,66
345,67 ; 299,94 ;   8,036751 ;   82,01
347,70 ; 299,90 ;   8,941736 ;   91,85
349,74 ; 299,96 ;   8,840566 ;   90,08
351,77 ; 299,98 ;   7,276323 ;   74,45
353,80 ; 299,92 ;   7,759409 ;   79,88
355,84 ; 299,99 ;   9,142923 ;   93,26
357,87 ; 299,91 ;   7,080364 ;   72,94
359,90 ; 299,94 ;   9,336139 ;   95,66
361,94 ; 299,92 ;   7,868257 ;   80,52
363,97 ; 300,03 ;   8,461785 ;   86,45
366,00 ; 299,96 ;   6,498628 ;   66,78
368,04 ; 299,99 ;   9,145590 ;   93,96
370,07 ; 299,99 ;   7,683395 ;   78,72
372,10 ; 299,94 ;   8,175248 ;   83,29
374,14 ; 299,96 ;   8,970527 ;   91,99
376,17 ; 299,96 ;   7,875214 ;   80,28
378,20 ; 299,98 ;   8,175498 ;   83,72
380,24 ; 299,98 ;   7,883837 ;   80,00
382,27 ; 299,99 ;   8,184335 ;   83,43
384,30 ; 299,89 ;   8,075496 ;   82,19
386,34 ; 299,91 ;   9,747008 ;   99,49
388,37 ; 299,91 ;   7,889348 ;   80,93
390,40 ; 299,99 ;   8,276899 ;   84,38
392,44 ; 299,99 ;   7,000364 ;   71,98
394,47 ; 299,95 ;   8,172257 ;   83,41
396,50 ; 299,92 ;   8,867524 ;   90,87
398,54 ; 299,91 ;   8,581139 ;   87,75
400,57 ; 300,02 ;   8,390001 ;   85,59
402,60 ; 299,98 ;   6,714426 ;   68,30
404,64 ; 300,02 ;   8,694116 ;   88,14
406,67 ; 300,04 ;   7,705397 ;   78,60
408,70 ; 300,03 ;   7,797117 ;   79,44
410,74 ; 299,99 ;   8,292982 ;   84,10
412,77 ; 299,99 ;   8,787200 ;   89,16
414,80 ; 300,04 ;   8,204926 ;   83,45
416,84 ; 300,08 ;   7,416407 ;   76,00
418,87 ; 300,06 ;   7,508096 ;   76,63
420,90 ; 300,06 ;   8,303264 ;   84,81
422,94 ; 300,05 ;   8,101423 ;   82,51
424,97 ; 300,04 ;   8,201787 ;   83,74
427,00 ; 300,05 ;   8,393029 ;   85,07
429,04 ; 300,01 ;   7,901595 ;   80,28
431,07 ; 300,06 ;   8,889433 ;   90,01
433,10 ; 299,99 ;   7,313593 ;   74,45
435,14 ; 300,06 ;   9,185078 ;   93,62
437,17 ; 300,04 ;   7,116053 ;   72,15
439,20 ; 299,97 ;   8,499117 ;   86,15
441,24 ; 300,05 ;   9,193349 ;   93,90
443,27 ; 299,99 ;   6,811779 ;   69,95
445,30 ; 300,08 ;   9,087718 ;   92,45
447,34 ; 299,99 ;   6,816222 ;   69,64
449,37 ; 300,06 ;   9,382375 ;   95,86
451,40 ; 300,09 ;   7,116505 ;   72,11
453,44 ; 300,06 ;   7,706240 ;   78,65
455,47 ; 300,06 ;   8,391750 ;   85,78
457,50 ; 300,08 ;   8,097761 ;   82,34
459,54 ; 299,99 ;   7,799190 ;   79,84
461,57 ; 300,09 ;   9,360145 ;   95,78
463,60 ; 300,02 ;   6,689514 ;   68,29
465,64 ; 300,13 ;   9,132978 ;   93,17
467,67 ; 300,04 ;   6,398886 ;   65,48
469,70 ; 300,04 ;   9,351993 ;   95,12
471,74 ; 300,04 ;   8,079768 ;   82,54
473,77 ; 299,99 ;   8,087409 ;   82,53
475,80 ; 300,09 ;   8,784090 ;   89,97
477,84 ; 300,01 ;   6,711144 ;   68,21
479,87 ; 300,02 ;   9,269280 ;   94,33
481,90 ; 300,05 ;   7,992514 ;   81,65
483,94 ; 300,04 ;   7,497705 ;   76,58
485,97 ; 300,04 ;   8,286196 ;   84,76
488,00 ; 300,05 ;   8,101017 ;   82,47
490,04 ; 299,97 ;   7,810312 ;   79,97
492,07 ; 300,06 ;   9,382032 ;   95,91
494,10 ; 299,91 ;   6,721158 ;   68,44
496,14 ; 300,03 ;   10,379194 ;  105,76
498,17 ; 300,06 ;   6,428708 ;   65,42
500,20 ; 300,03 ;   7,609050 ;   77,58
502,24 ; 300,06 ;   8,605439 ;   87,11
504,27 ; 299,99 ;   7,609431 ;   77,56
506,30 ; 300,05 ;   9,192994 ;   93,29
508,34 ; 300,03 ;   7,213596 ;   73,07
510,37 ; 300,09 ;   8,396158 ;   85,93
512,40 ; 299,97 ;   7,216746 ;   73,79
514,44 ; 299,99 ;   9,880383 ;  100,41
516,47 ; 299,99 ;   7,811088 ;   79,54
518,50 ; 300,03 ;   8,101773 ;   82,98
520,54 ; 300,05 ;   7,517049 ;   76,76
522,57 ; 299,94 ;   7,710554 ;   78,74
524,60 ; 299,95 ;   9,878322 ;  100,80
526,64 ; 299,89 ;   8,103611 ;   82,43
528,67 ; 299,99 ;   9,088984 ;   92,28
530,70 ; 299,97 ;   6,718709 ;   68,15
532,74 ; 300,04 ;   8,497318 ;   86,74
534,77 ; 300,10 ;   7,112330 ;   72,14
536,80 ; 300,03 ;   7,112419 ;   72,47
538,84 ; 300,06 ;   9,089478 ;   92,78
540,87 ; 300,06 ;   7,609737 ;   77,51
542,90 ; 300,09 ;   8,114577 ;   82,07
544,94 ; 300,01 ;   7,707334 ;   78,32
546,97 ; 300,05 ;   9,291840 ;   94,16
549,00 ; 300,03 ;   7,417836 ;   75,27
551,04 ; 300,09 ;   8,408543 ;   85,84
553,07 ; 300,10 ;   7,218949 ;   73,71
555,10 ; 300,05 ;   7,812046 ;   79,20
557,14 ; 299,98 ;   8,707648 ;   88,91
559,17 ; 300,02 ;   9,198658 ;   93,22
561,20 ; 300,05 ;   7,616274 ;   77,97
563,24 ; 299,99 ;   7,521939 ;   76,33
565,27 ; 300,04 ;   9,002519 ;   91,97
567,30 ; 299,97 ;   7,412981 ;   75,37
569,34 ; 299,97 ;   9,180952 ;   93,40
571,37 ; 299,97 ;   8,202667 ;   83,13
573,40 ; 300,03 ;   8,206537 ;   83,13
575,44 ; 300,09 ;   7,215045 ;   73,20
577,47 ; 299,98 ;   7,212037 ;   73,64
579,50 ; 300,02 ;   9,586718 ;   97,78
581,54 ; 299,99 ;   7,615763 ;   77,95
583,57 ; 300,05 ;   8,494186 ;   86,24
585,60 ; 299,99 ;   7,112441 ;   72,87
587,64 ; 300,03 ;   8,991995 ;   91,95
589,67 ; 299,98 ;   7,518113 ;   76,59
591,70 ; 299,95 ;   8,798422 ;   89,75
593,74 ; 299,94 ;   8,799287 ;   89,11
595,77 ; 299,99 ;   8,309355 ;   84,65
597,80 ; 299,98 ;   7,315866 ;   74,83
599,84 ; 299,97 ;   8,306234 ;   84,07
601,87 ; 299,99 ;   8,407852 ;   85,42
603,90 ; 300,02 ;   7,811139 ;   79,41
605,94 ; 300,02 ;   7,815384 ;   79,12
607,97 ; 300,08 ;   8,106451 ;   82,54
610,00 ; 300,04 ;   7,127980 ;   72,59
612,04 ; 299,98 ;   8,599584 ;   87,93
614,07 ; 300,06 ;   8,905348 ;   90,91
616,10 ; 300,02 ;   6,928914 ;   70,48
618,14 ; 300,04 ;   8,815828 ;   89,36
620,17 ; 300,04 ;   7,718426 ;   78,76
622,20 ; 300,02 ;   8,120996 ;   82,18
624,24 ; 300,12 ;   8,418538 ;   85,90
626,27 ; 300,05 ;   6,536816 ;   66,30
628,30 ; 300,06 ;   9,012667 ;   91,08
630,34 ; 300,09 ;   7,924949 ;   80,68
632,37 ; 300,05 ;   7,724195 ;   78,08
634,40 ; 299,98 ;   8,517130 ;   86,46
636,44 ; 300,05 ;   9,206601 ;   93,06
638,47 ; 300,01 ;   7,038662 ;   71,58
640,50 ; 300,02 ;   8,799166 ;   89,32
642,54 ; 300,02 ;   8,012336 ;   81,22
644,57 ; 300,02 ;   8,104295 ;   82,36
646,60 ; 300,04 ;   8,103974 ;   82,35
648,64 ; 300,02 ;   7,711974 ;   78,62
650,67 ; 299,99 ;   8,407550 ;   85,77
652,70 ; 299,98 ;   8,503117 ;   86,06
654,74 ; 299,99 ;   8,200264 ;   83,88
656,77 ; 300,04 ;   8,012497 ;   81,50
658,80 ; 299,98 ;   7,413459 ;   75,19
660,84 ; 299,90 ;   8,888894 ;   90,73
662,87 ; 300,03 ;   9,485686 ;   96,41
664,90 ; 300,03 ;   6,127280 ;   62,73
666,94 ; 300,01 ;   8,104046 ;   82,16
668,97 ; 300,02 ;   8,408698 ;   85,88
671,00 ; 300,06 ;   8,008329 ;   81,20
673,04 ; 300,01 ;   7,318627 ;   74,89
675,07 ; 300,02 ;   8,905091 ;   90,43
677,10 ; 299,99 ;   8,019433 ;   81,18
679,14 ; 299,96 ;   8,508440 ;   86,05
681,17 ; 300,03 ;   8,604936 ;   87,59
683,20 ; 300,09 ;   7,027811 ;   71,84
685,24 ; 299,98 ;   7,220469 ;   73,42
687,27 ; 300,03 ;   9,595774 ;   97,55
689,30 ; 300,05 ;   7,428174 ;   75,25
691,34 ; 300,05 ;   7,722949 ;   78,37
693,37 ; 300,05 ;   8,017653 ;   81,79
695,40 ; 300,01 ;   8,017620 ;   81,77
697,44 ; 299,99 ;   8,805812 ;   89,21
699,47 ; 299,99 ;   8,311369 ;   84,84
701,50 ; 299,99 ;   8,119976 ;   82,55
703,54 ; 299,96 ;   8,117831 ;   82,56
705,57 ; 299,98 ;   8,603295 ;   87,53
707,60 ; 299,99 ;   7,816772 ;   79,24
709,64 ; 300,02 ;   8,016069 ;   81,43
711,67 ; 299,97 ;   7,706332 ;   78,85
713,70 ; 299,99 ;   8,794570 ;   89,73
715,74 ; 300,03 ;   7,809785 ;   79,15
717,77 ; 300,02 ;   7,518421 ;   76,37
719,80 ; 299,98 ;   8,308967 ;   84,56
721,84 ; 300,09 ;   8,610756 ;   87,24
723,87 ; 300,06 ;   6,525991 ;   66,51
725,90 ; 300,01 ;   8,402400 ;   85,08
727,94 ; 300,04 ;   8,900335 ;   90,34
729,97 ; 299,99 ;   7,608670 ;   77,36
732,00 ; 300,01 ;   8,800732 ;   89,38
734,04 ; 299,98 ;   7,917559 ;   80,04
736,07 ; 300,01 ;   8,513105 ;   86,05
738,10 ; 300,06 ;   7,723376 ;   78,90
740,14 ; 299,98 ;   7,216907 ;   73,63
742,17 ; 300,01 ;   9,297339 ;   94,04
744,20 ; 300,02 ;   7,717729 ;   78,88
746,24 ; 299,96 ;   8,024443 ;   81,07
748,27 ; 299,97 ;   8,907030 ;   90,90
750,30 ; 300,02 ;   8,014410 ;   81,67
752,34 ; 299,99 ;   7,422950 ;   75,37
754,37 ; 299,98 ;   8,415805 ;   85,95
756,40 ; 299,99 ;   8,223775 ;   83,77
758,44 ; 300,05 ;   8,018572 ;   81,38
760,47 ; 300,05 ;   7,134644 ;   72,59
762,50 ; 300,03 ;   8,021528 ;   81,72
764,54 ; 300,04 ;   8,418297 ;   85,43
766,57 ; 300,03 ;   7,925623 ;   80,75
768,60 ; 300,01 ;   8,230126 ;   83,13
770,64 ; 299,96 ;   8,422138 ;   85,70
772,67 ; 300,03 ;   8,820474 ;   89,73
774,70 ; 299,95 ;   7,033674 ;   71,70
776,74 ; 299,98 ;   9,406165 ;   95,64
778,77 ; 300,01 ;   7,526696 ;   76,88
780,80 ; 299,98 ;   7,723310 ;   78,86
782,84 ; 299,97 ;   8,519436 ;   86,02
784,87 ; 300,06 ;   8,419145 ;   85,08
786,90 ; 300,01 ;   6,633789 ;   67,89
788,94 ; 299,99 ;   8,914778 ;   90,29
790,97 ; 299,99 ;   8,325200 ;   84,77
793,00 ; 300,05 ;   8,128967 ;   82,49
795,04 ; 299,98 ;   7,129119 ;   72,55
797,07 ; 299,99 ;   9,094385 ;   92,86
799,10 ; 299,99 ;   8,016375 ;   81,34
801,14 ; 300,03 ;   8,109653 ;   82,48
803,17 ; 300,02 ;   7,523784 ;   76,27
805,20 ; 299,95 ;   8,315405 ;   84,46
807,24 ; 299,96 ;   9,210017 ;   93,36
809,27 ; 299,94 ;   7,928273 ;   80,60
811,30 ; 300,02 ;   8,516902 ;   86,62
813,34 ; 300,03 ;   6,933433 ;   70,79
815,37 ; 300,03 ;   7,813540 ;   79,72
817,40 ; 300,03 ;   8,116762 ;   82,00
819,44 ; 299,95 ;   8,013310 ;   81,99
821,47 ; 299,99 ;   9,379522 ;   95,66
823,50 ; 299,94 ;   7,415695 ;   75,64
825,54 ; 300,05 ;   8,990553 ;   91,20
827,57 ; 299,98 ;   6,330597 ;   64,57
829,60 ; 300,04 ;   9,102426 ;   92,89
831,64 ; 299,97 ;   7,218543 ;   73,91
833,67 ; 300,02 ;   9,193412 ;   93,09
835,70 ; 299,92 ;   7,419966 ;   75,35
837,74 ; 299,89 ;   9,599354 ;   97,11
839,77 ; 299,97 ;   8,711596 ;   88,39
841,80 ; 300,03 ;   7,025219 ;   71,42
843,84 ; 299,99 ;   7,113051 ;   72,91
845,87 ; 300,03 ;   8,688825 ;   88,26
847,90 ; 300,02 ;   7,503330 ;   76,33
849,94 ; 299,99 ;   8,303051 ;   84,53
851,97 ; 299,98 ;   8,403263 ;   85,97
854,00 ; 299,96 ;   8,197477 ;   83,78
856,04 ; 300,04 ;   8,476551 ;   86,37
858,07 ; 300,04 ;   6,900623 ;   70,52
860,10 ; 299,96 ;   7,991366 ;   81,94
862,14 ; 299,94 ;   9,275481 ;   94,36
864,17 ; 300,03 ;   8,497612 ;   86,67
866,20 ; 300,06 ;   6,718227 ;   68,35
868,24 ; 299,99 ;   7,605059 ;   77,08
870,27 ; 299,99 ;   9,087818 ;   92,83
872,30 ; 300,01 ;   8,101470 ;   82,54
874,34 ; 300,04 ;   7,908504 ;   80,05
876,37 ; 300,03 ;   7,603868 ;   77,37
878,40 ; 299,96 ;   8,188887 ;   83,17
880,44 ; 299,98 ;   9,187367 ;   93,21
882,47 ; 299,96 ;   7,799209 ;   79,20
884,50 ; 299,96 ;   8,495722 ;   86,36
886,54 ; 299,92 ;   8,101372 ;   82,94
888,57 ; 299,95 ;   8,794749 ;   89,16
890,60 ; 300,01 ;   7,809615 ;   79,74
892,64 ; 300,01 ;   7,212647 ;   73,24
894,67 ; 299,94 ;   8,100849 ;   82,38
896,70 ; 299,87 ;   9,192397 ;   93,56
898,73 ; 299,96 ;   9,292907 ;   94,49
900,77 ; 299,98 ;   6,829388 ;   69,32
902,80 ; 299,91 ;   7,803619 ;   79,31
904,83 ; 299,90 ;   9,182439 ;   93,93
906,87 ; 299,89 ;   8,494382 ;   86,15
908,90 ; 299,98 ;   8,398252 ;   85,13
910,93 ; 299,94 ;   6,816017 ;   69,10
912,97 ; 300,01 ;   8,885265 ;   90,28
915,00 ; 299,96 ;   7,108050 ;   72,26
917,04 ; 300,04 ;   8,887189 ;   90,00
919,07 ; 300,02 ;   6,908269 ;   70,72
921,10 ; 300,04 ;   8,391322 ;   85,87
923,13 ; 300,02 ;   7,705235 ;   78,71
925,17 ; 300,02 ;   8,401348 ;   85,85
927,20 ; 300,06 ;   8,098731 ;   82,42
929,23 ; 300,03 ;   7,312610 ;   74,96
931,27 ; 300,04 ;   8,502361 ;   86,77
933,30 ; 299,96 ;   7,907469 ;   80,95
935,33 ; 300,04 ;   9,293357 ;   94,51
937,37 ; 299,94 ;   6,919987 ;   70,67
939,40 ; 299,94 ;   9,689360 ;   98,24
941,43 ; 300,01 ;   8,206420 ;   83,40
943,47 ; 300,01 ;   7,124559 ;   72,23
945,50 ; 299,99 ;   8,112817 ;   82,51
947,53 ; 299,94 ;   8,303082 ;   85,00
949,57 ; 299,96 ;   8,984104 ;   91,41
951,60 ; 299,92 ;   7,797493 ;   79,70
953,63 ; 300,01 ;   8,780498 ;   89,35
955,67 ; 299,97 ;   6,813216 ;   69,99
957,70 ; 300,06 ;   8,688331 ;   88,78
959,73 ; 299,99 ;   6,718200 ;   68,16
961,77 ; 299,99 ;   9,189617 ;   93,03
963,80 ; 299,97 ;   8,092694 ;   82,75
965,83 ; 300,01 ;   8,493540 ;   86,48
967,87 ; 300,03 ;   7,506021 ;   76,85
969,90 ; 300,03 ;   7,717735 ;   78,83
971,93 ; 300,01 ;   8,103576 ;   82,25
973,97 ; 300,03 ;   8,408295 ;   85,97
976,00 ; 299,99 ;   7,700442 ;   78,81
978,03 ; 299,96 ;   8,689346 ;   88,45
980,07 ; 299,97 ;   8,586859 ;   87,70
982,10 ; 300,02 ;   8,003458 ;   81,90
984,13 ; 299,96 ;   7,413271 ;   75,60
986,17 ; 299,99 ;   8,987416 ;   91,15
988,20 ; 299,95 ;   7,700567 ;   78,19
990,23 ; 299,98 ;   8,896096 ;   90,22
992,27 ; 299,97 ;   7,609160 ;   77,16
994,30 ; 299,92 ;   8,403120 ;   85,37
996,33 ; 299,98 ;   8,902182 ;   90,54
998,37 ; 299,95 ;   7,216304 ;   73,76
1000,40 ; 299,95 ;   8,800893 ;   89,12
1002,43 ; 299,94 ;   8,208564 ;   83,42
1004,47 ; 299,95 ;   8,310262 ;   84,68
1006,50 ; 300,03 ;   8,121068 ;   82,31
1008,53 ; 299,96 ;   6,834220 ;   69,80
1010,57 ; 300,01 ;   9,198609 ;   93,55
1012,60 ; 299,99 ;   7,425245 ;   75,81
1014,63 ; 299,99 ;   8,410337 ;   85,15
1016,67 ; 299,99 ;   8,110099 ;   82,87
1018,70 ; 300,03 ;   8,113475 ;   82,87
1020,73 ; 299,99 ;   7,515156 ;   76,66
1022,77 ; 300,03 ;   8,694643 ;   88,58
1024,80 ; 300,03 ;   7,520309 ;   76,65
1026,83 ; 299,98 ;   8,097936 ;   82,36
1028,87 ; 300,01 ;   8,795326 ;   89,81
1030,90 ; 300,03 ;   7,810373 ;   79,23
1032,93 ; 300,01 ;   7,709144 ;   78,93
1034,97 ; 299,99 ;   8,507020 ;   86,08
1037,00 ; 300,03 ;   8,407457 ;   85,13
1039,03 ; 300,04 ;   7,519509 ;   76,63
1041,07 ; 300,03 ;   8,013913 ;   81,10
1043,10 ; 300,06 ;   8,214233 ;   83,47
1045,13 ; 300,01 ;   7,621006 ;   77,35
1047,17 ; 300,03 ;   8,903361 ;   90,61
1049,20 ; 300,03 ;   7,716191 ;   78,88
1051,23 ; 300,03 ;   8,109059 ;   82,30
1053,27 ; 300,03 ;   8,120015 ;   82,29
1055,30 ; 300,01 ;   8,122344 ;   82,28
1057,33 ; 300,06 ;   8,419872 ;   86,00
1059,37 ; 300,01 ;   7,231533 ;   73,87
1061,40 ; 299,99 ;   8,907154 ;   90,56
1063,43 ; 300,03 ;   8,413725 ;   85,04
1065,47 ; 299,95 ;   7,515949 ;   76,54
1067,50 ; 299,96 ;   9,405247 ;   95,91
1069,53 ; 299,91 ;   7,929060 ;   80,87
1071,57 ; 299,96 ;   8,905766 ;   90,62
1073,60 ; 299,99 ;   7,516167 ;   76,34
1075,63 ; 300,02 ;   7,718169 ;   78,23
1077,67 ; 299,95 ;   7,815680 ;   79,08
1079,70 ; 299,97 ;   9,212131 ;   93,69
1081,73 ; 299,97 ;   7,831972 ;   79,68
1083,77 ; 300,01 ;   8,229838 ;   83,12
1085,80 ; 299,94 ;   7,539402 ;   76,91
1087,83 ; 299,98 ;   9,228429 ;   93,81
1089,87 ; 300,12 ;   7,541082 ;   76,08
1091,90 ; 300,03 ;   6,055139 ;   61,83
1093,93 ; 299,94 ;   9,323682 ;   94,89
1095,97 ; 300,06 ;   9,625353 ;   97,22
1098,00 ; 300,03 ;   6,260198 ;   63,64
1100,03 ; 300,14 ;   8,524150 ;   86,88
1102,07 ; 300,10 ;   6,345402 ;   64,91
1104,10 ; 300,08 ;   8,626911 ;   87,09
1106,13 ; 299,98 ;   8,427894 ;   85,07
1108,17 ; 300,08 ;   9,522687 ;   96,53
1110,20 ; 300,06 ;   6,645314 ;   67,91
1112,23 ; 299,98 ;   8,337415 ;   84,09
1114,27 ; 300,01 ;   9,329276 ;   94,21
1116,30 ; 299,95 ;   7,841205 ;   79,06
1118,33 ; 299,98 ;   9,128835 ;   92,43
1120,37 ; 300,08 ;   7,646695 ;   77,09
1122,40 ; 300,04 ;   6,646424 ;   67,90
1124,43 ; 300,03 ;   8,634521 ;   87,81
1126,47 ; 300,03 ;   8,236679 ;   83,32
1128,50 ; 300,05 ;   8,131518 ;   82,17
1130,53 ; 300,14 ;   7,740401 ;   78,43
1132,57 ; 300,06 ;   6,746479 ;   68,19
1134,60 ; 300,14 ;   9,230553 ;   93,15
1136,63 ; 300,03 ;   6,847534 ;   69,27
1138,67 ; 300,09 ;   9,727208 ;   98,06
1140,70 ; 300,03 ;   7,252495 ;   73,35
1142,73 ; 300,02 ;   8,934162 ;   90,03
1144,77 ; 299,97 ;   8,338206 ;   84,51
1146,80 ; 300,04 ;   8,834689 ;   89,68
1148,83 ; 300,05 ;   7,049740 ;   71,64
1150,87 ; 300,05 ;   7,840548 ;   79,43
1152,90 ; 300,01 ;   8,036120 ;   81,71
1154,93 ; 300,02 ;   8,822624 ;   89,15
1156,97 ; 299,96 ;   8,034544 ;   81,05
1159,00 ; 300,09 ;   8,933056 ;   90,89
1161,03 ; 300,03 ;   6,252553 ;   63,01
1163,07 ; 300,04 ;   8,834304 ;   89,97
1165,10 ; 300,14 ;   7,942751 ;   80,72
1167,13 ; 300,06 ;   6,450541 ;   65,71
1169,17 ; 300,08 ;   9,123302 ;   92,95
1171,20 ; 300,06 ;   7,840590 ;   79,02
1173,23 ; 300,13 ;   8,237936 ;   83,77
1175,27 ; 300,06 ;   7,048279 ;   71,53
1177,30 ; 300,06 ;   8,934824 ;   90,58
1179,33 ; 300,04 ;   8,045982 ;   81,42
1181,37 ; 300,06 ;   8,436348 ;   85,13
1183,40 ; 300,05 ;   7,641438 ;   77,97
1185,43 ; 300,09 ;   8,146079 ;   82,62
1187,47 ; 300,12 ;   7,547438 ;   76,49
1189,50 ; 300,08 ;   7,550877 ;   76,08
1191,53 ; 300,13 ;   8,532031 ;   86,83
1193,57 ; 299,92 ;   7,251488 ;   73,64
1195,60 ; 300,06 ;   11,123697 ;  112,78
1197,63 ; 299,98 ;   5,963070 ;   60,71
1199,67 ; 299,96 ;   9,234335 ;   93,70
1201,70 ; 299,99 ;   8,436571 ;   86,00
1203,73 ; 299,98 ;   7,647812 ;   77,61
1205,77 ; 300,01 ;   8,214698 ;   83,42
1207,80 ; 299,95 ;   7,671557 ;   78,56
1209,83 ; 300,04 ;   8,984810 ;   91,92
1211,87 ; 300,05 ;   6,594414 ;   67,88
1213,90 ; 299,98 ;   7,807192 ;   79,10
1215,93 ; 300,05 ;   9,084066 ;   92,56
1217,97 ; 299,85 ;   6,999123 ;   71,09
1220,00 ; 298,66 ;   11,121398 ;  113,68
1222,03 ; 296,23 ;   12,196351 ;  125,00
1224,07 ; 293,55 ;   12,196806 ;  125,00
1226,10 ; 291,05 ;   12,200327 ;  125,00
1228,13 ; 288,86 ;   12,208087 ;  125,00
1230,17 ; 286,97 ;   12,210588 ;  125,00
1232,20 ; 285,29 ;   12,207060 ;  125,00
1234,23 ; 283,87 ;   12,208213 ;  125,00
1236,27 ; 282,63 ;   12,211731 ;  125,00
1238,30 ; 281,58 ;   12,212719 ;  125,00
1240,33 ; 280,68 ;   12,214579 ;  125,00
1242,37 ; 279,95 ;   12,218715 ;  125,00
1244,40 ; 279,33 ;   12,216009 ;  125,00
1246,43 ; 278,91 ;   12,217694 ;  125,00
1248,47 ; 278,57 ;   12,215879 ;  125,00
1250,50 ; 278,27 ;   12,220569 ;  125,00
1252,54 ; 278,02 ;   12,223450 ;  125,00
1254,57 ; 277,90 ;   12,220374 ;  125,00
1256,60 ; 277,83 ;   12,219805 ;  125,00
1258,64 ; 277,84 ;   12,223772 ;  125,00
1260,67 ; 278,02 ;   12,222054 ;  125,00
1262,70 ; 278,11 ;   12,225138 ;  125,00
1264,74 ; 278,22 ;   12,231325 ;  125,00
1266,77 ; 278,39 ;   12,231214 ;  125,00
1268,80 ; 278,70 ;   12,199188 ;  125,00
1270,84 ; 278,98 ;   12,213428 ;  125,00
1272,87 ; 279,21 ;   12,205311 ;  125,00
1274,90 ; 279,53 ;   12,213093 ;  125,00
1276,94 ; 279,90 ;   12,215924 ;  125,00
1278,97 ; 280,35 ;   12,217198 ;  125,00
1281,00 ; 280,70 ;   12,220212 ;  125,00
1283,04 ; 281,15 ;   12,218109 ;  125,00
1285,07 ; 281,58 ;   12,218742 ;  125,00
1287,10 ; 281,96 ;   12,225697 ;  125,00
1289,14 ; 282,46 ;   12,221228 ;  125,00
1291,17 ; 282,96 ;   12,222257 ;  125,00
1293,20 ; 283,48 ;   12,225338 ;  125,00
1295,24 ; 283,98 ;   12,221759 ;  125,00
1297,27 ; 284,44 ;   12,212191 ;  125,00
1299,30 ; 285,05 ;   12,214371 ;  125,00
1301,34 ; 285,48 ;   9,974310 ;  101,54
1303,37 ; 286,03 ;   12,198431 ;  124,91
1305,40 ; 286,61 ;   10,365173 ;  105,70
1307,44 ; 287,09 ;   9,581984 ;   97,18
1309,47 ; 287,64 ;   10,662969 ;  108,21
1311,50 ; 288,20 ;   9,390989 ;   95,33
1313,54 ; 288,73 ;   8,793026 ;   89,01
1315,57 ; 289,18 ;   9,002154 ;   91,09
1317,60 ; 289,71 ;   9,704119 ;   98,43
1319,64 ; 290,20 ;   8,122320 ;   82,97
1321,67 ; 290,57 ;   8,415820 ;   85,06
1323,70 ; 291,07 ;   9,989292 ;  101,15
1325,74 ; 291,48 ;   7,628699 ;   77,67
1327,77 ; 291,88 ;   8,718286 ;   88,54
1329,80 ; 292,20 ;   8,518963 ;   86,77
1331,84 ; 292,60 ;   9,506619 ;   96,13
1333,87 ; 292,92 ;   7,923698 ;   80,41
1335,90 ; 293,23 ;   8,910579 ;   90,75
1337,94 ; 293,60 ;   8,804118 ;   89,73
1339,97 ; 293,91 ;   7,716235 ;   78,77
1342,00 ; 294,06 ;   8,414093 ;   85,60
1344,04 ; 294,38 ;   10,486586 ;  106,92
1346,07 ; 294,57 ;   8,017179 ;   81,59
1348,10 ; 294,77 ;   9,601489 ;   97,64
1350,14 ; 295,11 ;   9,494875 ;   96,55
1352,17 ; 295,29 ;   7,022378 ;   71,79
1354,20 ; 295,51 ;   9,298653 ;   94,72
1356,24 ; 295,75 ;   8,611572 ;   87,41
1358,27 ; 295,91 ;   8,116174 ;   82,05
1360,30 ; 296,02 ;   9,110081 ;   92,46
1362,34 ; 296,34 ;   9,895831 ;  100,10
1364,37 ; 296,45 ;   6,537564 ;   66,18
1366,41 ; 296,65 ;   9,595195 ;   97,81
1368,44 ; 296,73 ;   8,020372 ;   81,27
1370,47 ; 296,84 ;   9,696268 ;   98,17
1372,51 ; 297,04 ;   9,309476 ;   94,16
1374,54 ; 297,17 ;   7,823074 ;   79,92
1376,57 ; 297,34 ;   8,721520 ;   88,12
1378,61 ; 297,41 ;   8,128825 ;   82,15
1380,64 ; 297,63 ;   9,410562 ;   95,66
1382,67 ; 297,68 ;   6,940590 ;   70,58
1384,71 ; 297,83 ;   9,508261 ;   96,86
1386,74 ; 298,00 ;   7,928915 ;   80,72
1388,77 ; 298,10 ;   7,428906 ;   75,63
1390,81 ; 298,25 ;   8,423648 ;   85,13
1392,84 ; 298,27 ;   7,536561 ;   76,86
1394,87 ; 298,41 ;   9,508239 ;   96,54
1396,91 ; 298,52 ;   7,531582 ;   76,90
1398,94 ; 298,54 ;   7,930331 ;   80,48
1400,97 ; 298,62 ;   9,217081 ;   93,14
1403,01 ; 298,81 ;   8,317716 ;   84,50
1405,04 ; 298,87 ;   6,443698 ;   65,23
1407,07 ; 298,93 ;   8,420082 ;   85,40
1409,11 ; 298,91 ;   8,224395 ;   83,74
1411,14 ; 299,01 ;   9,403062 ;   95,65
1413,17 ; 299,14 ;   7,720890 ;   78,73
1415,21 ; 299,13 ;   7,037538 ;   71,57
1417,24 ; 299,21 ;   9,106738 ;   92,46
1419,27 ; 299,28 ;   7,828427 ;   79,11
1421,31 ; 299,35 ;   7,825271 ;   79,56
1423,34 ; 299,37 ;   7,725668 ;   78,85
1425,37 ; 299,42 ;   8,522611 ;   86,81
1427,41 ; 299,48 ;   7,929419 ;   80,56
1429,44 ; 299,48 ;   7,926601 ;   80,01
1431,47 ; 299,55 ;   8,719072 ;   88,15
1433,51 ; 299,60 ;   7,434325 ;   75,86
1435,54 ; 299,63 ;   7,830091 ;   79,94
1437,57 ; 299,66 ;   8,219375 ;   83,17
1439,61 ; 299,62 ;   7,921164 ;   80,48
1441,64 ; 299,71 ;   9,215620 ;   93,74
1443,67 ; 299,71 ;   7,140884 ;   72,06
1445,71 ; 299,69 ;   8,427145 ;   85,86
1447,74 ; 299,66 ;   8,827864 ;   89,66
1449,77 ; 299,71 ;   8,923967 ;   90,04
1451,81 ; 299,76 ;   7,840863 ;   79,23
1453,84 ; 299,77 ;   7,736596 ;   78,71
1455,87 ; 299,85 ;   8,325972 ;   84,39
1457,91 ; 299,85 ;   7,040170 ;   71,92
1459,94 ; 299,87 ;   8,328349 ;   84,53
1461,97 ; 299,92 ;   8,130938 ;   82,08
1464,01 ; 299,96 ;   7,436669 ;   75,71
1466,04 ; 299,95 ;   7,638969 ;   77,51
1468,07 ; 299,96 ;   8,432415 ;   85,72
1470,11 ; 299,91 ;   7,933813 ;   80,97
1472,14 ; 299,98 ;   8,928440 ;   90,72
1474,17 ; 299,97 ;   7,138621 ;   72,70
1476,21 ; 299,97 ;   8,424081 ;   85,47
1478,24 ; 300,03 ;   8,232520 ;   83,20
1480,27 ; 300,08 ;   7,241667 ;   73,27
1482,31 ; 300,05 ;   7,340051 ;   74,95
1484,34 ; 300,03 ;   8,433480 ;   85,51
1486,37 ; 300,01 ;   8,435967 ;   85,80
1488,41 ; 300,05 ;   8,536726 ;   86,08
1490,44 ; 300,06 ;   7,442868 ;   75,19
1492,47 ; 300,04 ;   7,937624 ;   80,80
1494,51 ; 300,05 ;   8,436045 ;   85,65
1496,54 ; 300,09 ;   7,846392 ;   79,73
1498,57 ; 300,09 ;   7,644315 ;   77,03
1500,61 ; 300,12 ;   8,041692 ;   81,58
1502,64 ; 300,08 ;   7,544030 ;   76,59
1504,67 ; 300,14 ;   8,639873 ;   87,34
1506,71 ; 300,09 ;   7,052398 ;   71,67
1508,74 ; 300,14 ;   8,833207 ;   89,48
1510,77 ; 300,12 ;   7,154746 ;   72,75
1512,81 ; 300,10 ;   8,340847 ;   84,45
1514,84 ; 300,14 ;   8,246191 ;   83,48
1516,87 ; 300,16 ;   7,333879 ;   74,95
1518,91 ; 300,20 ;   7,528530 ;   76,90
1520,94 ; 300,16 ;   7,329417 ;   74,07
1522,97 ; 300,14 ;   8,425014 ;   85,95
1525,01 ; 300,10 ;   8,217969 ;   83,92
1527,04 ; 300,14 ;   8,506386 ;   86,67
1529,07 ; 300,08 ;   7,318132 ;   74,72
1531,11 ; 300,09 ;   8,905487 ;   90,34
1533,14 ; 300,04 ;   7,814721 ;   79,93
1535,17 ; 300,03 ;   8,713703 ;   88,51
1537,21 ; 300,10 ;   8,117773 ;   82,88
1539,24 ; 299,98 ;   6,927758 ;   70,55
1541,27 ; 300,01 ;   9,797866 ;   99,44
1543,31 ; 300,03 ;   7,724937 ;   78,58
1545,34 ; 300,10 ;   7,733859 ;   78,28
1547,37 ; 300,12 ;   6,930609 ;   70,52
1549,41 ; 300,13 ;   7,728681 ;   78,29
1551,44 ; 300,08 ;   7,838817 ;   79,31
1553,47 ; 300,09 ;   8,627128 ;   87,87
1555,51 ; 300,02 ;   7,838241 ;   79,75
1557,54 ; 300,12 ;   9,115497 ;   92,05
1559,57 ; 300,04 ;   6,444169 ;   65,61
1561,61 ; 300,09 ;   9,119057 ;   92,87
1563,64 ; 300,12 ;   7,235716 ;   73,97
1565,67 ; 300,06 ;   7,431469 ;   75,84
1567,71 ; 300,12 ;   8,818312 ;   89,08
1569,74 ; 300,05 ;   7,137240 ;   72,37
1571,77 ; 300,03 ;   8,922103 ;   90,28
1573,81 ; 300,15 ;   8,331067 ;   84,85
1575,84 ; 300,12 ;   6,147533 ;   62,77
1577,87 ; 300,12 ;   8,331066 ;   84,85
1579,91 ; 300,09 ;   7,940119 ;   80,25
1581,94 ; 300,09 ;   8,433259 ;   85,19
1583,97 ; 300,05 ;   7,939923 ;   80,59
1586,01 ; 300,10 ;   8,434753 ;   85,54
1588,04 ; 300,15 ;   7,242134 ;   73,50
1590,07 ; 300,12 ;   7,149365 ;   72,87
1592,11 ; 300,09 ;   8,332514 ;   84,67
1594,14 ; 300,15 ;   8,436682 ;   85,03
1596,17 ; 300,12 ;   6,946292 ;   70,50
1598,21 ; 300,09 ;   8,333848 ;   84,58
1600,24 ; 300,13 ;   8,336213 ;   84,94
1602,27 ; 300,12 ;   7,341798 ;   74,14
1604,31 ; 300,10 ;   8,031755 ;   81,06
1606,34 ; 300,10 ;   8,139027 ;   82,38
1608,37 ; 300,16 ;   7,933788 ;   80,07
1610,41 ; 300,06 ;   6,941485 ;   70,10
1612,44 ; 300,10 ;   9,416361 ;   95,36
1614,47 ; 300,13 ;   7,336255 ;   74,27
1616,51 ; 300,12 ;   7,538119 ;   76,23
1618,54 ; 300,10 ;   7,925282 ;   80,87
1620,57 ; 300,12 ;   8,115986 ;   82,18
1622,61 ; 300,08 ;   7,619911 ;   77,38
1624,64 ; 300,13 ;   8,419452 ;   85,85
1626,67 ; 300,03 ;   7,131125 ;   72,66
1628,71 ; 300,15 ;   9,306706 ;   94,40
1630,74 ; 300,05 ;   6,148683 ;   62,04
1632,77 ; 300,17 ;   9,314868 ;   94,07
1634,81 ; 300,04 ;   6,047419 ;   61,69
1636,84 ; 300,02 ;   9,812362 ;   99,91
1638,87 ; 300,04 ;   8,323501 ;   84,20
1640,91 ; 300,03 ;   7,609883 ;   77,04
1642,94 ; 300,04 ;   8,003350 ;   81,70
1644,97 ; 300,05 ;   7,805436 ;   79,31
1647,01 ; 299,99 ;   7,607742 ;   77,95
1649,04 ; 299,96 ;   8,898236 ;   90,16
1651,07 ; 299,96 ;   8,402632 ;   86,00
1653,11 ; 300,02 ;   8,008896 ;   81,43
1655,14 ; 300,02 ;   7,125321 ;   72,75
1657,17 ; 300,06 ;   7,922265 ;   80,74
1659,21 ; 300,02 ;   7,229057 ;   73,28
1661,24 ; 300,01 ;   8,611969 ;   87,58
1663,27 ; 300,05 ;   8,026640 ;   81,96
1665,31 ; 300,09 ;   7,232798 ;   73,36
1667,34 ; 300,08 ;   7,431099 ;   75,24
1669,37 ; 300,01 ;   8,020441 ;   81,03
1671,41 ; 300,04 ;   9,010516 ;   91,04
1673,44 ; 300,06 ;   7,428770 ;   75,79
1675,47 ; 300,05 ;   7,527301 ;   76,62
1677,51 ; 300,05 ;   8,024734 ;   81,28
1679,54 ; 300,12 ;   7,926358 ;   80,12
1681,57 ; 299,98 ;   6,939838 ;   70,17
1683,61 ; 299,99 ;   9,908902 ;  100,41
1685,64 ; 299,96 ;   7,829801 ;   79,74
1687,67 ; 299,99 ;   8,418831 ;   85,85
1689,71 ; 300,03 ;   7,535084 ;   76,32
1691,74 ; 300,02 ;   7,340880 ;   74,68
1693,77 ; 300,02 ;   8,122113 ;   82,87
1695,81 ; 300,02 ;   7,929186 ;   80,58
1697,84 ; 300,05 ;   7,930262 ;   80,58
1699,87 ; 299,99 ;   7,330945 ;   74,36
1701,91 ; 300,03 ;   8,820714 ;   90,00
1703,94 ; 300,02 ;   7,343415 ;   74,64
1705,97 ; 300,06 ;   8,135065 ;   82,84
1708,01 ; 299,96 ;   7,244179 ;   73,10
1710,04 ; 300,09 ;   9,520749 ;   96,10
1712,07 ; 300,04 ;   6,046213 ;   61,36
1714,11 ; 300,06 ;   8,629232 ;   87,08
1716,14 ; 299,99 ;   7,541835 ;   76,48
1718,17 ; 300,03 ;   9,027252 ;   91,08
1720,21 ; 299,97 ;   7,338627 ;   74,59
1722,24 ; 300,02 ;   8,918878 ;   90,24
1724,27 ; 300,05 ;   7,235569 ;   73,64
1726,31 ; 299,95 ;   7,341573 ;   74,28
1728,34 ; 299,94 ;   9,621053 ;   97,38
1730,37 ; 300,02 ;   8,129855 ;   82,63
1732,41 ; 299,95 ;   6,842003 ;   69,08
1734,44 ; 300,05 ;   9,030401 ;   91,69
1736,47 ; 299,98 ;   6,349086 ;   64,02
1738,51 ; 300,06 ;   9,022723 ;   91,19
1740,54 ; 300,04 ;   6,754120 ;   68,48
1742,57 ; 299,97 ;   8,240873 ;   83,62
1744,61 ; 299,96 ;   9,031061 ;   91,37
1746,64 ; 299,99 ;   8,131237 ;   82,33
1748,67 ; 299,98 ;   7,543963 ;   76,23
1750,71 ; 299,90 ;   8,139559 ;   82,05
1752,74 ; 300,08 ;   9,328075 ;   94,57
1754,77 ; 300,01 ;   5,267842 ;   53,44
1756,81 ; 299,99 ;   8,931268 ;   90,90
1758,84 ; 300,05 ;   8,236967 ;   83,10
1760,87 ; 300,01 ;   6,952050 ;   70,87
1762,91 ; 300,02 ;   8,641145 ;   87,46
1764,94 ; 300,05 ;   7,844954 ;   79,36
1766,97 ; 300,01 ;   7,348694 ;   74,28
1769,01 ; 300,08 ;   8,634723 ;   87,44
1771,04 ; 300,06 ;   6,853871 ;   69,40
1773,07 ; 300,04 ;   8,142234 ;   82,15
1775,11 ; 299,97 ;   8,244989 ;   83,57
1777,14 ; 300,06 ;   9,040414 ;   91,31
1779,17 ; 300,02 ;   6,549948 ;   66,13
1781,21 ; 300,09 ;   8,637234 ;   87,29
1783,24 ; 300,10 ;   6,846839 ;   69,24
1785,27 ; 300,01 ;   7,647169 ;   77,02
1787,31 ; 300,06 ;   9,339294 ;   94,20
1789,34 ; 300,06 ;   7,059065 ;   71,77
1791,37 ; 300,02 ;   7,848879 ;   79,76
1793,41 ; 300,05 ;   8,642932 ;   87,20
1795,44 ; 300,06 ;   7,355895 ;   74,12
1797,47 ; 299,95 ;   7,749202 ;   78,58
1799,51 ; 300,06 ;   9,727353 ;   98,36
1801,54 ; 299,99 ;   6,159054 ;   62,58
1803,57 ; 300,01 ;   8,936700 ;   90,89
1805,61 ; 300,01 ;   7,748428 ;   78,12
1807,64 ; 300,02 ;   7,950506 ;   80,40
1809,67 ; 299,97 ;   7,850710 ;   79,16
1811,71 ; 299,95 ;   8,641069 ;   87,76
1813,74 ; 299,98 ;   8,339833 ;   84,63
1815,77 ; 299,98 ;   7,447446 ;   75,00
1817,81 ; 300,03 ;   7,952321 ;   80,72
1819,84 ; 300,03 ;   7,245906 ;   73,27
1821,87 ; 300,02 ;   7,944160 ;   80,12
1823,91 ; 300,06 ;   8,146597 ;   82,60
1825,94 ; 300,08 ;   7,154536 ;   72,85
1827,97 ; 300,01 ;   7,649304 ;   77,21
1830,01 ; 299,96 ;   8,946218 ;   90,66
1832,04 ; 300,06 ;   8,642931 ;   87,82
1834,07 ; 300,15 ;   6,360429 ;   64,82
1836,11 ; 300,10 ;   6,553343 ;   66,00
1838,14 ; 299,99 ;   8,449360 ;   85,99
1840,17 ; 299,97 ;   9,535595 ;   96,50
1842,21 ; 300,05 ;   8,340086 ;   84,23
1844,24 ; 300,02 ;   6,656773 ;   67,14
1846,27 ; 299,97 ;   8,440465 ;   85,91
1848,31 ; 300,06 ;   8,645401 ;   87,65
1850,34 ; 299,96 ;   6,452968 ;   65,88
1852,37 ; 299,98 ;   9,435344 ;   95,74
1854,41 ; 300,01 ;   7,650480 ;   77,16
1856,44 ; 300,01 ;   7,551248 ;   76,87
1858,48 ; 299,97 ;   7,954183 ;   80,30
1860,51 ; 299,98 ;   8,545331 ;   86,51
1862,54 ; 300,03 ;   7,752280 ;   78,31
1864,57 ; 300,06 ;   7,255476 ;   73,15
1866,61 ; 300,04 ;   7,457924 ;   75,03
1868,64 ; 300,02 ;   8,252144 ;   83,31
1870,67 ; 300,02 ;   8,252467 ;   83,60
1872,71 ; 300,01 ;   7,956123 ;   80,17
1874,74 ; 300,06 ;   8,047852 ;   81,41
1876,77 ; 300,06 ;   7,051867 ;   71,57
1878,81 ; 300,03 ;   7,844644 ;   79,55
1880,84 ; 299,99 ;   8,353410 ;   84,51
1882,87 ; 300,04 ;   8,554639 ;   86,13
1884,91 ; 300,02 ;   7,155976 ;   72,97
1886,94 ; 300,03 ;   8,250257 ;   83,55
1888,97 ; 300,06 ;   7,653372 ;   77,63
1891,01 ; 300,04 ;   7,358568 ;   74,93
1893,04 ; 300,06 ;   8,252099 ;   83,22
1895,07 ; 300,03 ;   7,560797 ;   76,05
1897,11 ; 299,95 ;   8,344169 ;   84,43
1899,14 ; 299,99 ;   9,236990 ;   93,53
1901,17 ; 299,91 ;   7,255603 ;   73,51
1903,21 ; 300,04 ;   9,145017 ;   92,79
1905,24 ; 300,02 ;   6,066689 ;   61,49
1907,27 ; 299,98 ;   8,250511 ;   83,51
1909,31 ; 300,01 ;   8,443830 ;   85,05
1911,34 ; 300,06 ;   7,557106 ;   76,75
1913,37 ; 300,05 ;   7,052390 ;   71,48
1915,41 ; 300,01 ;   7,946680 ;   80,71
1917,44 ; 300,01 ;   8,648654 ;   87,01
1919,47 ; 300,05 ;   7,954826 ;   80,15
1921,51 ; 300,09 ;   7,156563 ;   72,69
1923,54 ; 299,96 ;   7,359793 ;   74,56
1925,57 ; 300,03 ;   9,742181 ;   98,99
1927,61 ; 300,01 ;   6,858635 ;   69,54
1929,64 ; 299,99 ;   8,240087 ;   83,54
1931,67 ; 300,06 ;   8,146712 ;   82,59
1933,71 ; 299,99 ;   6,858882 ;   69,13
1935,74 ; 299,95 ;   8,946500 ;   90,59
1937,77 ; 299,99 ;   8,634709 ;   87,75
1939,81 ; 300,03 ;   7,251834 ;   73,45
1941,84 ; 300,05 ;   7,346347 ;   74,10
1943,87 ; 299,98 ;   7,544468 ;   76,08
1945,91 ; 300,03 ;   8,928839 ;   90,68
1947,94 ; 300,04 ;   7,145977 ;   72,94
1949,97 ; 299,98 ;   7,729069 ;   78,55
1952,01 ; 299,94 ;   8,725461 ;   88,38
1954,04 ; 299,98 ;   8,621588 ;   87,83
1956,07 ; 299,95 ;   7,230504 ;   73,54
1958,11 ; 299,95 ;   8,515371 ;   86,61
1960,14 ; 299,99 ;   7,919901 ;   80,91
1962,17 ; 299,94 ;   7,232191 ;   73,47
1964,21 ; 300,03 ;   8,814011 ;   89,03
1966,24 ; 299,97 ;   6,547807 ;   66,13
1968,27 ; 299,96 ;   8,812221 ;   89,78
1970,31 ; 299,98 ;   8,025647 ;   81,89
1972,34 ; 299,98 ;   7,631496 ;   77,03
1974,37 ; 299,99 ;   7,932671 ;   80,46
1976,41 ; 299,97 ;   7,823991 ;   79,22
1978,44 ; 299,99 ;   8,328662 ;   84,09
1980,47 ; 299,97 ;   7,529059 ;   76,95
1982,51 ; 300,03 ;   8,328910 ;   84,10
1984,54 ; 299,91 ;   6,942821 ;   70,74
1986,57 ; 299,98 ;   9,717862 ;   98,51
1988,61 ; 299,88 ;   6,945498 ;   70,21
1990,64 ; 300,02 ;   9,605968 ;   97,89
1992,67 ; 299,99 ;   5,839843 ;   59,56
1994,71 ; 300,04 ;   8,212473 ;   83,86
1996,74 ; 299,90 ;   7,120041 ;   72,98
1998,77 ; 299,98 ;   10,091248 ;  102,20
2000,81 ; 299,91 ;   6,633889 ;   67,97
2002,84 ; 299,97 ;   9,005711 ;   91,73
2004,87 ; 299,97 ;   7,128367 ;   72,77
2006,91 ; 299,94 ;   7,916171 ;   80,78
2008,94 ; 299,97 ;   8,410295 ;   85,76
2010,97 ; 300,03 ;   7,520385 ;   76,23
2013,01 ; 299,96 ;   6,923724 ;   70,87
2015,04 ; 299,94 ;   8,996831 ;   91,19
2017,07 ; 299,95 ;   8,319305 ;   84,64
2019,11 ; 299,91 ;   7,815273 ;   79,99
2021,14 ; 299,95 ;   8,514286 ;   86,11
2023,17 ; 299,95 ;   7,522824 ;   76,59
2025,21 ; 299,88 ;   8,011876 ;   81,18
2027,24 ; 299,96 ;   9,111709 ;   92,38
2029,27 ; 299,94 ;   6,731044 ;   68,45
2031,31 ; 299,92 ;   8,314467 ;   84,76
2033,34 ; 299,89 ;   8,212362 ;   83,83
2035,37 ; 300,03 ;   8,515392 ;   86,54
2037,41 ; 300,01 ;   5,847643 ;   59,63
2039,44 ; 299,97 ;   8,208204 ;   83,92
2041,47 ; 299,97 ;   8,497893 ;   86,71
2043,51 ; 299,94 ;   7,907029 ;   81,00
2045,54 ; 300,04 ;   8,392105 ;   85,97
2047,57 ; 299,90 ;   6,423281 ;   65,25
2049,61 ; 299,94 ;   10,067599 ;  102,48
2051,64 ; 299,97 ;   7,392838 ;   75,72
2053,67 ; 299,92 ;   7,482356 ;   76,48
2055,71 ; 299,99 ;   8,676369 ;   88,51
2057,74 ; 299,85 ;   6,896782 ;   70,50
2059,77 ; 299,98 ;   10,155114 ;  103,17
2061,81 ; 299,99 ;   6,023735 ;   61,49
2063,84 ; 299,94 ;   7,802230 ;   79,68
2065,87 ; 299,96 ;   8,788898 ;   89,52
2067,91 ; 299,95 ;   7,607419 ;   77,81
2069,94 ; 299,90 ;   8,182160 ;   83,74
2071,97 ; 299,90 ;   8,682577 ;   88,92
2074,01 ; 299,97 ;   8,101566 ;   82,09
2076,04 ; 300,01 ;   6,919915 ;   70,92
2078,07 ; 299,92 ;   7,405063 ;   75,01
2080,11 ; 299,91 ;   9,295120 ;   94,39
2082,14 ; 299,91 ;   8,207358 ;   83,08
2084,17 ; 299,94 ;   8,014668 ;   81,96
2086,21 ; 299,98 ;   7,721325 ;   78,26
2088,24 ; 299,96 ;   7,320576 ;   74,24
2090,27 ; 299,97 ;   8,317376 ;   84,84
2092,31 ; 299,91 ;   7,915854 ;   80,17
2094,34 ; 299,91 ;   8,909001 ;   90,02
2096,37 ; 299,96 ;   8,121674 ;   82,04
2098,41 ; 299,94 ;   7,333297 ;   74,61
2100,44 ; 299,98 ;   8,417656 ;   85,21
2102,47 ; 299,92 ;   7,334789 ;   74,34
2104,51 ; 299,99 ;   9,011478 ;   91,14
2106,54 ; 299,98 ;   6,936708 ;   70,83
2108,57 ; 300,02 ;   8,124404 ;   82,36
2110,61 ; 300,03 ;   7,523495 ;   76,25
2112,64 ; 299,97 ;   7,730815 ;   78,33
2114,67 ; 299,99 ;   8,914784 ;   90,55
2116,71 ; 300,03 ;   7,624238 ;   77,69
2118,74 ; 299,96 ;   7,330282 ;   74,91
2120,77 ; 299,97 ;   9,015320 ;   91,80
2122,81 ; 300,02 ;   7,929749 ;   80,28
2124,84 ; 299,96 ;   7,239085 ;   73,97
2126,87 ; 299,98 ;   8,818690 ;   89,53
2128,91 ; 299,92 ;   7,630296 ;   77,81
2130,94 ; 299,97 ;   9,015328 ;   91,18
2132,97 ; 300,01 ;   7,330598 ;   74,61
2135,01 ; 299,96 ;   7,424223 ;   75,25
2137,04 ; 300,08 ;   8,717948 ;   88,43
2139,07 ; 299,95 ;   6,142523 ;   62,94
2141,11 ; 300,04 ;   10,003728 ;  101,20
2143,14 ; 300,01 ;   6,544886 ;   66,86
2145,17 ; 300,04 ;   8,424149 ;   85,53
2147,21 ; 300,01 ;   7,429965 ;   75,99
2149,24 ; 300,08 ;   8,421814 ;   85,52
2151,27 ; 299,97 ;   6,835431 ;   69,76
2153,31 ; 299,99 ;   9,609891 ;   97,43
2155,34 ; 300,03 ;   7,635004 ;   77,71
2157,37 ; 299,99 ;   7,333877 ;   74,93
2159,41 ; 299,98 ;   8,515725 ;   86,85
2161,44 ; 299,94 ;   8,121674 ;   82,37
2163,47 ; 300,01 ;   8,719369 ;   88,69
2165,51 ; 300,05 ;   6,941280 ;   70,66
2167,54 ; 300,03 ;   7,239827 ;   73,50
2169,57 ; 300,01 ;   8,324574 ;   84,07
2171,61 ; 300,04 ;   8,327553 ;   84,36
2173,64 ; 300,02 ;   7,435091 ;   75,96
2175,67 ; 299,99 ;   8,333010 ;   84,25
2177,71 ; 299,99 ;   8,333369 ;   84,54
2179,74 ; 300,01 ;   8,030939 ;   81,11
2181,77 ; 299,97 ;   7,729878 ;   78,63
2183,81 ; 299,92 ;   8,627800 ;   87,13
2185,84 ; 300,04 ;   8,728640 ;   88,88
2187,87 ; 300,01 ;   6,250074 ;   63,40
2189,91 ; 299,96 ;   8,427728 ;   85,51
2191,94 ; 300,04 ;   8,728793 ;   88,39
2193,97 ; 300,01 ;   6,839974 ;   69,10
2196,01 ; 300,01 ;   8,427011 ;   85,50
2198,04 ; 300,09 ;   7,934954 ;   80,93
2200,07 ; 299,95 ;   6,750203 ;   68,49
2202,11 ; 299,96 ;   10,109506 ;  102,27
2204,14 ; 300,04 ;   7,835085 ;   79,23
2206,17 ; 300,03 ;   6,842479 ;   69,09
2208,21 ; 300,03 ;   8,028226 ;   81,76
2210,24 ; 300,01 ;   7,939436 ;   80,61
2212,27 ; 300,09 ;   8,330804 ;   84,33
2214,31 ; 300,02 ;   6,743907 ;   68,48
2216,34 ; 300,03 ;   9,019028 ;   91,06
2218,37 ; 300,05 ;   7,742852 ;   78,29
2220,41 ; 300,14 ;   7,531749 ;   76,84
2222,44 ; 300,09 ;   6,548771 ;   66,58
2224,47 ; 300,09 ;   8,624071 ;   87,82
2226,51 ; 300,03 ;   7,835697 ;   79,80
2228,54 ; 300,03 ;   8,727850 ;   88,47
2230,57 ; 300,02 ;   7,940151 ;   80,47
2232,60 ; 300,03 ;   8,139259 ;   82,94
2234,64 ; 300,09 ;   7,737194 ;   78,17
2236,67 ; 299,99 ;   7,048194 ;   71,75
2238,71 ; 300,05 ;   9,322747 ;   94,64
2240,74 ; 299,97 ;   6,946741 ;   70,98
2242,77 ; 299,98 ;   9,223962 ;   93,79
2244,80 ; 300,06 ;   7,736697 ;   78,73
2246,84 ; 299,99 ;   6,749105 ;   68,59
2248,87 ; 300,02 ;   9,029964 ;   91,20
2250,90 ; 300,05 ;   7,636013 ;   77,18
2252,94 ; 299,96 ;   7,338182 ;   74,39
2254,97 ; 300,02 ;   9,417396 ;   95,00
2257,01 ; 299,99 ;   7,139259 ;   72,60
2259,04 ; 299,98 ;   8,323332 ;   84,33
2261,07 ; 299,98 ;   8,133059 ;   82,14
2263,10 ; 300,02 ;   8,031509 ;   81,00
2265,14 ; 300,03 ;   7,543360 ;   76,04
2267,17 ; 300,06 ;   7,736646 ;   78,12
2269,20 ; 299,99 ;   7,443038 ;   75,43
2271,24 ; 300,06 ;   9,022413 ;   91,17
2273,27 ; 300,02 ;   6,844196 ;   69,70
2275,30 ; 300,05 ;   8,630125 ;   87,43
2277,34 ; 299,96 ;   7,337796 ;   74,35
2279,37 ; 300,03 ;   9,316978 ;   94,96
2281,40 ; 300,01 ;   6,948433 ;   70,07
2283,44 ; 300,09 ;   8,331907 ;   84,08
2285,47 ; 300,06 ;   6,743226 ;   68,23
2287,50 ; 299,97 ;   8,231557 ;   83,36
2289,54 ; 300,01 ;   9,325582 ;   94,83
2291,57 ; 299,97 ;   7,342349 ;   74,91
2293,60 ; 299,90 ;   8,536155 ;   86,83
2295,64 ; 299,99 ;   9,131847 ;   92,31
2297,67 ; 299,97 ;   6,652266 ;   67,14
2299,70 ; 300,04 ;   8,331929 ;   84,58
2301,74 ; 300,02 ;   6,846567 ;   69,97
2303,77 ; 299,97 ;   8,231431 ;   83,98
2305,80 ; 300,06 ;   8,729497 ;   88,00
2307,84 ; 300,06 ;   6,550864 ;   66,23
2309,87 ; 300,05 ;   7,838306 ;   79,94
2311,90 ; 300,05 ;   8,042401 ;   81,17
2313,94 ; 299,98 ;   7,937385 ;   80,01
2315,97 ; 300,03 ;   9,031771 ;   91,18
2318,00 ; 300,01 ;   7,238000 ;   73,44
2320,04 ; 300,02 ;   8,335926 ;   84,02
2322,07 ; 300,01 ;   7,836585 ;   79,35
2324,10 ; 300,09 ;   8,040621 ;   81,73
2326,14 ; 300,09 ;   6,729617 ;   68,16
2328,17 ; 300,03 ;   7,808385 ;   79,57
2330,20 ; 300,09 ;   8,688787 ;   88,24
2332,24 ; 299,99 ;   7,009352 ;   71,54
2334,27 ; 299,98 ;   9,293083 ;   94,43
2336,30 ; 299,97 ;   8,006541 ;   81,95
2338,34 ; 300,03 ;   8,216878 ;   83,30
2340,37 ; 299,98 ;   7,025000 ;   71,08
2342,40 ; 300,02 ;   8,611096 ;   87,67
2344,44 ; 300,02 ;   7,424649 ;   75,85
2346,47 ; 300,03 ;   7,920011 ;   80,42
2348,50 ; 300,06 ;   7,622150 ;   77,93
2350,54 ; 300,01 ;   7,429409 ;   75,23
2352,57 ; 300,01 ;   8,721783 ;   88,49
2354,60 ; 300,05 ;   7,917749 ;   80,49
2356,64 ; 299,90 ;   7,229697 ;   73,03
2358,67 ; 300,02 ;   10,295208 ;  104,72
2360,70 ; 299,99 ;   6,242775 ;   63,24
2362,74 ; 299,94 ;   8,321439 ;   84,12
2364,77 ; 299,99 ;   8,809817 ;   89,39
2366,80 ; 299,98 ;   7,133502 ;   72,71
2368,84 ; 299,95 ;   8,022197 ;   81,95
2370,87 ; 299,87 ;   8,621419 ;   87,03
2372,90 ; 299,95 ;   9,215389 ;   93,76
2374,94 ; 299,95 ;   6,839596 ;   69,93
2376,97 ; 299,88 ;   8,023498 ;   81,37
2379,00 ; 299,96 ;   9,115043 ;   92,57
2381,04 ; 299,96 ;   6,740396 ;   68,65
2383,07 ; 300,02 ;   8,031977 ;   81,23
2385,10 ; 299,99 ;   7,131345 ;   72,54
2387,14 ; 299,99 ;   8,325765 ;   84,27
2389,17 ; 299,98 ;   7,929893 ;   80,84
2391,20 ; 299,84 ;   8,122928 ;   82,08
2393,24 ; 299,95 ;   10,206594 ;  103,31
2395,27 ; 299,92 ;   6,544547 ;   66,61
2397,30 ; 300,06 ;   8,425955 ;   85,23
2399,34 ; 300,02 ;   5,845514 ;   59,46
2401,37 ; 299,96 ;   8,622876 ;   87,47
2403,40 ; 300,04 ;   8,802161 ;   89,30
2405,44 ; 299,98 ;   6,735525 ;   68,89
2407,47 ; 299,99 ;   8,787180 ;   89,00
2409,50 ; 300,04 ;   7,806874 ;   79,76
2411,54 ; 300,05 ;   7,211946 ;   73,45
2413,57 ; 300,02 ;   7,607051 ;   77,81
