Tempo total (s) ;Temperatura (ºC) ; Potencia atual (W) ; Saida
P:   5.30 I: 104.05 D:  26.00 Tensão:7.0 V Temperatura ambiente:     19.78ºC
2,00 ; 299,98 ;   7,035848 ;   37,74
4,00 ; 299,95 ;   7,984297 ;   42,09
6,00 ; 300,04 ;   8,375819 ;   44,45
8,00 ; 299,99 ;   6,474514 ;   34,80
10,00 ; 299,91 ;   8,378637 ;   44,74
12,01 ; 300,01 ;   8,935792 ;   47,31
14,01 ; 300,05 ;   6,476009 ;   34,98
16,01 ; 299,89 ;   7,040522 ;   37,95
18,01 ; 299,91 ;   10,079524 ;   53,36
20,01 ; 299,92 ;   7,616521 ;   40,33
22,01 ; 299,99 ;   7,789574 ;   41,38
24,01 ; 300,05 ;   6,862076 ;   36,70
26,01 ; 299,97 ;   6,838974 ;   36,90
28,01 ; 300,01 ;   8,934416 ;   47,58
30,01 ; 299,95 ;   7,250735 ;   38,77
32,01 ; 299,98 ;   8,745557 ;   46,10
34,02 ; 299,98 ;   7,232663 ;   38,90
36,02 ; 299,99 ;   7,796655 ;   41,59
38,02 ; 299,99 ;   7,791610 ;   41,01
40,02 ; 300,06 ;   7,810147 ;   41,55
42,02 ; 299,92 ;   6,841867 ;   36,33
44,02 ; 299,92 ;   9,712852 ;   51,61
46,02 ; 300,06 ;   7,790992 ;   41,93
48,02 ; 299,99 ;   5,917608 ;   31,50
50,02 ; 299,96 ;   8,760315 ;   46,40
52,02 ; 299,97 ;   8,181211 ;   43,87
54,02 ; 299,95 ;   7,789657 ;   41,15
56,03 ; 299,99 ;   8,176959 ;   43,43
58,03 ; 300,03 ;   7,232246 ;   38,34
60,03 ; 300,02 ;   7,230082 ;   38,67
62,03 ; 299,97 ;   8,005856 ;   42,51
64,03 ; 299,94 ;   8,358209 ;   44,92
66,03 ; 299,98 ;   8,371915 ;   44,01
68,03 ; 299,92 ;   7,231698 ;   38,39
70,03 ; 299,97 ;   8,740440 ;   46,26
72,03 ; 300,01 ;   7,230718 ;   38,48
74,03 ; 299,95 ;   7,229032 ;   38,81
76,03 ; 299,99 ;   8,744736 ;   46,14
78,03 ; 299,97 ;   7,228598 ;   38,36
80,04 ; 299,99 ;   8,182171 ;   43,33
82,04 ; 300,04 ;   7,424930 ;   39,98
84,04 ; 299,91 ;   7,228829 ;   38,11
86,04 ; 300,04 ;   9,517529 ;   50,62
88,04 ; 299,97 ;   6,085654 ;   32,73
90,04 ; 300,03 ;   8,741932 ;   46,56
92,04 ; 300,12 ;   7,036663 ;   37,08
94,04 ; 300,03 ;   6,670019 ;   35,00
96,04 ; 300,04 ;   8,936736 ;   47,29
98,04 ; 300,01 ;   7,598827 ;   40,79
100,04 ; 299,95 ;   8,180970 ;   43,64
102,04 ; 300,02 ;   8,742861 ;   46,13
104,05 ; 299,99 ;   6,859859 ;   36,61
106,05 ; 300,05 ;   8,179961 ;   43,19
108,05 ; 300,08 ;   6,839792 ;   36,94
110,05 ; 300,03 ;   7,402555 ;   39,50
112,05 ; 299,99 ;   8,353127 ;   44,58
114,05 ; 299,98 ;   8,375535 ;   44,25
116,05 ; 300,04 ;   7,987544 ;   42,14
118,05 ; 299,98 ;   7,033464 ;   37,55
120,05 ; 299,99 ;   8,570373 ;   45,37
122,05 ; 300,02 ;   7,792899 ;   41,02
124,05 ; 300,05 ;   7,422127 ;   39,82
126,06 ; 300,12 ;   7,230905 ;   38,53
128,06 ; 299,98 ;   6,840003 ;   36,58
130,06 ; 299,97 ;   9,498776 ;   50,73
132,06 ; 299,99 ;   8,005091 ;   42,75
134,06 ; 300,04 ;   7,425061 ;   39,93
136,06 ; 300,08 ;   7,230665 ;   38,07
138,06 ; 300,05 ;   7,230981 ;   38,39
140,06 ; 299,96 ;   7,983343 ;   42,82
142,06 ; 300,02 ;   9,132507 ;   48,16
144,06 ; 299,95 ;   7,057457 ;   37,64
146,06 ; 299,96 ;   8,741749 ;   46,63
148,07 ; 299,91 ;   7,597282 ;   40,63
150,07 ; 299,97 ;   8,565848 ;   45,20
152,07 ; 299,98 ;   7,037522 ;   37,91
154,07 ; 300,03 ;   7,619964 ;   40,52
156,07 ; 300,05 ;   7,229088 ;   38,12
158,07 ; 299,95 ;   7,404325 ;   39,60
160,07 ; 299,95 ;   9,300919 ;   49,34
162,07 ; 300,02 ;   7,793456 ;   41,81
164,07 ; 299,98 ;   6,841778 ;   36,59
166,07 ; 300,02 ;   8,179086 ;   43,75
168,07 ; 300,08 ;   7,401847 ;   39,28
170,08 ; 300,02 ;   6,846374 ;   36,79
172,08 ; 300,02 ;   8,569334 ;   45,73
174,08 ; 300,08 ;   7,791953 ;   41,42
176,08 ; 300,02 ;   6,863705 ;   36,78
178,08 ; 300,02 ;   8,564197 ;   45,72
180,08 ; 300,02 ;   7,812425 ;   41,41
182,08 ; 299,99 ;   7,795399 ;   41,41
184,08 ; 299,97 ;   8,179286 ;   43,15
186,08 ; 300,03 ;   8,161842 ;   43,28
188,08 ; 299,98 ;   7,057685 ;   37,02
190,08 ; 299,98 ;   8,370712 ;   44,81
192,08 ; 300,12 ;   7,813944 ;   41,58
194,09 ; 300,03 ;   5,891461 ;   31,72
196,09 ; 300,01 ;   8,936499 ;   47,23
198,09 ; 299,94 ;   8,179339 ;   43,05
200,09 ; 299,94 ;   8,743428 ;   46,66
202,09 ; 299,96 ;   7,795789 ;   41,83
204,09 ; 300,03 ;   7,595909 ;   40,09
206,09 ; 300,04 ;   6,845412 ;   36,49
208,09 ; 300,02 ;   7,618198 ;   40,75
210,09 ; 299,98 ;   8,181483 ;   43,02
212,09 ; 299,97 ;   8,178194 ;   43,73
214,09 ; 299,98 ;   7,986727 ;   42,74
216,10 ; 299,98 ;   7,599635 ;   40,50
218,10 ; 300,08 ;   7,811274 ;   41,58
220,10 ; 299,98 ;   6,454856 ;   34,62
222,10 ; 300,08 ;   9,129343 ;   48,03
224,10 ; 299,98 ;   6,476970 ;   34,61
226,10 ; 300,06 ;   9,109784 ;   48,02
228,10 ; 299,95 ;   6,647951 ;   35,77
230,10 ; 299,94 ;   9,322231 ;   49,84
232,10 ; 300,08 ;   7,982898 ;   42,36
234,10 ; 299,99 ;   5,911351 ;   31,38
236,10 ; 299,96 ;   8,938621 ;   47,44
238,11 ; 300,02 ;   8,179762 ;   43,85
240,11 ; 300,06 ;   7,040326 ;   37,64
242,11 ; 300,01 ;   7,034527 ;   37,92
244,11 ; 300,01 ;   8,543909 ;   45,20
246,11 ; 300,06 ;   7,793454 ;   41,44
248,11 ; 299,94 ;   7,054500 ;   37,37
250,11 ; 299,98 ;   9,519188 ;   50,42
252,11 ; 300,04 ;   7,227804 ;   38,33
254,11 ; 299,95 ;   7,037864 ;   37,50
256,11 ; 300,05 ;   9,128585 ;   48,23
258,11 ; 300,04 ;   6,281650 ;   33,65
260,12 ; 300,02 ;   7,988389 ;   42,34
262,12 ; 300,01 ;   8,181470 ;   43,00
264,12 ; 300,02 ;   7,793141 ;   41,97
266,12 ; 299,98 ;   7,619761 ;   40,85
268,12 ; 300,02 ;   8,178578 ;   43,70
270,12 ; 300,02 ;   7,420909 ;   39,23
272,12 ; 300,02 ;   7,790852 ;   41,38
274,12 ; 299,95 ;   7,812379 ;   41,38
276,12 ; 300,01 ;   8,765278 ;   46,60
278,12 ; 299,98 ;   7,058340 ;   37,12
280,12 ; 299,95 ;   8,177841 ;   43,17
282,12 ; 300,02 ;   8,373979 ;   44,46
284,13 ; 299,96 ;   6,860894 ;   36,55
286,13 ; 299,92 ;   8,563147 ;   45,45
288,13 ; 299,99 ;   8,376999 ;   44,59
290,13 ; 299,99 ;   6,839809 ;   36,68
292,13 ; 299,94 ;   7,787695 ;   41,53
294,13 ; 299,91 ;   8,571748 ;   45,59
296,13 ; 299,95 ;   8,181001 ;   43,57
298,13 ; 300,05 ;   7,423133 ;   39,65
300,13 ; 299,94 ;   6,283209 ;   33,68
302,13 ; 300,02 ;   9,322474 ;   49,91
304,13 ; 299,96 ;   6,840039 ;   36,04
306,14 ; 300,01 ;   8,544694 ;   45,48
308,14 ; 299,99 ;   7,229778 ;   38,24
310,14 ; 300,08 ;   7,985893 ;   42,63
312,14 ; 300,10 ;   6,647207 ;   35,17
314,14 ; 300,02 ;   7,423649 ;   39,34
316,14 ; 300,09 ;   8,932906 ;   47,33
318,14 ; 300,14 ;   6,841657 ;   36,19
320,14 ; 299,98 ;   6,844177 ;   36,96
322,14 ; 299,96 ;   9,888220 ;   52,31
324,14 ; 300,06 ;   8,184563 ;   43,30
326,14 ; 300,01 ;   6,470761 ;   34,14
328,15 ; 300,03 ;   8,545068 ;   45,19
330,15 ; 300,05 ;   7,423462 ;   39,68
332,15 ; 299,92 ;   7,423118 ;   39,55
334,15 ; 300,03 ;   9,687125 ;   51,03
336,15 ; 299,91 ;   6,279914 ;   33,77
338,15 ; 299,98 ;   9,323391 ;   49,99
340,15 ; 299,98 ;   6,865104 ;   36,71
342,15 ; 300,02 ;   7,794674 ;   41,56
344,15 ; 299,99 ;   7,422466 ;   39,24
346,15 ; 300,05 ;   8,177593 ;   43,13
348,15 ; 299,99 ;   6,843959 ;   36,88
350,16 ; 299,92 ;   8,569878 ;   45,81
352,16 ; 300,05 ;   8,741901 ;   46,74
354,16 ; 300,05 ;   6,088083 ;   32,04
356,16 ; 300,05 ;   7,794201 ;   41,18
358,16 ; 300,05 ;   7,790705 ;   41,17
360,16 ; 299,98 ;   7,813558 ;   41,17
362,16 ; 300,02 ;   8,740199 ;   46,38
364,16 ; 300,05 ;   7,423129 ;   39,22
366,16 ; 300,01 ;   7,232773 ;   38,47
368,16 ; 299,97 ;   8,374479 ;   44,64
370,16 ; 300,05 ;   8,355244 ;   44,31
372,17 ; 299,98 ;   6,668046 ;   35,24
374,17 ; 299,91 ;   8,747013 ;   46,37
376,17 ; 299,99 ;   8,741444 ;   46,76
378,17 ; 299,97 ;   6,840486 ;   36,12
380,17 ; 300,05 ;   8,160181 ;   43,24
382,17 ; 299,95 ;   6,671016 ;   35,25
384,17 ; 299,98 ;   9,326711 ;   49,28
386,17 ; 300,01 ;   7,233628 ;   38,85
388,17 ; 300,04 ;   7,424418 ;   39,81
390,17 ; 300,04 ;   7,426131 ;   39,10
392,17 ; 300,03 ;   7,795713 ;   41,25
394,17 ; 300,02 ;   7,787386 ;   41,82
396,18 ; 299,98 ;   8,004458 ;   42,44
398,18 ; 300,02 ;   8,159721 ;   43,69
400,18 ; 300,02 ;   7,424392 ;   39,21
402,18 ; 300,03 ;   7,815769 ;   41,36
404,18 ; 300,02 ;   7,614870 ;   40,20
406,18 ; 300,06 ;   7,984756 ;   42,44
408,18 ; 300,09 ;   7,035590 ;   37,88
410,18 ; 300,04 ;   7,404552 ;   39,36
412,18 ; 300,03 ;   8,356071 ;   44,44
414,18 ; 300,03 ;   7,790197 ;   41,79
416,18 ; 299,97 ;   7,814675 ;   41,25
418,19 ; 299,98 ;   8,547636 ;   45,89
420,19 ; 299,98 ;   7,616562 ;   40,43
422,19 ; 300,05 ;   7,794054 ;   41,51
424,19 ; 300,05 ;   6,843194 ;   36,29
426,19 ; 299,98 ;   7,792259 ;   41,12
428,19 ; 300,02 ;   8,762017 ;   46,34
430,19 ; 300,01 ;   7,426748 ;   39,18
432,19 ; 300,03 ;   7,811327 ;   41,91
434,19 ; 299,99 ;   7,424399 ;   39,63
436,19 ; 299,98 ;   8,351085 ;   44,14
438,19 ; 300,02 ;   7,985785 ;   42,03
440,20 ; 299,91 ;   7,424372 ;   39,17
442,20 ; 299,97 ;   9,129147 ;   48,87
444,20 ; 299,99 ;   7,035085 ;   37,82
446,20 ; 300,02 ;   7,421758 ;   39,85
448,20 ; 300,01 ;   7,405052 ;   39,72
450,20 ; 299,99 ;   7,815163 ;   41,92
452,20 ; 300,01 ;   7,987373 ;   42,54
454,20 ; 300,02 ;   7,599856 ;   40,30
456,20 ; 299,98 ;   7,598539 ;   40,80
458,20 ; 300,02 ;   8,177176 ;   43,65
460,20 ; 300,01 ;   7,423558 ;   39,18
462,20 ; 300,06 ;   7,816005 ;   41,91
464,21 ; 300,01 ;   7,035831 ;   37,31
466,21 ; 299,92 ;   8,571351 ;   45,13
468,21 ; 299,99 ;   8,935857 ;   47,75
470,21 ; 299,96 ;   6,863597 ;   36,62
472,21 ; 299,91 ;   8,183639 ;   43,78
474,21 ; 300,05 ;   8,549069 ;   45,11
476,21 ; 299,99 ;   5,909766 ;   31,45
478,21 ; 299,95 ;   8,570220 ;   45,77
480,21 ; 300,03 ;   8,353891 ;   44,95
482,21 ; 300,04 ;   6,669472 ;   35,34
484,21 ; 299,95 ;   7,620368 ;   40,68
486,22 ; 300,03 ;   9,130131 ;   48,18
488,22 ; 299,87 ;   6,668657 ;   35,34
490,22 ; 299,92 ;   10,078519 ;   53,44
492,22 ; 299,98 ;   7,230931 ;   38,10
494,22 ; 299,89 ;   7,040917 ;   37,23
496,22 ; 299,95 ;   9,128760 ;   48,50
498,22 ; 299,95 ;   7,058864 ;   37,99
500,22 ; 300,03 ;   7,789084 ;   41,76
502,22 ; 300,02 ;   6,669057 ;   35,39
504,22 ; 299,98 ;   7,988101 ;   42,46
506,22 ; 300,01 ;   8,162694 ;   43,71
508,23 ; 300,01 ;   7,427338 ;   39,81
510,23 ; 299,99 ;   7,812501 ;   41,43
512,23 ; 300,02 ;   7,988601 ;   42,59
514,23 ; 299,99 ;   7,423057 ;   39,77
516,23 ; 300,01 ;   8,177569 ;   43,12
518,23 ; 299,99 ;   7,598485 ;   40,35
520,23 ; 300,05 ;   7,985816 ;   42,59
522,23 ; 300,03 ;   6,861204 ;   36,87
524,23 ; 300,04 ;   8,004738 ;   42,91
526,23 ; 300,05 ;   7,597017 ;   40,71
528,23 ; 299,98 ;   7,620558 ;   40,08
530,24 ; 299,99 ;   8,760513 ;   46,38
532,24 ; 299,99 ;   7,622679 ;   40,96
534,24 ; 300,04 ;   7,792294 ;   41,49
536,24 ; 300,05 ;   7,231030 ;   38,01
538,24 ; 300,02 ;   7,617929 ;   40,08
540,24 ; 300,05 ;   8,378641 ;   44,05
542,24 ; 299,95 ;   7,230215 ;   38,46
544,24 ; 300,02 ;   9,302524 ;   49,26
546,24 ; 299,98 ;   6,842314 ;   36,51
548,24 ; 300,04 ;   8,179507 ;   43,68
550,24 ; 300,02 ;   7,057643 ;   37,46
552,25 ; 299,92 ;   7,983087 ;   42,97
554,25 ; 300,04 ;   9,132601 ;   48,31
556,25 ; 299,95 ;   6,280739 ;   33,16
558,25 ; 299,95 ;   9,130059 ;   48,19
560,25 ; 300,03 ;   7,794808 ;   41,74
562,25 ; 300,01 ;   6,667956 ;   35,36
564,25 ; 300,08 ;   8,176670 ;   43,02
566,25 ; 300,01 ;   6,864355 ;   36,18
568,25 ; 299,96 ;   8,740937 ;   46,24
570,25 ; 299,99 ;   8,369774 ;   44,88
572,25 ; 299,98 ;   7,423378 ;   39,33
574,26 ; 299,98 ;   8,005565 ;   42,07
576,26 ; 300,04 ;   7,794779 ;   41,53
578,26 ; 300,08 ;   7,035164 ;   37,47
580,26 ; 300,05 ;   7,250373 ;   38,33
582,26 ; 299,96 ;   7,985945 ;   42,75
584,26 ; 300,03 ;   9,126422 ;   48,10
586,26 ; 300,03 ;   6,863622 ;   36,42
588,26 ; 300,02 ;   7,790823 ;   41,26
590,26 ; 299,94 ;   8,006383 ;   42,42
592,26 ; 300,02 ;   8,939830 ;   47,14
594,26 ; 299,97 ;   6,667060 ;   35,97
596,26 ; 300,15 ;   8,376715 ;   44,83
598,27 ; 300,02 ;   5,330535 ;   28,26
600,27 ; 300,01 ;   9,495853 ;   50,48
602,27 ; 299,95 ;   7,790059 ;   41,91
604,27 ; 300,02 ;   8,760930 ;   46,01
606,27 ; 299,99 ;   6,864280 ;   36,49
608,27 ; 299,94 ;   8,182503 ;   43,08
610,27 ; 300,05 ;   8,563617 ;   45,52
612,27 ; 299,99 ;   6,280207 ;   33,06
614,27 ; 299,97 ;   8,568265 ;   45,77
616,27 ; 299,97 ;   8,179469 ;   43,20
618,27 ; 299,96 ;   7,812445 ;   41,59
620,28 ; 299,90 ;   7,986988 ;   42,18
622,28 ; 300,01 ;   8,742057 ;   46,29
624,28 ; 299,96 ;   6,281140 ;   33,87
626,28 ; 300,02 ;   8,376205 ;   44,88
628,28 ; 299,96 ;   7,040027 ;   37,59
630,28 ; 299,94 ;   8,566449 ;   45,42
632,28 ; 300,01 ;   8,158779 ;   43,40
634,28 ; 299,92 ;   6,860609 ;   36,57
636,28 ; 300,02 ;   8,935229 ;   47,79
638,28 ; 300,04 ;   6,470961 ;   34,92
640,28 ; 299,94 ;   7,420949 ;   39,63
642,29 ; 299,98 ;   9,127228 ;   48,79
644,29 ; 299,99 ;   7,226963 ;   38,32
646,29 ; 299,97 ;   7,593113 ;   40,97
648,29 ; 299,96 ;   8,158997 ;   43,25
650,29 ; 300,01 ;   8,002923 ;   42,22
652,29 ; 299,95 ;   7,212115 ;   38,20
654,29 ; 299,92 ;   8,742329 ;   46,07
656,29 ; 300,01 ;   8,157207 ;   43,51
658,29 ; 299,98 ;   6,667548 ;   35,52
660,29 ; 299,95 ;   8,159490 ;   43,18
662,29 ; 300,01 ;   8,374172 ;   44,47
664,30 ; 299,98 ;   7,035474 ;   37,14
666,30 ; 300,01 ;   8,176517 ;   43,19
668,30 ; 300,06 ;   7,421894 ;   39,84
670,30 ; 299,98 ;   7,036704 ;   37,39
672,30 ; 300,08 ;   8,735345 ;   46,95
674,30 ; 300,02 ;   6,463303 ;   34,61
676,30 ; 300,08 ;   8,531916 ;   45,70
678,30 ; 300,02 ;   6,853443 ;   36,75
680,30 ; 299,96 ;   8,553089 ;   45,69
682,30 ; 300,03 ;   8,555135 ;   45,44
684,30 ; 299,97 ;   6,831784 ;   36,46
686,31 ; 299,91 ;   8,537413 ;   45,94
688,31 ; 299,98 ;   8,551616 ;   45,70
690,31 ; 299,97 ;   6,853631 ;   36,72
692,31 ; 300,01 ;   7,977230 ;   42,73
694,31 ; 299,96 ;   7,221652 ;   38,75
696,31 ; 299,99 ;   8,338061 ;   44,92
698,31 ; 299,97 ;   7,397501 ;   39,38
700,31 ; 299,94 ;   8,154372 ;   43,27
702,31 ; 299,95 ;   8,156239 ;   43,98
704,31 ; 300,09 ;   7,784053 ;   41,26
706,32 ; 300,08 ;   5,872671 ;   31,36
708,32 ; 300,02 ;   7,791439 ;   41,61
710,32 ; 300,02 ;   8,528440 ;   45,71
712,32 ; 299,95 ;   7,773206 ;   41,40
714,32 ; 300,01 ;   8,725358 ;   46,62
716,32 ; 299,16 ;   7,023055 ;   37,14
718,32 ; 297,22 ;   19,693853 ;  104,72
720,32 ; 294,73 ;   23,406260 ;  125,00
722,32 ; 292,30 ;   23,449462 ;  125,00
724,32 ; 290,09 ;   23,430302 ;  125,00
726,32 ; 288,25 ;   23,447320 ;  125,00
728,33 ; 286,66 ;   23,426903 ;  125,00
730,33 ; 285,56 ;   23,439967 ;  125,00
732,33 ; 284,55 ;   23,440172 ;  125,00
734,33 ; 283,91 ;   23,420382 ;  125,00
736,33 ; 283,48 ;   23,437902 ;  125,00
738,33 ; 283,30 ;   22,364066 ;  118,86
740,33 ; 283,33 ;   19,485812 ;  103,71
742,33 ; 283,57 ;   17,211444 ;   91,83
744,33 ; 283,91 ;   14,581590 ;   77,17
746,33 ; 284,34 ;   13,080300 ;   69,98
748,34 ; 284,91 ;   11,938457 ;   63,38
750,34 ; 285,52 ;   9,875928 ;   52,79
752,34 ; 286,31 ;   8,906853 ;   47,23
754,34 ; 286,98 ;   6,066967 ;   32,61
756,34 ; 287,64 ;   7,406320 ;   39,05
758,34 ; 288,27 ;   6,822474 ;   36,74
760,34 ; 288,91 ;   7,016376 ;   37,34
762,34 ; 289,56 ;   6,270790 ;   34,00
764,34 ; 290,12 ;   5,689639 ;   30,51
766,35 ; 290,63 ;   6,658000 ;   35,57
768,35 ; 291,20 ;   6,832477 ;   36,48
770,35 ; 291,55 ;   5,688318 ;   30,59
772,35 ; 292,00 ;   8,557674 ;   45,24
774,35 ; 292,35 ;   6,832397 ;   36,11
776,35 ; 292,65 ;   7,975583 ;   42,02
778,35 ; 292,97 ;   8,359802 ;   44,95
780,35 ; 293,22 ;   7,994524 ;   42,37
782,35 ; 293,46 ;   8,729779 ;   46,58
784,35 ; 293,68 ;   8,731297 ;   46,50
786,36 ; 293,86 ;   8,925231 ;   47,60
788,36 ; 294,13 ;   9,295928 ;   49,96
790,36 ; 294,27 ;   8,170853 ;   43,23
792,36 ; 294,50 ;   9,677859 ;   51,68
794,36 ; 294,70 ;   8,366304 ;   44,55
796,36 ; 294,91 ;   8,728675 ;   46,73
798,36 ; 294,95 ;   8,535136 ;   45,06
800,36 ; 295,18 ;   10,626758 ;   56,63
802,36 ; 295,30 ;   8,170978 ;   43,54
804,36 ; 295,43 ;   9,506373 ;   50,94
806,37 ; 295,66 ;   9,313452 ;   49,62
808,37 ; 295,78 ;   7,997172 ;   42,41
810,37 ; 295,96 ;   9,292741 ;   49,17
812,37 ; 296,21 ;   8,360392 ;   44,86
814,37 ; 296,26 ;   7,397885 ;   39,08
816,37 ; 296,46 ;   10,068706 ;   53,20
818,37 ; 296,66 ;   7,805176 ;   41,72
820,37 ; 296,72 ;   7,588190 ;   40,99
822,37 ; 296,96 ;   9,679612 ;   51,26
824,37 ; 297,01 ;   7,030731 ;   37,38
826,37 ; 297,21 ;   9,484628 ;   50,88
828,38 ; 297,36 ;   7,395361 ;   39,33
830,38 ; 297,54 ;   7,978213 ;   42,57
832,38 ; 297,61 ;   7,415493 ;   39,72
834,38 ; 297,74 ;   8,925491 ;   47,12
836,38 ; 297,85 ;   7,978369 ;   42,34
838,38 ; 297,98 ;   8,169785 ;   43,60
840,38 ; 298,16 ;   7,979158 ;   42,07
842,38 ; 298,27 ;   7,028722 ;   37,54
844,38 ; 298,24 ;   7,803917 ;   41,97
846,38 ; 298,38 ;   9,685689 ;   51,42
848,38 ; 298,47 ;   7,418335 ;   39,55
850,39 ; 298,55 ;   8,172567 ;   43,01
852,39 ; 298,64 ;   8,172000 ;   43,28
854,39 ; 298,75 ;   7,787644 ;   41,85
856,39 ; 298,88 ;   7,608306 ;   40,32
858,39 ; 298,84 ;   7,225362 ;   38,12
860,39 ; 298,98 ;   9,487831 ;   50,28
862,39 ; 299,05 ;   7,028970 ;   37,27
864,39 ; 299,05 ;   7,804443 ;   41,83
866,39 ; 299,14 ;   8,735478 ;   46,77
868,39 ; 299,23 ;   7,611096 ;   40,48
870,40 ; 299,26 ;   7,421528 ;   39,52
872,40 ; 299,30 ;   8,370175 ;   44,32
874,40 ; 299,46 ;   8,171877 ;   43,11
876,40 ; 299,53 ;   6,276984 ;   33,68
878,40 ; 299,46 ;   7,415975 ;   39,81
880,40 ; 299,55 ;   9,318465 ;   49,93
882,40 ; 299,60 ;   7,229326 ;   38,76
884,40 ; 299,63 ;   7,612738 ;   40,66
886,40 ; 299,70 ;   7,981594 ;   42,73
888,40 ; 299,72 ;   7,420130 ;   39,16
890,41 ; 299,73 ;   7,983211 ;   42,29
892,41 ; 299,76 ;   7,980552 ;   42,77
894,41 ; 299,87 ;   7,981949 ;   42,13
896,41 ; 299,78 ;   6,664233 ;   35,65
898,41 ; 299,82 ;   9,318700 ;   49,58
900,41 ; 299,85 ;   7,616111 ;   40,78
902,41 ; 299,91 ;   7,784164 ;   41,17
904,41 ; 299,84 ;   7,226730 ;   38,70
906,41 ; 299,89 ;   9,127613 ;   48,23
908,41 ; 299,94 ;   7,397775 ;   39,92
910,41 ; 299,96 ;   7,396809 ;   39,68
912,42 ; 299,92 ;   7,789109 ;   41,17
914,42 ; 299,99 ;   8,541487 ;   45,69
916,42 ; 300,02 ;   7,026901 ;   37,79
918,42 ; 300,01 ;   7,591815 ;   40,89
920,42 ; 300,03 ;   8,173374 ;   43,08
922,42 ; 300,09 ;   7,615005 ;   40,80
924,42 ; 300,09 ;   7,221774 ;   38,35
926,42 ; 300,17 ;   8,000303 ;   42,11
928,42 ; 300,06 ;   6,646246 ;   35,72
930,42 ; 300,18 ;   9,297874 ;   49,74
932,42 ; 300,24 ;   6,275528 ;   33,50
934,43 ; 300,14 ;   6,859476 ;   36,91
936,43 ; 300,17 ;   9,123198 ;   48,73
938,43 ; 300,16 ;   7,418159 ;   39,40
940,43 ; 300,16 ;   7,982351 ;   42,12
942,43 ; 300,15 ;   7,787849 ;   41,56
944,43 ; 300,17 ;   7,981079 ;   42,71
946,43 ; 300,26 ;   7,420388 ;   39,87
948,43 ; 300,17 ;   6,666975 ;   35,09
950,43 ; 300,24 ;   8,931644 ;   47,36
952,43 ; 300,23 ;   6,835313 ;   36,20
954,44 ; 300,20 ;   7,784403 ;   41,60
956,44 ; 300,27 ;   8,175859 ;   43,94
958,44 ; 300,24 ;   6,836831 ;   36,01
960,44 ; 300,16 ;   7,981637 ;   42,57
962,44 ; 300,17 ;   8,736147 ;   46,73
964,44 ; 300,20 ;   7,611342 ;   40,75
966,44 ; 300,17 ;   7,398115 ;   39,53
968,44 ; 300,18 ;   7,982565 ;   42,87
970,44 ; 300,18 ;   7,591301 ;   40,66
972,44 ; 300,20 ;   7,789613 ;   41,18
974,44 ; 300,28 ;   7,417569 ;   39,42
976,45 ; 300,16 ;   6,642945 ;   35,21
978,45 ; 300,23 ;   9,314835 ;   49,26
980,45 ; 300,20 ;   6,662574 ;   35,95
982,45 ; 300,20 ;   8,175030 ;   43,09
984,45 ; 300,26 ;   7,615144 ;   40,92
986,45 ; 300,20 ;   6,837118 ;   36,84
988,45 ; 300,28 ;   8,546329 ;   45,22
990,45 ; 300,22 ;   6,467957 ;   34,51
992,45 ; 300,26 ;   8,563312 ;   45,05
994,45 ; 300,28 ;   7,029436 ;   37,82
996,45 ; 300,20 ;   7,225784 ;   38,74
998,46 ; 300,24 ;   8,736558 ;   46,13
1000,46 ; 300,22 ;   7,028452 ;   37,83
1002,46 ; 300,24 ;   7,981713 ;   42,23
1004,46 ; 300,16 ;   7,225499 ;   38,85
1006,46 ; 300,20 ;   8,740170 ;   46,25
1008,46 ; 300,20 ;   7,206839 ;   38,53
1010,46 ; 300,17 ;   7,607574 ;   40,08
1012,46 ; 300,17 ;   7,981853 ;   42,92
1014,46 ; 300,23 ;   7,591327 ;   40,75
1016,46 ; 300,17 ;   6,860596 ;   36,09
1018,46 ; 300,26 ;   8,563778 ;   45,01
1020,47 ; 300,20 ;   6,472466 ;   34,31
1022,47 ; 300,20 ;   8,345410 ;   44,84
1024,47 ; 300,18 ;   7,613961 ;   40,52
1026,47 ; 300,17 ;   7,807049 ;   41,66
1028,47 ; 300,22 ;   7,783519 ;   41,14
1030,47 ; 300,20 ;   7,036380 ;   37,11
1032,47 ; 300,20 ;   7,789387 ;   41,47
1034,47 ; 300,16 ;   7,608558 ;   40,38
1036,47 ; 300,20 ;   8,174201 ;   43,26
1038,47 ; 300,18 ;   7,030220 ;   37,65
1040,48 ; 300,15 ;   8,000619 ;   42,06
1042,48 ; 300,15 ;   7,983458 ;   42,75
1044,48 ; 300,20 ;   7,589683 ;   40,58
1046,48 ; 300,20 ;   6,839671 ;   36,50
1048,48 ; 300,17 ;   7,613906 ;   40,25
1050,48 ; 300,13 ;   7,980254 ;   42,55
1052,48 ; 300,14 ;   8,174594 ;   43,86
1054,48 ; 300,15 ;   7,420017 ;   39,46
1056,48 ; 300,20 ;   7,421321 ;   39,94
1058,48 ; 300,17 ;   6,859462 ;   36,40
1060,48 ; 300,15 ;   7,979547 ;   42,47
1062,49 ; 300,18 ;   7,980738 ;   42,04
1064,49 ; 300,17 ;   7,226021 ;   38,09
1066,49 ; 300,20 ;   7,592006 ;   40,80
1068,49 ; 300,16 ;   7,049578 ;   37,93
1070,49 ; 300,17 ;   7,981747 ;   42,96
1072,49 ; 300,18 ;   7,422931 ;   39,67
1074,49 ; 300,16 ;   7,422167 ;   39,61
1076,49 ; 300,05 ;   7,788267 ;   41,29
1078,49 ; 300,06 ;   9,124215 ;   48,32
1080,49 ; 300,08 ;   7,608916 ;   40,20
1082,49 ; 300,14 ;   7,417516 ;   39,58
1084,50 ; 300,05 ;   6,837359 ;   36,00
1086,50 ; 300,05 ;   8,734294 ;   46,67
1088,50 ; 300,10 ;   7,591834 ;   40,75
1090,50 ; 300,14 ;   7,032587 ;   37,27
1092,50 ; 300,10 ;   7,052419 ;   37,58
1094,50 ; 300,04 ;   8,174067 ;   43,16
1096,50 ; 300,09 ;   8,541110 ;   45,10
1098,50 ; 300,06 ;   7,031667 ;   37,31
1100,50 ; 300,04 ;   7,981454 ;   42,27
1102,50 ; 300,09 ;   7,981911 ;   42,39
1104,50 ; 300,13 ;   7,030981 ;   37,29
1106,51 ; 300,08 ;   7,032849 ;   37,61
1108,51 ; 300,08 ;   8,173753 ;   43,77
1110,51 ; 300,13 ;   7,616364 ;   40,53
1112,51 ; 300,05 ;   7,032038 ;   37,04
1114,51 ; 300,10 ;   8,548030 ;   45,48
1116,51 ; 300,03 ;   7,036305 ;   37,15
1118,51 ; 300,06 ;   8,558644 ;   45,59
1120,51 ; 300,02 ;   7,227825 ;   38,42
1122,51 ; 300,13 ;   8,352631 ;   44,05
1124,51 ; 300,06 ;   6,084264 ;   32,70
1126,51 ; 300,10 ;   8,367158 ;   44,86
1128,52 ; 300,05 ;   7,054419 ;   37,65
1130,52 ; 300,09 ;   8,177946 ;   43,81
1132,52 ; 300,12 ;   7,224132 ;   38,25
1134,52 ; 300,17 ;   7,224037 ;   38,08
1136,52 ; 300,02 ;   6,837315 ;   36,16
1138,52 ; 300,08 ;   9,686930 ;   51,51
1140,52 ; 299,98 ;   6,860752 ;   36,11
1142,52 ; 300,08 ;   8,931480 ;   47,37
1144,52 ; 300,09 ;   6,276651 ;   33,95
1146,52 ; 300,14 ;   7,417695 ;   39,81
1148,52 ; 300,08 ;   6,837433 ;   36,28
1150,53 ; 300,05 ;   8,347544 ;   44,68
1152,53 ; 300,01 ;   7,983968 ;   42,10
1154,53 ; 300,04 ;   8,176340 ;   43,97
1156,53 ; 300,04 ;   7,228583 ;   38,42
1158,53 ; 300,05 ;   7,594607 ;   40,56
1160,53 ; 300,09 ;   7,421487 ;   39,40
1162,53 ; 300,02 ;   7,227612 ;   38,15
1164,53 ; 299,99 ;   8,567819 ;   45,51
1166,53 ; 300,13 ;   7,982583 ;   42,41
1168,53 ; 300,08 ;   5,692807 ;   30,93
1170,54 ; 300,02 ;   8,173680 ;   43,55
1172,54 ; 300,03 ;   8,374026 ;   44,95
1174,54 ; 300,08 ;   7,417344 ;   39,49
1176,54 ; 299,99 ;   7,029732 ;   37,08
1178,54 ; 300,03 ;   8,738645 ;   46,68
1180,54 ; 300,10 ;   7,051343 ;   37,86
1182,54 ; 300,03 ;   6,663482 ;   35,33
1184,54 ; 300,01 ;   8,562977 ;   45,38
1186,54 ; 300,03 ;   8,000285 ;   42,28
1188,54 ; 299,94 ;   7,226188 ;   38,92
1190,54 ; 299,99 ;   8,928579 ;   47,50
1192,55 ; 299,99 ;   6,858335 ;   36,98
1194,55 ; 299,99 ;   7,617951 ;   40,75
1196,55 ; 300,01 ;   7,593449 ;   40,75
1198,55 ; 299,97 ;   7,421295 ;   39,59
1200,55 ; 300,03 ;   8,176582 ;   43,57
1202,55 ; 299,99 ;   6,838737 ;   36,24
1204,55 ; 299,98 ;   8,174874 ;   43,44
1206,55 ; 299,99 ;   7,784191 ;   41,33
1208,55 ; 300,01 ;   7,617254 ;   40,22
1210,55 ; 299,97 ;   7,400691 ;   39,59
1212,55 ; 300,05 ;   8,172633 ;   43,57
1214,56 ; 300,03 ;   6,451772 ;   34,51
1216,56 ; 299,98 ;   7,982017 ;   42,16
1218,56 ; 300,02 ;   8,365473 ;   44,02
1220,56 ; 299,98 ;   7,207746 ;   38,47
1222,56 ; 299,99 ;   7,982698 ;   42,94
1224,56 ; 299,99 ;   7,612170 ;   40,21
1226,56 ; 300,03 ;   7,591389 ;   40,75
1228,56 ; 300,13 ;   7,031167 ;   37,85
1230,56 ; 300,06 ;   6,277100 ;   33,58
1232,56 ; 299,99 ;   8,373319 ;   44,66
1234,56 ; 300,01 ;   8,542373 ;   45,57
1236,57 ; 300,06 ;   7,420238 ;   39,57
1238,57 ; 300,05 ;   6,837443 ;   36,58
1240,57 ; 300,04 ;   7,593587 ;   40,92
1242,57 ; 300,01 ;   7,808931 ;   41,54
1244,57 ; 299,97 ;   7,982537 ;   42,78
1246,57 ; 300,02 ;   8,174887 ;   43,53
1248,57 ; 299,98 ;   7,031247 ;   37,36
1250,57 ; 299,89 ;   7,982989 ;   42,91
1252,57 ; 299,97 ;   8,929976 ;   47,72
1254,57 ; 299,98 ;   6,666972 ;   35,47
1256,58 ; 299,99 ;   7,422205 ;   39,70
1258,58 ; 299,97 ;   7,615469 ;   40,19
1260,58 ; 299,95 ;   7,981580 ;   42,47
1262,58 ; 299,98 ;   7,983447 ;   42,60
1264,58 ; 300,04 ;   7,224283 ;   38,09
1266,58 ; 299,97 ;   6,860019 ;   36,72
1268,58 ; 299,99 ;   8,563265 ;   45,71
1270,58 ; 299,99 ;   7,421030 ;   39,13
1272,58 ; 300,05 ;   7,595488 ;   40,74
1274,58 ; 299,97 ;   6,862318 ;   36,10
1276,58 ; 300,01 ;   8,737117 ;   46,79
1278,59 ; 299,97 ;   7,032870 ;   37,97
1280,59 ; 299,98 ;   8,178702 ;   43,56
1282,59 ; 299,95 ;   7,420798 ;   39,71
1284,59 ; 299,99 ;   8,179838 ;   43,69
1286,59 ; 299,94 ;   7,032186 ;   37,52
1288,59 ; 299,99 ;   8,372731 ;   44,81
1290,59 ; 300,05 ;   6,840487 ;   36,99
1292,59 ; 300,05 ;   6,839410 ;   36,12
1294,59 ; 299,95 ;   7,593785 ;   40,42
1296,59 ; 299,90 ;   9,127532 ;   48,53
1298,59 ; 300,01 ;   8,348261 ;   44,49
1300,60 ; 300,03 ;   6,277646 ;   33,15
1302,60 ; 300,08 ;   7,228666 ;   38,94
1304,60 ; 300,02 ;   7,053676 ;   37,07
1306,60 ; 299,96 ;   8,370185 ;   44,93
1308,60 ; 299,96 ;   8,354396 ;   44,69
1310,60 ; 300,10 ;   7,595316 ;   40,92
1312,60 ; 299,89 ;   5,697475 ;   30,48
1314,60 ; 300,04 ;   10,444048 ;   55,82
1316,60 ; 299,97 ;   5,697139 ;   30,28
1318,60 ; 300,02 ;   8,564159 ;   45,72
1320,60 ; 299,99 ;   7,054155 ;   37,40
1322,61 ; 300,03 ;   7,981225 ;   42,37
1324,61 ; 299,97 ;   7,035839 ;   37,86
1326,61 ; 299,97 ;   8,544171 ;   45,19
1328,61 ; 299,94 ;   7,592884 ;   40,88
1330,61 ; 300,01 ;   8,173273 ;   43,21
1332,61 ; 299,99 ;   6,646036 ;   35,84
1334,61 ; 299,97 ;   7,785512 ;   41,84
1336,61 ; 299,95 ;   7,982236 ;   42,51
1338,61 ; 300,06 ;   8,003377 ;   42,64
1340,61 ; 299,99 ;   6,106582 ;   32,33
1342,61 ; 299,90 ;   8,545644 ;   45,61
1344,62 ; 300,01 ;   8,932149 ;   47,73
1346,62 ; 299,99 ;   6,279115 ;   33,16
1348,62 ; 299,95 ;   7,811134 ;   41,86
1350,62 ; 299,98 ;   8,366982 ;   44,26
1352,62 ; 299,96 ;   7,226171 ;   38,14
1354,62 ; 299,97 ;   7,983113 ;   42,57
1356,62 ; 300,13 ;   7,594567 ;   40,38
1358,62 ; 300,02 ;   5,523099 ;   29,32
1360,62 ; 300,08 ;   9,129777 ;   48,19
1362,62 ; 299,99 ;   6,841184 ;   36,01
1364,63 ; 300,01 ;   8,738155 ;   46,69
1366,63 ; 299,99 ;   7,420379 ;   39,61
1368,63 ; 300,04 ;   7,792094 ;   41,85
1370,63 ; 300,01 ;   7,032341 ;   37,29
1372,63 ; 300,08 ;   8,003909 ;   42,84
1374,63 ; 300,04 ;   6,649078 ;   35,46
1376,63 ; 300,03 ;   8,158233 ;   43,20
1378,63 ; 300,01 ;   7,812839 ;   41,08
1380,63 ; 300,01 ;   7,984799 ;   42,28
1382,63 ; 300,02 ;   7,613345 ;   40,67
1384,63 ; 300,03 ;   7,592187 ;   40,09
1386,64 ; 300,02 ;   7,400785 ;   39,46
1388,64 ; 300,03 ;   7,787649 ;   41,70
1390,64 ; 300,06 ;   7,427020 ;   39,46
1392,64 ; 300,03 ;   7,225746 ;   38,21
1394,64 ; 300,03 ;   8,003556 ;   42,68
1396,64 ; 300,06 ;   7,594774 ;   40,52
1398,64 ; 299,98 ;   7,229667 ;   38,20
1400,64 ; 300,02 ;   8,737621 ;   46,15
1402,64 ; 300,08 ;   7,224474 ;   38,45
1404,64 ; 300,02 ;   6,667077 ;   35,96
1406,64 ; 299,99 ;   8,374610 ;   44,89
1408,65 ; 300,06 ;   7,978931 ;   42,33
1410,65 ; 299,99 ;   6,666230 ;   35,50
1412,65 ; 299,99 ;   8,544080 ;   45,55
1414,65 ; 299,96 ;   7,612447 ;   40,71
1416,65 ; 299,97 ;   8,158307 ;   43,03
1418,65 ; 300,12 ;   7,618201 ;   40,30
1420,65 ; 300,01 ;   5,519188 ;   29,82
1422,65 ; 300,04 ;   9,126798 ;   48,15
1424,65 ; 300,03 ;   7,229679 ;   38,30
1426,65 ; 300,01 ;   7,785142 ;   41,03
1428,66 ; 299,94 ;   7,985185 ;   42,23
1430,66 ; 300,02 ;   8,549242 ;   45,83
1432,66 ; 299,94 ;   6,644704 ;   35,20
1434,66 ; 300,06 ;   8,738411 ;   46,38
1436,66 ; 299,94 ;   5,889964 ;   31,72
1438,66 ; 300,01 ;   9,321746 ;   49,61
1440,66 ; 300,06 ;   6,667295 ;   35,78
1442,66 ; 300,02 ;   6,840640 ;   36,56
1444,66 ; 300,01 ;   8,177852 ;   43,80
1446,66 ; 300,04 ;   7,792384 ;   41,15
1448,66 ; 300,01 ;   7,228453 ;   38,29
1450,67 ; 300,03 ;   7,983125 ;   42,76
1452,67 ; 300,02 ;   7,224360 ;   38,87
1454,67 ; 299,98 ;   7,808126 ;   41,64
1456,67 ; 300,02 ;   7,984557 ;   42,89
1458,67 ; 300,04 ;   7,225692 ;   38,41
1460,67 ; 299,98 ;   7,229886 ;   38,82
1462,67 ; 299,98 ;   8,371479 ;   44,49
1464,67 ; 300,01 ;   7,616530 ;   40,73
1466,67 ; 300,01 ;   7,225465 ;   38,99
1468,67 ; 299,96 ;   7,620907 ;   40,60
1470,67 ; 299,94 ;   8,368643 ;   44,08
1472,68 ; 299,91 ;   8,002251 ;   42,60
1474,68 ; 300,01 ;   7,983076 ;   42,73
1476,68 ; 299,94 ;   6,470433 ;   34,16
1478,68 ; 299,99 ;   8,547403 ;   45,84
1480,68 ; 299,92 ;   6,862073 ;   36,94
1482,68 ; 300,03 ;   8,565535 ;   45,93
1484,68 ; 300,01 ;   6,105555 ;   32,98
1486,68 ; 299,97 ;   7,985096 ;   42,25
1488,68 ; 300,02 ;   8,172546 ;   43,53
1490,68 ; 299,95 ;   7,036404 ;   37,36
1492,68 ; 299,97 ;   8,565055 ;   45,81
1494,69 ; 300,02 ;   7,423315 ;   39,24
1496,69 ; 299,91 ;   7,036458 ;   37,37
1498,69 ; 299,97 ;   9,123005 ;   48,14
1500,69 ; 299,98 ;   7,033633 ;   37,09
1502,69 ; 299,90 ;   7,421581 ;   39,70
1504,69 ; 299,96 ;   8,930707 ;   47,16
1506,69 ; 299,98 ;   6,840482 ;   36,61
1508,69 ; 299,94 ;   7,420728 ;   39,18
1510,69 ; 299,94 ;   8,372315 ;   44,28
1512,69 ; 299,95 ;   7,787935 ;   41,06
1514,69 ; 299,90 ;   7,616374 ;   40,48
1516,70 ; 299,97 ;   8,367367 ;   44,51
1518,70 ; 300,03 ;   6,860616 ;   36,07
1520,70 ; 299,98 ;   6,863177 ;   36,27
1522,70 ; 300,04 ;   8,368742 ;   44,05
1524,70 ; 300,09 ;   6,838869 ;   36,77
1526,70 ; 300,03 ;   7,032943 ;   37,05
1528,70 ; 300,02 ;   8,373718 ;   44,33
1530,70 ; 300,06 ;   7,787236 ;   41,72
1532,70 ; 300,02 ;   7,036041 ;   37,16
1534,70 ; 300,01 ;   8,173391 ;   43,86
1536,71 ; 300,04 ;   7,811751 ;   41,21
1538,71 ; 300,04 ;   7,225589 ;   38,35
1540,71 ; 300,01 ;   7,615613 ;   40,50
1542,71 ; 299,97 ;   7,983783 ;   42,82
1544,71 ; 299,98 ;   8,174619 ;   43,57
1546,71 ; 299,99 ;   7,403082 ;   39,72
1548,71 ; 300,05 ;   7,614406 ;   40,22
1550,71 ; 299,96 ;   6,858807 ;   36,11
1552,71 ; 299,98 ;   8,933611 ;   47,37
1554,71 ; 299,97 ;   7,418535 ;   39,18
1556,72 ; 300,03 ;   7,784538 ;   41,96
1558,72 ; 299,96 ;   6,857212 ;   36,25
1560,72 ; 299,96 ;   8,562985 ;   45,77
1562,72 ; 300,03 ;   7,617569 ;   40,93
1564,72 ; 300,08 ;   6,663057 ;   35,71
1566,72 ; 300,03 ;   7,034147 ;   37,07
1568,72 ; 300,06 ;   8,173239 ;   43,77
1570,72 ; 300,04 ;   7,229269 ;   38,22
1572,72 ; 299,94 ;   7,982021 ;   42,10
1574,72 ; 299,98 ;   9,120839 ;   48,03
1576,72 ; 300,05 ;   7,032919 ;   37,56
1578,72 ; 300,09 ;   6,643756 ;   35,57
1580,73 ; 299,96 ;   7,226020 ;   38,08
1582,73 ; 299,98 ;   9,321856 ;   49,51
1584,73 ; 300,04 ;   7,422525 ;   39,16
1586,73 ; 300,04 ;   6,859234 ;   36,72
1588,73 ; 300,04 ;   7,618935 ;   40,48
1590,73 ; 299,92 ;   7,594298 ;   40,48
1592,73 ; 299,95 ;   9,301896 ;   49,18
1594,73 ; 300,03 ;   7,402768 ;   39,37
1596,73 ; 299,98 ;   6,449604 ;   34,61
1598,73 ; 299,98 ;   8,373772 ;   44,00
1600,74 ; 300,09 ;   7,593191 ;   40,78
1602,74 ; 299,95 ;   6,281388 ;   33,24
1604,74 ; 299,98 ;   9,491815 ;   50,67
1606,74 ; 300,03 ;   7,208154 ;   38,09
1608,74 ; 300,01 ;   7,031361 ;   37,30
1610,74 ; 300,13 ;   7,981783 ;   42,26
1612,74 ; 300,05 ;   5,912388 ;   31,94
1614,74 ; 300,06 ;   8,546146 ;   45,23
1616,74 ; 300,03 ;   7,417082 ;   39,80
1618,74 ; 300,08 ;   7,979759 ;   42,65
1620,74 ; 300,01 ;   7,036169 ;   37,01
1622,75 ; 300,02 ;   8,540209 ;   45,46
1624,75 ; 300,03 ;   7,618006 ;   40,03
1626,75 ; 300,04 ;   7,420689 ;   39,41
1628,75 ; 300,01 ;   7,420447 ;   39,90
1630,75 ; 299,99 ;   7,977888 ;   42,76
1632,75 ; 299,97 ;   7,787999 ;   41,76
1634,75 ; 300,03 ;   7,981827 ;   42,43
1636,75 ; 299,97 ;   6,838060 ;   36,18
1638,75 ; 299,99 ;   8,564949 ;   45,12
1640,75 ; 299,96 ;   7,397348 ;   39,08
1642,76 ; 300,03 ;   8,172526 ;   43,01
1644,76 ; 299,97 ;   6,646963 ;   35,64
1646,76 ; 299,96 ;   8,543582 ;   45,12
1648,76 ; 299,96 ;   7,783763 ;   41,40
1650,76 ; 300,01 ;   7,614255 ;   40,87
1652,76 ; 299,99 ;   7,033151 ;   37,39
1654,76 ; 300,02 ;   7,782711 ;   41,78
1656,76 ; 299,99 ;   7,229524 ;   38,96
1658,76 ; 299,99 ;   8,000761 ;   42,32
1660,76 ; 300,04 ;   7,595611 ;   40,70
1662,76 ; 300,01 ;   7,052704 ;   37,22
1664,77 ; 300,09 ;   7,981515 ;   42,77
1666,77 ; 300,02 ;   6,471266 ;   34,81
1668,77 ; 299,98 ;   8,565460 ;   45,41
1670,77 ; 299,95 ;   7,981924 ;   42,88
1672,77 ; 300,03 ;   8,159391 ;   43,63
1674,77 ; 300,04 ;   6,471851 ;   34,57
1676,77 ; 299,98 ;   7,400958 ;   39,90
1678,77 ; 299,99 ;   8,368961 ;   44,50
1680,77 ; 300,02 ;   7,614581 ;   40,15
1682,77 ; 299,96 ;   7,226400 ;   38,95
1684,78 ; 300,02 ;   8,367364 ;   44,62
1686,78 ; 299,97 ;   6,839373 ;   36,80
1688,78 ; 299,94 ;   8,372040 ;   44,04
1690,78 ; 300,01 ;   8,175368 ;   43,14
1692,78 ; 299,96 ;   6,644217 ;   35,78
1694,78 ; 299,92 ;   8,362937 ;   44,10
1696,78 ; 300,01 ;   8,156727 ;   43,77
1698,78 ; 300,05 ;   6,472628 ;   34,71
1700,78 ; 299,99 ;   7,031836 ;   37,15
1702,78 ; 300,01 ;   8,563251 ;   45,01
1704,79 ; 300,05 ;   7,423319 ;   39,55
1706,79 ; 299,95 ;   7,034031 ;   37,14
1708,79 ; 299,94 ;   9,123297 ;   48,49
1710,79 ; 299,91 ;   7,790263 ;   41,54
1712,79 ; 299,91 ;   7,982603 ;   42,75
1714,79 ; 299,94 ;   7,788855 ;   41,14
1716,79 ; 300,05 ;   7,419269 ;   39,41
1718,79 ; 300,01 ;   6,084494 ;   32,33
1720,79 ; 300,02 ;   8,176003 ;   43,87
1722,79 ; 299,96 ;   7,593646 ;   40,07
1724,79 ; 300,03 ;   8,373720 ;   44,66
1726,80 ; 299,98 ;   6,646994 ;   35,68
1728,80 ; 300,02 ;   8,347496 ;   44,00
1730,80 ; 300,01 ;   7,227259 ;   38,45
1732,80 ; 299,98 ;   7,792751 ;   41,18
1734,80 ; 299,97 ;   7,977749 ;   42,38
1736,80 ; 300,04 ;   7,808227 ;   41,93
1738,80 ; 299,99 ;   6,648971 ;   35,64
1740,80 ; 300,05 ;   8,156425 ;   43,96
1742,80 ; 300,03 ;   6,840522 ;   36,09
1744,80 ; 299,96 ;   7,983811 ;   42,13
1746,80 ; 300,01 ;   8,565269 ;   45,73
1748,81 ; 299,98 ;   7,034151 ;   37,41
1750,81 ; 300,01 ;   7,981550 ;   42,38
1752,81 ; 299,97 ;   7,421538 ;   39,03
1754,81 ; 299,96 ;   8,176604 ;   43,54
1756,81 ; 300,02 ;   7,790517 ;   41,44
1758,81 ; 300,03 ;   6,861340 ;   36,84
1760,81 ; 300,02 ;   7,421125 ;   39,44
1762,81 ; 300,03 ;   7,808020 ;   41,68
1764,81 ; 299,97 ;   7,418740 ;   39,44
1766,81 ; 300,02 ;   8,545545 ;   45,15
1768,82 ; 299,95 ;   7,030574 ;   37,37
1770,82 ; 299,94 ;   8,545313 ;   45,82
1772,82 ; 299,99 ;   7,787036 ;   41,56
1774,82 ; 299,95 ;   6,860185 ;   36,97
1776,82 ; 299,96 ;   8,373813 ;   44,22
1778,82 ; 299,96 ;   7,399475 ;   39,84
1780,82 ; 300,01 ;   7,601086 ;   40,92
1782,82 ; 300,02 ;   7,030924 ;   37,44
1784,82 ; 300,03 ;   7,595105 ;   40,09
1786,82 ; 299,94 ;   7,421770 ;   39,46
1788,82 ; 299,99 ;   8,932882 ;   47,50
1790,83 ; 300,04 ;   6,838643 ;   36,99
1792,83 ; 300,03 ;   7,034282 ;   37,27
1794,83 ; 299,98 ;   7,810597 ;   41,08
1796,83 ; 299,97 ;   8,368404 ;   44,02
1798,83 ; 300,03 ;   7,810769 ;   41,95
1800,83 ; 299,95 ;   6,837832 ;   36,23
1802,83 ; 299,98 ;   8,736678 ;   46,92
1804,83 ; 299,92 ;   7,224881 ;   38,10
1806,83 ; 300,03 ;   8,564749 ;   45,44
1808,83 ; 300,02 ;   6,297656 ;   33,01
1810,84 ; 300,04 ;   7,809585 ;   41,71
1812,84 ; 299,97 ;   7,223604 ;   38,89
1814,84 ; 299,99 ;   8,567070 ;   45,72
1816,84 ; 300,01 ;   7,398585 ;   39,14
1818,84 ; 300,02 ;   7,418718 ;   39,60
1820,84 ; 299,99 ;   7,613020 ;   40,09
1822,84 ; 299,94 ;   7,982764 ;   42,37
1824,84 ; 300,06 ;   8,367081 ;   44,82
1826,84 ; 300,04 ;   5,893902 ;   31,77
1828,84 ; 299,98 ;   7,982549 ;   42,12
1830,84 ; 300,03 ;   8,373702 ;   44,56
1832,85 ; 299,99 ;   7,035065 ;   37,31
1834,85 ; 300,04 ;   8,178905 ;   43,44
1836,85 ; 300,02 ;   7,036003 ;   37,27
1838,85 ; 300,04 ;   7,984896 ;   42,24
1840,85 ; 300,05 ;   7,226668 ;   38,88
1842,85 ; 300,04 ;   7,422518 ;   39,33
1844,85 ; 300,02 ;   7,810880 ;   41,56
1846,85 ; 300,02 ;   7,983612 ;   42,22
1848,85 ; 300,02 ;   7,613061 ;   40,60
1850,85 ; 299,97 ;   7,592726 ;   40,60
1852,86 ; 299,98 ;   8,345703 ;   44,08
1854,86 ; 299,99 ;   7,424640 ;   39,70
1856,86 ; 299,97 ;   7,617383 ;   40,19
1858,86 ; 299,91 ;   7,978280 ;   42,47
1860,86 ; 299,95 ;   8,372922 ;   44,92
1862,86 ; 300,02 ;   7,225107 ;   38,85
1864,86 ; 300,03 ;   6,662978 ;   35,78
1866,86 ; 299,95 ;   7,420687 ;   39,46
1868,86 ; 299,98 ;   8,757523 ;   46,92
1870,86 ; 299,96 ;   7,228442 ;   38,10
1872,86 ; 299,96 ;   7,981823 ;   42,54
1874,87 ; 299,97 ;   7,610764 ;   40,93
1876,87 ; 299,98 ;   7,594220 ;   40,35
1878,87 ; 300,04 ;   7,423913 ;   39,73
1880,87 ; 299,98 ;   6,857279 ;   36,75
1882,87 ; 300,04 ;   8,374695 ;   44,57
1884,87 ; 300,04 ;   6,840251 ;   36,74
1886,87 ; 300,03 ;   7,591852 ;   40,51
1888,87 ; 299,98 ;   7,791401 ;   41,08
1890,87 ; 300,03 ;   8,368248 ;   44,02
1892,87 ; 300,04 ;   7,052762 ;   37,31
1894,88 ; 299,97 ;   7,423690 ;   39,96
1896,88 ; 299,99 ;   8,565196 ;   45,71
1898,88 ; 299,99 ;   7,402832 ;   39,14
1900,88 ; 299,98 ;   7,613807 ;   40,75
1902,88 ; 300,03 ;   7,808537 ;   41,33
1904,88 ; 300,03 ;   7,032810 ;   37,31
1906,88 ; 299,98 ;   7,614731 ;   40,54
1908,88 ; 299,98 ;   8,375615 ;   44,01
1910,88 ; 299,95 ;   7,593950 ;   40,79
1912,88 ; 299,98 ;   8,178688 ;   43,69
1914,88 ; 299,99 ;   7,227303 ;   38,11
1916,89 ; 299,98 ;   7,594138 ;   40,22
1918,89 ; 299,94 ;   7,811324 ;   41,34
1920,89 ; 299,89 ;   8,347446 ;   44,28
1922,89 ; 300,02 ;   8,372092 ;   44,54
1924,89 ; 299,96 ;   6,082631 ;   32,04
1926,89 ; 300,05 ;   8,348459 ;   44,71
1928,89 ; 300,09 ;   6,296918 ;   33,98
1930,89 ; 300,04 ;   7,229114 ;   38,11
1932,89 ; 299,98 ;   8,180220 ;   43,74
1934,89 ; 300,03 ;   8,347956 ;   44,57
1936,90 ; 300,04 ;   7,048912 ;   37,32
1938,90 ; 299,92 ;   7,424065 ;   39,97
1940,90 ; 300,02 ;   9,319860 ;   49,21
1942,90 ; 299,90 ;   6,472008 ;   34,18
1944,90 ; 299,98 ;   9,321491 ;   49,34
1946,90 ; 299,97 ;   6,474569 ;   34,90
1948,90 ; 299,99 ;   7,810479 ;   41,98
1950,90 ; 300,13 ;   7,420111 ;   39,16
1952,90 ; 299,99 ;   5,693938 ;   30,91
1954,90 ; 300,03 ;   9,322794 ;   49,91
1956,90 ; 300,04 ;   7,051415 ;   37,86
1958,91 ; 300,03 ;   7,418891 ;   39,97
1960,91 ; 300,03 ;   7,785192 ;   41,08
1962,91 ; 299,96 ;   7,594826 ;   40,54
1964,91 ; 299,97 ;   8,565172 ;   45,76
1966,91 ; 300,02 ;   7,616116 ;   40,34
1968,91 ; 299,94 ;   7,034350 ;   37,40
1970,91 ; 299,98 ;   8,738675 ;   46,43
1972,91 ; 299,95 ;   7,032753 ;   37,58
1974,91 ; 299,98 ;   8,177769 ;   43,71
1976,91 ; 299,96 ;   7,228047 ;   38,12
1978,92 ; 299,95 ;   7,983183 ;   42,56
1980,92 ; 300,02 ;   7,983919 ;   42,11
1982,92 ; 299,95 ;   6,645264 ;   35,81
1984,92 ; 300,03 ;   8,541423 ;   45,88
1986,92 ; 300,04 ;   6,474545 ;   34,66
1988,92 ; 299,99 ;   7,400429 ;   39,99
1990,92 ; 300,01 ;   8,347751 ;   44,01
1992,92 ; 299,99 ;   7,423156 ;   39,62
1994,92 ; 299,99 ;   7,809655 ;   41,85
1996,92 ; 300,03 ;   7,598363 ;   40,78
1998,92 ; 299,95 ;   7,053780 ;   37,88
2000,93 ; 299,94 ;   8,737473 ;   46,95
2002,93 ; 299,98 ;   7,785256 ;   41,62
2004,93 ; 299,99 ;   7,053181 ;   37,60
2006,93 ; 299,98 ;   7,617182 ;   40,25
2008,93 ; 299,98 ;   7,787067 ;   41,37
2010,93 ; 299,99 ;   7,619214 ;   40,84
2012,93 ; 299,92 ;   7,591019 ;   40,26
2014,93 ; 299,96 ;   8,737644 ;   46,02
2016,93 ; 300,02 ;   7,226201 ;   38,28
2018,93 ; 299,98 ;   6,840193 ;   36,91
2020,94 ; 300,01 ;   7,983782 ;   43,00
2022,94 ; 300,10 ;   7,420836 ;   39,11
2024,94 ; 299,99 ;   6,276166 ;   33,76
2026,94 ; 300,03 ;   9,106222 ;   48,33
2028,94 ; 299,99 ;   7,032029 ;   37,90
2030,94 ; 299,98 ;   8,176062 ;   43,48
2032,94 ; 299,99 ;   7,785338 ;   41,37
2034,94 ; 299,99 ;   7,618375 ;   40,26
2036,94 ; 299,97 ;   7,592999 ;   40,80
2038,94 ; 300,02 ;   7,986039 ;   42,54
2040,95 ; 299,98 ;   7,032267 ;   37,44
2042,95 ; 299,99 ;   7,981273 ;   42,99
2044,95 ; 299,98 ;   7,615845 ;   40,26
2046,95 ; 299,94 ;   7,791619 ;   41,38
2048,95 ; 300,03 ;   8,371931 ;   44,33
2050,95 ; 299,99 ;   6,470621 ;   34,14
2052,95 ; 300,05 ;   8,176459 ;   43,50
2054,95 ; 299,96 ;   6,861758 ;   36,17
2056,95 ; 299,98 ;   8,935370 ;   47,43
2058,95 ; 299,98 ;   7,418700 ;   39,23
2060,95 ; 300,01 ;   7,591496 ;   40,85
2062,96 ; 300,05 ;   7,400165 ;   39,11
2064,96 ; 299,96 ;   7,034921 ;   37,24
2066,96 ; 299,97 ;   8,932290 ;   47,43
2068,96 ; 299,98 ;   7,591009 ;   40,40
2070,96 ; 299,95 ;   7,421989 ;   39,78
2072,96 ; 300,02 ;   8,176174 ;   43,75
2074,96 ; 300,03 ;   6,669177 ;   35,85
2076,96 ; 300,01 ;   7,398871 ;   39,53
2078,96 ; 299,99 ;   7,982504 ;   42,34
2080,96 ; 300,01 ;   7,784932 ;   41,89
2082,97 ; 300,01 ;   7,421383 ;   39,65
2084,97 ; 300,03 ;   7,618222 ;   40,73
2086,97 ; 300,03 ;   7,227324 ;   38,98
2088,97 ; 300,08 ;   7,618302 ;   40,60
2090,97 ; 300,02 ;   7,034769 ;   37,11
2092,97 ; 300,09 ;   8,349089 ;   44,97
2094,97 ; 299,98 ;   6,666595 ;   35,45
2096,97 ; 300,04 ;   8,952015 ;   47,82
2098,97 ; 300,01 ;   6,861285 ;   36,77
2100,97 ; 299,89 ;   7,984785 ;   42,85
2102,97 ; 299,99 ;   9,319801 ;   49,40
2104,98 ; 299,91 ;   6,279310 ;   33,80
2106,98 ; 300,01 ;   8,734117 ;   46,60
2108,98 ; 299,94 ;   6,473134 ;   34,26
2110,98 ; 299,91 ;   8,544688 ;   45,94
2112,98 ; 299,99 ;   7,986639 ;   42,84
2114,98 ; 300,04 ;   6,644340 ;   35,44
2116,98 ; 299,99 ;   7,031057 ;   37,34
2118,98 ; 299,99 ;   8,329055 ;   44,04
2120,98 ; 299,97 ;   7,605599 ;   40,82
2122,98 ; 299,96 ;   7,980138 ;   42,56
2124,98 ; 299,87 ;   7,807256 ;   41,53
2126,99 ; 300,01 ;   8,927339 ;   47,95
2128,99 ; 299,96 ;   5,890992 ;   31,07
2130,99 ; 299,97 ;   8,364023 ;   44,23
2132,99 ; 299,91 ;   7,617455 ;   40,43
2134,99 ; 299,97 ;   8,561087 ;   45,03
2136,99 ; 300,02 ;   7,055869 ;   37,21
2138,99 ; 300,01 ;   7,031312 ;   37,50
2140,99 ; 300,04 ;   7,793291 ;   41,31
2142,99 ; 299,98 ;   7,224993 ;   38,45
2144,99 ; 299,99 ;   8,367799 ;   44,66
2147,00 ; 299,98 ;   7,616653 ;   40,31
2149,00 ; 300,03 ;   7,790023 ;   41,43
2151,00 ; 299,99 ;   7,034911 ;   37,42
2153,00 ; 299,98 ;   8,175593 ;   43,54
2155,00 ; 300,08 ;   7,787455 ;   41,43
2157,00 ; 300,04 ;   6,278195 ;   33,93
2159,00 ; 299,96 ;   8,180145 ;   43,28
2161,00 ; 300,08 ;   8,735388 ;   46,39
2163,00 ; 299,99 ;   6,080793 ;   32,31
2165,00 ; 300,01 ;   8,737833 ;   46,75
2167,01 ; 300,04 ;   7,422020 ;   39,68
2169,01 ; 300,01 ;   7,226664 ;   38,43
2171,01 ; 300,03 ;   7,982391 ;   42,90
2173,01 ; 300,02 ;   7,420915 ;   39,01
2175,01 ; 300,01 ;   7,787219 ;   41,78
2177,01 ; 300,04 ;   7,811959 ;   41,28
2179,01 ; 300,01 ;   7,226811 ;   38,42
2181,01 ; 299,98 ;   7,982496 ;   42,89
2183,01 ; 299,99 ;   8,002520 ;   42,48
2185,01 ; 299,98 ;   7,596886 ;   40,28
2187,01 ; 299,96 ;   7,811209 ;   41,40
2189,02 ; 299,99 ;   7,983505 ;   42,61
2191,02 ; 299,97 ;   7,228069 ;   38,68
2193,02 ; 299,96 ;   7,978450 ;   42,57
2195,02 ; 299,95 ;   7,809543 ;   41,54
2197,02 ; 300,06 ;   7,982016 ;   42,17
2199,02 ; 300,03 ;   6,082035 ;   32,39
2201,02 ; 300,05 ;   7,982374 ;   42,78
