Tempo total (s) ;Temperatura (ºC) ; Potencia atual (W) ; Saida
P:  10.70 I: 132.00 D:  29.50 Tensão:4.793 V Temperatura ambiente:     24.58 ºC
2,00 ; 249,78 ;   5,198924 ;   61,39
4,00 ; 249,87 ;   7,148062 ;   84,70
6,00 ; 249,73 ;   4,606744 ;   54,22
8,00 ; 249,69 ;   7,662159 ;   90,19
10,01 ; 249,80 ;   6,561223 ;   77,19
12,01 ; 249,84 ;   4,345811 ;   51,40
14,01 ; 249,82 ;   5,285232 ;   62,10
16,01 ; 249,75 ;   5,960029 ;   70,92
18,01 ; 249,80 ;   6,814382 ;   80,34
20,01 ; 249,87 ;   5,112899 ;   60,07
22,01 ; 249,77 ;   4,937088 ;   58,19
24,01 ; 249,73 ;   7,051773 ;   83,87
26,02 ; 249,84 ;   6,540441 ;   77,03
28,02 ; 249,84 ;   4,339949 ;   51,24
30,02 ; 249,77 ;   5,780150 ;   68,52
32,02 ; 249,78 ;   6,714717 ;   79,09
34,02 ; 249,75 ;   5,700728 ;   67,95
36,02 ; 249,63 ;   6,299525 ;   74,48
38,02 ; 249,64 ;   7,653158 ;   90,66
40,02 ; 249,67 ;   5,779025 ;   68,38
42,02 ; 249,59 ;   5,530028 ;   65,63
44,03 ; 249,60 ;   7,052498 ;   83,79
46,03 ; 249,59 ;   5,953492 ;   70,21
48,03 ; 249,50 ;   6,127945 ;   72,83
50,03 ; 249,51 ;   7,391617 ;   87,47
52,03 ; 249,48 ;   6,040191 ;   71,44
54,03 ; 249,45 ;   6,453378 ;   76,70
56,03 ; 249,48 ;   6,638692 ;   78,36
58,03 ; 249,44 ;   5,865710 ;   69,57
60,04 ; 249,42 ;   6,725055 ;   79,93
62,04 ; 249,42 ;   6,462810 ;   76,50
64,04 ; 249,41 ;   6,291345 ;   74,13
66,04 ; 249,45 ;   6,377083 ;   75,54
68,04 ; 249,41 ;   5,704000 ;   67,82
70,04 ; 249,44 ;   6,805858 ;   80,65
72,04 ; 249,45 ;   5,954378 ;   70,64
74,04 ; 249,38 ;   6,040082 ;   71,79
76,04 ; 249,39 ;   7,402457 ;   87,52
78,05 ; 249,40 ;   6,118098 ;   72,66
80,05 ; 249,45 ;   6,206561 ;   73,91
82,05 ; 249,40 ;   5,616791 ;   66,01
84,05 ; 249,39 ;   7,053781 ;   83,95
86,05 ; 249,51 ;   6,467544 ;   76,74
88,05 ; 249,37 ;   4,680439 ;   55,85
90,05 ; 249,41 ;   8,328286 ;   98,12
92,05 ; 249,42 ;   5,782472 ;   68,14
94,06 ; 249,40 ;   6,292749 ;   74,31
96,06 ; 249,46 ;   6,715594 ;   79,59
98,06 ; 249,50 ;   5,531577 ;   65,45
100,06 ; 249,53 ;   5,779456 ;   68,81
102,06 ; 249,48 ;   5,867018 ;   69,79
104,06 ; 249,51 ;   7,143813 ;   84,01
106,06 ; 249,52 ;   5,955137 ;   70,20
108,06 ; 249,48 ;   6,119878 ;   72,58
110,07 ; 249,59 ;   7,057826 ;   83,02
112,07 ; 249,51 ;   4,680696 ;   55,94
114,07 ; 249,52 ;   7,483191 ;   88,99
116,07 ; 249,50 ;   6,118372 ;   72,89
118,07 ; 249,50 ;   6,719105 ;   79,38
120,07 ; 249,51 ;   6,379558 ;   75,76
122,07 ; 249,53 ;   6,295103 ;   74,53
124,07 ; 249,55 ;   6,044270 ;   71,89
126,07 ; 249,52 ;   6,205729 ;   73,02
128,08 ; 249,51 ;   6,721279 ;   79,51
130,08 ; 249,48 ;   6,631025 ;   78,53
132,08 ; 249,53 ;   6,804404 ;   80,10
134,08 ; 249,48 ;   5,781312 ;   68,58
136,08 ; 249,52 ;   7,229731 ;   85,27
138,08 ; 249,48 ;   5,781648 ;   68,83
140,08 ; 249,55 ;   7,143884 ;   84,20
142,08 ; 249,63 ;   5,529962 ;   65,04
144,09 ; 249,60 ;   5,366494 ;   63,03
146,09 ; 249,62 ;   6,720687 ;   79,36
148,09 ; 249,62 ;   6,207926 ;   73,10
150,09 ; 249,66 ;   6,380888 ;   75,62
152,09 ; 249,69 ;   5,695264 ;   67,79
154,09 ; 249,59 ;   6,033769 ;   71,28
156,09 ; 249,66 ;   7,648596 ;   90,83
158,09 ; 249,62 ;   5,443845 ;   64,26
160,09 ; 249,60 ;   7,056465 ;   83,30
162,10 ; 249,67 ;   6,642281 ;   78,61
164,10 ; 249,66 ;   5,443549 ;   64,35
166,10 ; 249,64 ;   6,467319 ;   76,81
168,10 ; 249,69 ;   6,720494 ;   79,59
170,10 ; 249,73 ;   5,783133 ;   68,05
172,10 ; 249,73 ;   5,792042 ;   68,91
174,10 ; 249,70 ;   6,207680 ;   73,79
176,10 ; 249,67 ;   6,891552 ;   81,66
178,11 ; 249,73 ;   6,717945 ;   79,49
180,11 ; 249,70 ;   5,617704 ;   66,63
182,11 ; 249,77 ;   6,797984 ;   80,57
184,11 ; 249,78 ;   5,277213 ;   62,52
186,11 ; 249,75 ;   6,217796 ;   73,56
188,11 ; 249,75 ;   6,806171 ;   80,10
190,11 ; 249,73 ;   6,381451 ;   75,21
192,11 ; 249,80 ;   6,556291 ;   77,88
194,11 ; 249,76 ;   5,452702 ;   64,92
196,12 ; 249,71 ;   6,892333 ;   81,41
198,12 ; 249,71 ;   7,059809 ;   83,18
200,12 ; 249,70 ;   6,380058 ;   75,84
202,12 ; 249,75 ;   6,630928 ;   78,52
204,12 ; 249,76 ;   5,618103 ;   66,88
206,12 ; 249,73 ;   6,294490 ;   74,23
208,12 ; 249,75 ;   6,718581 ;   79,46
210,12 ; 249,78 ;   6,209914 ;   73,17
212,13 ; 249,75 ;   5,957267 ;   70,40
214,13 ; 249,77 ;   6,805731 ;   80,64
216,13 ; 249,78 ;   6,044403 ;   71,80
218,13 ; 249,84 ;   6,292208 ;   74,21
220,13 ; 249,71 ;   5,619769 ;   66,26
222,13 ; 249,80 ;   8,081715 ;   95,99
224,13 ; 249,84 ;   5,106978 ;   60,51
226,13 ; 249,87 ;   5,958821 ;   70,07
228,13 ; 249,86 ;   5,870784 ;   69,75
230,14 ; 249,87 ;   6,457274 ;   76,02
232,14 ; 249,86 ;   6,209666 ;   73,49
234,14 ; 249,86 ;   6,470342 ;   76,06
236,14 ; 249,84 ;   6,295981 ;   74,85
238,14 ; 249,86 ;   6,634390 ;   78,83
240,14 ; 249,87 ;   6,044083 ;   71,21
242,14 ; 249,86 ;   6,217570 ;   73,61
244,14 ; 249,78 ;   6,458362 ;   76,18
246,15 ; 249,84 ;   7,483050 ;   88,14
248,15 ; 249,84 ;   5,620346 ;   66,64
250,15 ; 249,98 ;   6,375211 ;   75,29
252,15 ; 249,95 ;   4,343825 ;   51,60
254,15 ; 249,91 ;   6,730551 ;   79,06
256,15 ; 249,87 ;   6,806737 ;   80,73
258,15 ; 249,84 ;   6,894280 ;   81,16
260,15 ; 249,84 ;   6,807996 ;   80,29
262,16 ; 249,86 ;   6,303758 ;   74,07
264,16 ; 249,86 ;   6,131756 ;   72,69
266,16 ; 249,91 ;   6,380944 ;   75,18
268,16 ; 249,95 ;   5,697121 ;   67,30
270,16 ; 249,91 ;   5,783174 ;   68,13
272,16 ; 249,93 ;   6,808425 ;   80,88
274,16 ; 249,84 ;   5,957570 ;   70,78
276,16 ; 249,87 ;   7,646065 ;   90,29
278,17 ; 249,88 ;   5,957595 ;   70,27
280,17 ; 249,95 ;   6,132375 ;   72,58
282,17 ; 249,95 ;   5,358985 ;   63,21
284,17 ; 249,91 ;   6,381266 ;   75,63
286,17 ; 249,95 ;   6,730434 ;   79,68
288,17 ; 249,97 ;   5,782415 ;   68,17
290,17 ; 249,95 ;   6,034535 ;   71,71
292,17 ; 249,91 ;   6,642387 ;   78,13
294,17 ; 249,97 ;   6,893408 ;   81,03
296,18 ; 249,98 ;   5,447263 ;   64,35
298,18 ; 249,95 ;   6,129029 ;   72,89
300,18 ; 249,98 ;   6,719701 ;   79,40
302,18 ; 250,02 ;   5,871688 ;   69,21
304,18 ; 249,95 ;   5,707918 ;   67,55
306,18 ; 249,89 ;   7,232616 ;   85,57
308,18 ; 249,91 ;   7,059443 ;   83,71
310,18 ; 249,87 ;   6,034900 ;   71,14
312,19 ; 249,91 ;   6,981740 ;   82,76
314,19 ; 250,00 ;   5,784625 ;   68,80
316,19 ; 250,02 ;   5,021059 ;   59,17
318,19 ; 249,91 ;   5,956932 ;   70,01
320,19 ; 249,91 ;   7,830471 ;   92,13
322,19 ; 249,98 ;   6,471401 ;   76,22
324,19 ; 249,98 ;   5,368796 ;   63,15
326,19 ; 250,02 ;   6,304423 ;   74,24
328,19 ; 249,98 ;   5,610933 ;   66,34
330,20 ; 249,98 ;   6,884724 ;   81,64
332,20 ; 249,99 ;   6,294719 ;   74,25
334,20 ; 249,86 ;   6,043524 ;   71,62
336,20 ; 250,06 ;   8,159289 ;   96,48
338,20 ; 250,00 ;   3,495171 ;   41,31
340,20 ; 249,91 ;   7,058224 ;   83,87
342,20 ; 249,95 ;   7,572353 ;   89,82
344,20 ; 249,88 ;   5,784878 ;   68,46
346,21 ; 249,98 ;   7,223531 ;   85,16
348,21 ; 249,95 ;   5,030768 ;   59,52
350,21 ; 249,95 ;   6,720063 ;   79,58
352,21 ; 249,98 ;   6,295378 ;   74,66
354,21 ; 249,88 ;   5,872573 ;   69,40
356,21 ; 249,91 ;   7,659294 ;   90,14
358,21 ; 249,95 ;   5,958736 ;   70,10
360,21 ; 249,99 ;   5,870933 ;   69,78
362,22 ; 249,97 ;   5,620775 ;   66,81
364,22 ; 249,97 ;   6,645812 ;   78,16
366,22 ; 250,06 ;   6,296886 ;   74,47
368,22 ; 249,91 ;   4,941354 ;   58,66
370,22 ; 249,95 ;   8,334161 ;   98,47
372,22 ; 249,97 ;   5,783169 ;   68,49
374,22 ; 250,02 ;   6,133286 ;   72,02
376,22 ; 249,89 ;   5,619854 ;   66,58
378,22 ; 249,95 ;   8,080230 ;   95,05
380,23 ; 250,08 ;   5,448154 ;   64,81
382,23 ; 249,99 ;   4,510297 ;   53,60
384,23 ; 249,99 ;   7,398970 ;   87,80
386,23 ; 249,98 ;   6,296361 ;   74,24
388,23 ; 250,05 ;   6,462143 ;   76,88
390,23 ; 249,99 ;   5,271996 ;   62,56
392,23 ; 249,95 ;   6,983986 ;   82,86
394,23 ; 249,97 ;   6,971476 ;   82,15
396,24 ; 250,05 ;   5,951041 ;   70,81
398,24 ; 249,95 ;   5,186013 ;   61,35
400,24 ; 249,98 ;   7,659532 ;   90,78
402,24 ; 250,04 ;   5,872981 ;   69,50
404,24 ; 249,98 ;   5,359756 ;   63,89
406,24 ; 250,02 ;   7,146464 ;   84,28
408,24 ; 250,04 ;   5,616848 ;   66,53
410,24 ; 249,97 ;   6,047836 ;   71,28
412,24 ; 249,99 ;   7,233094 ;   85,60
414,25 ; 250,02 ;   5,957364 ;   70,56
416,25 ; 250,02 ;   5,957778 ;   70,30
418,25 ; 250,06 ;   6,208142 ;   74,00
420,25 ; 250,02 ;   5,621944 ;   66,10
422,25 ; 250,06 ;   6,894723 ;   81,38
424,25 ; 249,99 ;   5,620710 ;   66,08
426,25 ; 249,91 ;   7,224021 ;   85,31
428,25 ; 249,99 ;   7,484810 ;   88,72
430,26 ; 250,00 ;   5,110220 ;   60,69
432,26 ; 249,95 ;   6,133418 ;   72,93
434,26 ; 250,02 ;   7,060299 ;   83,38
436,26 ; 249,95 ;   5,281103 ;   62,91
438,26 ; 249,95 ;   7,147118 ;   84,53
440,26 ; 250,02 ;   6,297001 ;   74,68
442,26 ; 249,93 ;   5,448338 ;   64,15
444,26 ; 249,93 ;   7,485009 ;   88,50
446,27 ; 249,95 ;   6,296102 ;   74,95
448,27 ; 250,00 ;   6,121070 ;   72,33
450,27 ; 249,88 ;   5,533829 ;   65,58
452,27 ; 250,05 ;   7,909007 ;   93,97
454,27 ; 249,97 ;   4,008689 ;   47,85
456,27 ; 249,97 ;   7,310525 ;   86,89
458,27 ; 250,02 ;   6,296608 ;   74,57
460,27 ; 250,00 ;   5,620146 ;   66,67
462,27 ; 250,02 ;   6,470084 ;   76,70
464,28 ; 250,05 ;   6,043867 ;   71,59
466,28 ; 250,04 ;   5,783488 ;   68,79
468,28 ; 249,99 ;   6,382286 ;   75,03
470,28 ; 250,02 ;   6,896027 ;   81,69
472,28 ; 249,95 ;   5,959504 ;   70,35
474,28 ; 250,02 ;   7,146951 ;   84,58
476,28 ; 249,98 ;   5,274930 ;   62,87
478,28 ; 249,97 ;   6,887958 ;   81,87
480,29 ; 249,93 ;   6,374666 ;   75,79
482,29 ; 249,95 ;   6,897903 ;   81,15
484,29 ; 249,98 ;   6,123069 ;   72,36
486,29 ; 250,02 ;   5,873713 ;   69,57
488,29 ; 249,98 ;   5,707753 ;   67,92
490,29 ; 249,93 ;   6,809430 ;   80,66
492,29 ; 249,91 ;   6,972439 ;   82,41
494,29 ; 250,05 ;   6,558854 ;   77,66
496,30 ; 250,08 ;   4,433907 ;   52,82
498,30 ; 249,97 ;   5,795660 ;   68,49
500,30 ; 249,99 ;   7,736941 ;   91,85
502,30 ; 249,98 ;   5,958636 ;   70,65
504,30 ; 249,98 ;   6,462769 ;   76,98
506,30 ; 250,05 ;   6,296284 ;   74,52
508,30 ; 250,08 ;   5,280227 ;   62,67
510,30 ; 250,02 ;   5,795850 ;   68,48
512,31 ; 250,02 ;   6,972732 ;   82,62
514,31 ; 250,00 ;   6,211776 ;   73,99
516,31 ; 250,02 ;   6,549571 ;   77,94
518,31 ; 250,02 ;   6,046214 ;   71,61
520,31 ; 250,06 ;   6,297374 ;   74,07
522,31 ; 250,00 ;   5,620701 ;   66,16
524,31 ; 250,04 ;   7,147169 ;   84,09
526,31 ; 249,91 ;   5,698422 ;   67,64
528,31 ; 249,98 ;   8,171087 ;   96,19
530,32 ; 250,00 ;   5,362208 ;   63,40
532,32 ; 249,99 ;   5,960105 ;   70,54
534,32 ; 249,89 ;   6,384129 ;   75,56
536,32 ; 249,95 ;   7,737765 ;   91,44
538,32 ; 249,98 ;   5,610873 ;   66,23
540,32 ; 249,95 ;   5,873326 ;   69,59
542,32 ; 250,02 ;   6,720654 ;   79,79
544,32 ; 249,95 ;   5,187447 ;   61,70
546,33 ; 249,93 ;   7,399163 ;   87,19
548,33 ; 249,98 ;   6,558121 ;   77,51
550,33 ; 249,99 ;   5,707155 ;   67,16
552,33 ; 249,98 ;   6,047825 ;   71,92
554,33 ; 249,98 ;   6,548607 ;   77,02
556,33 ; 250,02 ;   6,297017 ;   74,56
558,33 ; 250,00 ;   5,699004 ;   67,98
560,33 ; 249,98 ;   6,471540 ;   76,77
562,34 ; 250,08 ;   6,634156 ;   78,26
564,34 ; 250,02 ;   4,848785 ;   57,44
566,34 ; 250,08 ;   6,983304 ;   82,67
568,34 ; 249,95 ;   5,446723 ;   64,82
570,34 ; 250,06 ;   7,995835 ;   94,51
572,34 ; 249,99 ;   4,769889 ;   56,36
574,34 ; 249,99 ;   7,224543 ;   85,45
576,34 ; 250,04 ;   6,297708 ;   74,36
578,34 ; 250,04 ;   5,621773 ;   66,46
580,35 ; 250,02 ;   6,211014 ;   73,85
582,35 ; 250,04 ;   6,548845 ;   77,80
584,35 ; 249,99 ;   5,959678 ;   70,14
586,35 ; 249,97 ;   6,893918 ;   81,74
588,35 ; 249,99 ;   6,636120 ;   78,30
590,35 ; 250,08 ;   5,951196 ;   70,66
592,35 ; 249,95 ;   5,024335 ;   59,86
594,35 ; 249,98 ;   7,999749 ;   94,47
596,36 ; 250,04 ;   5,958375 ;   70,82
598,36 ; 250,05 ;   5,363411 ;   63,98
600,36 ; 250,02 ;   6,134300 ;   72,52
602,36 ; 250,06 ;   6,722889 ;   79,01
604,36 ; 249,97 ;   5,622629 ;   66,18
606,36 ; 250,05 ;   7,573865 ;   89,37
608,36 ; 249,98 ;   5,195495 ;   61,40
610,36 ; 249,99 ;   7,224596 ;   85,58
612,36 ; 250,02 ;   6,048294 ;   71,86
614,37 ; 250,04 ;   5,960903 ;   70,37
616,37 ; 250,04 ;   5,961252 ;   70,12
618,37 ; 250,04 ;   6,208660 ;   73,81
620,37 ; 250,04 ;   6,211539 ;   73,80
622,37 ; 250,09 ;   6,212272 ;   73,80
624,37 ; 249,97 ;   5,534600 ;   65,89
626,37 ; 250,08 ;   7,909249 ;   93,03
628,37 ; 249,99 ;   4,770942 ;   56,10
630,38 ; 250,04 ;   7,408173 ;   87,83
632,38 ; 249,98 ;   5,613607 ;   66,37
634,38 ; 250,06 ;   7,147829 ;   84,30
636,38 ; 250,06 ;   5,022803 ;   59,96
638,38 ; 249,98 ;   6,210928 ;   73,50
640,38 ; 249,95 ;   7,398137 ;   87,98
642,38 ; 249,97 ;   6,724828 ;   79,70
644,38 ; 249,95 ;   5,960599 ;   70,83
646,39 ; 250,02 ;   6,644923 ;   78,48
648,39 ; 249,95 ;   5,197397 ;   61,62
650,39 ; 249,99 ;   7,399820 ;   87,12
652,39 ; 250,02 ;   5,620053 ;   66,90
654,39 ; 249,95 ;   5,873039 ;   69,02
656,39 ; 249,97 ;   7,400884 ;   87,11
658,39 ; 250,06 ;   5,958809 ;   70,85
660,39 ; 249,95 ;   4,938337 ;   58,75
662,39 ; 250,13 ;   7,738459 ;   91,97
664,40 ; 249,98 ;   3,748121 ;   44,42
666,40 ; 250,02 ;   8,422909 ;   99,08
668,40 ; 249,97 ;   5,622233 ;   66,54
670,40 ; 250,04 ;   7,061074 ;   83,16
672,40 ; 249,98 ;   5,272865 ;   62,68
674,40 ; 250,02 ;   7,146948 ;   84,30
676,40 ; 250,04 ;   5,621116 ;   66,54
678,40 ; 250,08 ;   6,045460 ;   71,30
680,41 ; 250,11 ;   5,697891 ;   67,17
682,41 ; 249,78 ;   5,785222 ;   68,05
684,41 ; 248,23 ;   10,511661 ;  125,00
686,41 ; 246,03 ;   10,526273 ;  125,00
688,41 ; 243,79 ;   10,532743 ;  125,00
690,41 ; 241,70 ;   10,532613 ;  125,00
692,41 ; 239,79 ;   10,534036 ;  125,00
694,41 ; 238,23 ;   10,532441 ;  125,00
696,42 ; 237,04 ;   10,532663 ;  125,00
698,42 ; 236,05 ;   10,532689 ;  125,00
700,42 ; 235,21 ;   10,532412 ;  125,00
702,42 ; 234,55 ;   10,524857 ;  125,00
704,42 ; 234,03 ;   10,524637 ;  125,00
706,42 ; 233,80 ;   10,524779 ;  125,00
708,42 ; 233,62 ;   10,534035 ;  125,00
710,42 ; 233,58 ;   10,532880 ;  125,00
712,43 ; 233,58 ;   10,531865 ;  125,00
714,43 ; 233,59 ;   10,530757 ;  125,00
716,43 ; 233,86 ;   10,521449 ;  125,00
718,43 ; 234,09 ;   10,527042 ;  125,00
720,43 ; 234,39 ;   10,524293 ;  125,00
722,43 ; 234,91 ;   10,384757 ;  122,72
724,43 ; 235,22 ;   7,219909 ;   85,15
726,43 ; 235,73 ;   9,859828 ;  116,27
728,44 ; 236,25 ;   6,806326 ;   81,00
730,44 ; 236,81 ;   6,548697 ;   77,71
732,44 ; 237,31 ;   5,610030 ;   66,39
734,44 ; 237,94 ;   6,213390 ;   73,00
736,44 ; 238,41 ;   4,082620 ;   48,60
738,44 ; 239,06 ;   5,792148 ;   68,75
740,44 ; 239,58 ;   3,070983 ;   36,52
742,44 ; 240,04 ;   4,509281 ;   53,60
744,44 ; 240,49 ;   4,934546 ;   58,91
746,45 ; 241,02 ;   4,772979 ;   56,87
748,45 ; 241,42 ;   3,494687 ;   41,60
750,45 ; 241,96 ;   4,859450 ;   57,13
752,45 ; 242,34 ;   2,645123 ;   31,67
754,45 ; 242,70 ;   4,597324 ;   54,83
756,45 ; 243,06 ;   4,599943 ;   54,66
758,45 ; 243,38 ;   4,259819 ;   50,59
760,45 ; 243,64 ;   4,772347 ;   56,98
762,46 ; 243,90 ;   5,284637 ;   62,54
764,46 ; 244,20 ;   5,198417 ;   62,00
766,46 ; 244,32 ;   4,431934 ;   52,29
768,46 ; 244,54 ;   6,899313 ;   81,54
770,46 ; 244,70 ;   5,448551 ;   64,05
772,46 ; 244,90 ;   6,048273 ;   71,79
774,46 ; 245,03 ;   5,537000 ;   65,59
776,46 ; 245,20 ;   6,306841 ;   74,84
778,46 ; 245,35 ;   5,709254 ;   67,61
780,47 ; 245,48 ;   5,960025 ;   70,48
782,47 ; 245,66 ;   6,136014 ;   72,26
784,47 ; 245,70 ;   5,450230 ;   64,96
786,47 ; 245,72 ;   7,320869 ;   86,19
788,47 ; 245,91 ;   7,567718 ;   89,10
790,47 ; 246,05 ;   5,110406 ;   60,56
792,47 ; 246,14 ;   5,786304 ;   68,33
794,47 ; 246,23 ;   6,472670 ;   76,65
796,48 ; 246,32 ;   6,379065 ;   75,03
798,48 ; 246,45 ;   6,385434 ;   75,94
800,48 ; 246,58 ;   5,875028 ;   69,02
802,48 ; 246,71 ;   5,612067 ;   66,92
804,48 ; 246,78 ;   5,612743 ;   66,03
806,48 ; 246,78 ;   6,383971 ;   75,66
808,48 ; 246,97 ;   7,401976 ;   87,27
810,48 ; 247,02 ;   4,762236 ;   56,18
812,48 ; 247,08 ;   6,639412 ;   78,35
814,49 ; 247,19 ;   6,384213 ;   75,68
816,49 ; 247,30 ;   5,699550 ;   67,58
818,49 ; 247,41 ;   5,527688 ;   65,53
820,49 ; 247,48 ;   5,699524 ;   67,33
822,49 ; 247,42 ;   5,959031 ;   70,60
824,49 ; 247,49 ;   7,913565 ;   93,87
826,49 ; 247,63 ;   6,124357 ;   72,57
828,49 ; 247,62 ;   5,108792 ;   60,37
830,50 ; 247,70 ;   7,237538 ;   85,56
832,50 ; 247,77 ;   5,786850 ;   68,99
834,50 ; 247,90 ;   6,135057 ;   72,38
836,50 ; 247,90 ;   5,109659 ;   60,21
838,50 ; 247,97 ;   6,887374 ;   81,50
840,50 ; 248,02 ;   5,873319 ;   69,99
842,50 ; 248,09 ;   6,209305 ;   73,50
844,50 ; 248,09 ;   5,796219 ;   68,05
846,50 ; 248,16 ;   6,810758 ;   80,68
848,51 ; 248,23 ;   5,874487 ;   69,14
850,51 ; 248,25 ;   5,872014 ;   69,99
852,51 ; 248,30 ;   6,472797 ;   76,18
854,51 ; 248,42 ;   6,122470 ;   72,26
856,51 ; 248,37 ;   4,945939 ;   58,85
858,51 ; 248,49 ;   7,486453 ;   88,05
860,51 ; 248,47 ;   4,937459 ;   58,61
862,51 ; 248,52 ;   6,974522 ;   82,53
864,52 ; 248,54 ;   5,874280 ;   69,86
866,52 ; 248,60 ;   6,461001 ;   76,09
868,52 ; 248,58 ;   5,795133 ;   68,25
870,52 ; 248,63 ;   6,973972 ;   82,29
872,52 ; 248,65 ;   5,872743 ;   69,61
874,52 ; 248,73 ;   6,375033 ;   75,82
876,52 ; 248,84 ;   5,450105 ;   64,00
878,52 ; 248,80 ;   5,022826 ;   59,33
880,52 ; 248,89 ;   7,147387 ;   84,67
882,53 ; 248,84 ;   5,185984 ;   61,67
884,53 ; 248,85 ;   7,149637 ;   84,54
886,53 ; 248,84 ;   6,473007 ;   76,02
888,53 ; 248,91 ;   6,638282 ;   78,75
890,53 ; 249,02 ;   5,698567 ;   67,17
892,53 ; 248,96 ;   4,849733 ;   57,45
894,53 ; 249,00 ;   7,323556 ;   86,63
896,53 ; 249,00 ;   5,952237 ;   70,35
898,53 ; 248,98 ;   6,473737 ;   76,68
900,54 ; 249,07 ;   6,801600 ;   80,79
902,54 ; 249,02 ;   5,187172 ;   61,46
904,54 ; 249,07 ;   7,148479 ;   84,30
906,54 ; 249,07 ;   5,875024 ;   69,16
908,54 ; 249,07 ;   6,472884 ;   76,70
910,54 ; 249,17 ;   6,462899 ;   76,85
912,54 ; 249,16 ;   5,024278 ;   59,88
914,54 ; 249,22 ;   6,637152 ;   78,67
916,55 ; 249,28 ;   5,535105 ;   65,80
918,55 ; 249,28 ;   5,534036 ;   65,25
920,55 ; 249,30 ;   6,388752 ;   75,23
922,55 ; 249,29 ;   6,038492 ;   71,39
924,55 ; 249,39 ;   6,559822 ;   77,84
926,55 ; 249,29 ;   4,936793 ;   58,36
928,55 ; 249,40 ;   7,749112 ;   91,61
930,55 ; 249,39 ;   4,860202 ;   57,26
932,55 ; 249,42 ;   6,384730 ;   75,93
934,56 ; 249,40 ;   5,874548 ;   69,53
936,56 ; 249,40 ;   6,636902 ;   78,50
938,56 ; 249,48 ;   6,297844 ;   74,90
940,56 ; 249,42 ;   5,199258 ;   61,83
942,56 ; 249,48 ;   7,063177 ;   83,46
944,56 ; 249,51 ;   5,533505 ;   65,70
946,56 ; 249,52 ;   5,874967 ;   69,15
948,56 ; 249,48 ;   6,049146 ;   71,52
950,57 ; 249,50 ;   6,810524 ;   80,65
952,57 ; 249,45 ;   6,046015 ;   71,93
954,57 ; 249,48 ;   6,975490 ;   82,38
956,57 ; 249,50 ;   6,049344 ;   71,13
958,57 ; 249,55 ;   5,951241 ;   70,96
960,57 ; 249,51 ;   5,614359 ;   66,83
962,57 ; 249,55 ;   6,800882 ;   80,88
964,57 ; 249,53 ;   5,784806 ;   68,22
966,57 ; 249,56 ;   6,559510 ;   77,09
968,58 ; 249,52 ;   5,882796 ;   69,43
970,58 ; 249,55 ;   6,886678 ;   81,01
972,58 ; 249,59 ;   5,951358 ;   70,98
974,58 ; 249,56 ;   5,789207 ;   68,16
976,58 ; 249,63 ;   6,635436 ;   78,35
978,58 ; 249,62 ;   5,448070 ;   64,18
980,58 ; 249,67 ;   6,387156 ;   75,42
982,58 ; 249,65 ;   5,533873 ;   65,03
984,59 ; 249,67 ;   6,559412 ;   77,66
986,59 ; 249,65 ;   5,960943 ;   70,07
988,59 ; 249,67 ;   6,558614 ;   77,77
990,59 ; 249,69 ;   5,963186 ;   70,18
992,59 ; 249,63 ;   6,037911 ;   71,29
994,59 ; 249,73 ;   7,141835 ;   84,34
996,59 ; 249,70 ;   4,772281 ;   56,11
998,59 ; 249,73 ;   6,725328 ;   79,99
1000,59 ; 249,67 ;   5,700564 ;   67,29
1002,60 ; 249,69 ;   7,148644 ;   84,03
1004,60 ; 249,80 ;   6,049868 ;   71,60
1006,60 ; 249,80 ;   4,598674 ;   54,34
1008,60 ; 249,82 ;   6,301473 ;   74,18
1010,60 ; 249,77 ;   5,873134 ;   69,03
1012,60 ; 249,84 ;   6,811974 ;   80,66
1014,60 ; 249,75 ;   5,276255 ;   62,77
1016,60 ; 249,80 ;   7,400065 ;   87,14
1018,61 ; 249,76 ;   5,448980 ;   64,41
1020,61 ; 249,75 ;   6,810042 ;   80,97
1022,61 ; 249,86 ;   6,298729 ;   74,93
1024,61 ; 249,80 ;   4,685515 ;   55,30
1026,61 ; 249,86 ;   6,896457 ;   81,80
1028,61 ; 249,87 ;   5,362489 ;   63,98
1030,61 ; 249,80 ;   6,037340 ;   71,31
1032,61 ; 249,84 ;   7,148171 ;   84,42
1034,61 ; 249,84 ;   5,536389 ;   65,46
1036,62 ; 249,89 ;   6,126095 ;   72,88
1038,62 ; 249,91 ;   5,534350 ;   65,00
1040,62 ; 249,88 ;   5,873687 ;   69,78
1042,62 ; 249,84 ;   6,464475 ;   76,21
1044,62 ; 249,78 ;   6,725173 ;   79,11
1046,62 ; 249,86 ;   7,060338 ;   83,52
1048,62 ; 249,88 ;   5,117660 ;   60,52
1050,62 ; 249,78 ;   5,796232 ;   68,92
1052,63 ; 249,75 ;   7,573004 ;   89,76
1054,63 ; 249,84 ;   6,725013 ;   79,04
1056,63 ; 249,77 ;   5,023262 ;   59,66
1058,63 ; 249,80 ;   7,059828 ;   83,78
1060,63 ; 249,86 ;   5,959945 ;   70,01
1062,63 ; 249,80 ;   5,370350 ;   63,20
1064,63 ; 249,87 ;   6,974649 ;   82,30
1066,63 ; 249,80 ;   5,363709 ;   63,17
1068,63 ; 249,87 ;   7,059996 ;   83,59
1070,64 ; 249,87 ;   5,370038 ;   63,23
1072,64 ; 249,91 ;   6,211878 ;   73,11
1074,64 ; 249,93 ;   5,623635 ;   66,54
1076,64 ; 249,82 ;   5,795453 ;   68,77
1078,64 ; 249,80 ;   7,658031 ;   90,92
1080,64 ; 249,95 ;   6,473402 ;   76,33
1082,64 ; 249,91 ;   4,261605 ;   50,18
1084,64 ; 249,95 ;   6,550661 ;   77,64
1086,65 ; 249,88 ;   5,706474 ;   67,46
1088,65 ; 249,88 ;   6,974906 ;   82,93
1090,65 ; 249,98 ;   6,221535 ;   73,10
1092,65 ; 250,00 ;   4,849051 ;   57,31
1094,65 ; 249,93 ;   5,788288 ;   68,15
1096,65 ; 250,00 ;   7,063356 ;   83,70
1098,65 ; 249,98 ;   5,110426 ;   60,77
1100,65 ; 249,88 ;   6,383769 ;   75,81
1102,65 ; 249,88 ;   7,409516 ;   87,92
1104,66 ; 249,84 ;   6,221813 ;   73,15
1106,66 ; 249,93 ;   6,887816 ;   81,07
1108,66 ; 250,02 ;   4,848338 ;   57,91
1110,66 ; 250,06 ;   4,946320 ;   58,21
1112,66 ; 249,91 ;   5,361888 ;   63,86
1114,66 ; 249,97 ;   8,251299 ;   97,59
1116,66 ; 249,95 ;   5,273705 ;   62,42
1118,66 ; 249,89 ;   6,472726 ;   76,23
1120,67 ; 249,91 ;   6,897075 ;   81,77
1122,67 ; 249,88 ;   5,960167 ;   70,52
1124,67 ; 249,89 ;   6,472894 ;   76,96
1126,67 ; 249,89 ;   6,046622 ;   71,96
1128,67 ; 249,89 ;   6,212859 ;   73,21
1130,67 ; 249,95 ;   6,219834 ;   73,23
1132,67 ; 249,89 ;   5,285036 ;   62,71
1134,67 ; 249,95 ;   7,071011 ;   83,11
1136,67 ; 249,98 ;   5,448049 ;   64,05
1138,68 ; 249,91 ;   5,698421 ;   67,42
1140,68 ; 249,98 ;   6,977912 ;   82,89
1142,68 ; 249,98 ;   5,273352 ;   62,50
1144,68 ; 249,93 ;   6,134364 ;   72,37
1146,68 ; 249,93 ;   6,810016 ;   80,28
1148,68 ; 249,84 ;   6,124237 ;   72,89
1150,68 ; 249,97 ;   7,400861 ;   87,39
1152,68 ; 249,98 ;   4,434031 ;   52,79
1154,69 ; 249,93 ;   6,049118 ;   71,19
1156,69 ; 249,93 ;   6,808783 ;   80,33
1158,69 ; 249,95 ;   6,133870 ;   72,95
1160,69 ; 249,97 ;   5,952325 ;   70,33
1162,69 ; 249,95 ;   5,796453 ;   68,85
1164,69 ; 249,97 ;   6,384296 ;   75,19
1166,69 ; 250,02 ;   5,960484 ;   70,10
1168,69 ; 250,00 ;   5,370575 ;   63,34
1170,69 ; 250,02 ;   6,386360 ;   75,92
1172,70 ; 249,95 ;   5,786023 ;   68,27
1174,70 ; 249,91 ;   7,062630 ;   83,81
1176,70 ; 249,91 ;   6,802290 ;   80,64
1178,70 ; 249,95 ;   6,209553 ;   73,26
1180,70 ; 249,91 ;   5,622371 ;   66,69
1182,70 ; 249,95 ;   6,637958 ;   78,13
1184,70 ; 249,97 ;   5,621899 ;   66,62
1186,70 ; 249,95 ;   5,957992 ;   70,16
1188,71 ; 250,11 ;   6,473034 ;   76,58
1190,71 ; 250,00 ;   3,834594 ;   45,23
1192,71 ; 249,95 ;   7,566496 ;   89,53
1194,71 ; 249,98 ;   6,809361 ;   80,18
1196,71 ; 250,04 ;   5,787314 ;   68,85
1198,71 ; 250,02 ;   5,274661 ;   62,01
1200,71 ; 250,06 ;   6,297918 ;   74,50
1202,71 ; 249,99 ;   5,533853 ;   65,44
1204,72 ; 249,99 ;   7,071204 ;   83,45
1206,72 ; 249,95 ;   6,123157 ;   72,36
1208,72 ; 249,93 ;   6,637821 ;   78,94
1210,72 ; 249,95 ;   6,470526 ;   76,74
1212,72 ; 249,91 ;   5,882349 ;   69,11
1214,72 ; 249,91 ;   6,722423 ;   79,39
1216,72 ; 249,86 ;   6,298958 ;   74,57
1218,72 ; 249,99 ;   6,894107 ;   81,25
1220,72 ; 249,93 ;   4,346808 ;   51,50
1222,73 ; 249,95 ;   6,973934 ;   82,98
1224,73 ; 250,00 ;   5,959798 ;   70,49
1226,73 ; 250,06 ;   5,371292 ;   63,75
1228,73 ; 249,97 ;   5,198681 ;   61,84
1230,73 ; 249,98 ;   7,398610 ;   87,49
1232,73 ; 249,98 ;   6,049036 ;   71,39
1234,73 ; 249,97 ;   6,126434 ;   72,63
1236,73 ; 250,02 ;   6,210334 ;   73,95
1238,74 ; 249,95 ;   5,362640 ;   63,50
1240,74 ; 250,00 ;   7,062943 ;   83,97
1242,74 ; 249,95 ;   5,447742 ;   64,99
1244,74 ; 249,97 ;   6,811555 ;   80,29
1246,74 ; 249,99 ;   5,952015 ;   70,27
1248,74 ; 249,91 ;   5,786356 ;   68,79
1250,74 ; 249,99 ;   7,324184 ;   86,98
1252,74 ; 250,00 ;   4,934454 ;   58,94
1254,74 ; 250,02 ;   6,049248 ;   71,19
1256,75 ; 249,91 ;   5,786509 ;   68,46
1258,75 ; 249,99 ;   7,661354 ;   90,59
1260,75 ; 249,93 ;   5,110236 ;   60,19
1262,75 ; 250,04 ;   7,062209 ;   83,05
1264,75 ; 250,02 ;   4,597712 ;   54,76
1266,75 ; 249,97 ;   6,376108 ;   75,96
1268,75 ; 249,98 ;   6,811142 ;   80,16
1270,75 ; 250,04 ;   6,047156 ;   71,46
1272,76 ; 250,04 ;   5,284424 ;   62,16
1274,76 ; 249,95 ;   6,123969 ;   72,01
1276,76 ; 250,04 ;   7,323704 ;   86,49
1278,76 ; 250,02 ;   4,936798 ;   58,45
1280,76 ; 250,00 ;   6,296868 ;   74,64
1282,76 ; 249,98 ;   6,470679 ;   76,12
1284,76 ; 249,95 ;   6,463500 ;   76,37
1286,76 ; 250,00 ;   6,468607 ;   76,64
1288,77 ; 249,98 ;   5,535709 ;   65,04
1290,77 ; 249,91 ;   6,470430 ;   76,39
1292,77 ; 249,98 ;   7,069108 ;   83,23
1294,77 ; 249,99 ;   5,283460 ;   62,85
1296,77 ; 249,97 ;   5,961977 ;   70,08
1298,77 ; 249,95 ;   6,473851 ;   76,50
1300,77 ; 249,99 ;   6,383675 ;   75,44
1302,77 ; 249,97 ;   5,622864 ;   66,40
1304,77 ; 250,00 ;   6,472085 ;   76,51
1306,78 ; 250,04 ;   5,698007 ;   67,55
1308,78 ; 250,02 ;   5,533894 ;   65,89
1310,78 ; 250,06 ;   6,297312 ;   74,68
1312,78 ; 249,99 ;   5,535834 ;   65,63
1314,78 ; 249,91 ;   7,059510 ;   83,63
1316,78 ; 249,99 ;   7,237543 ;   85,71
1318,78 ; 249,98 ;   5,109274 ;   60,23
1320,78 ; 250,02 ;   6,386338 ;   75,19
1322,79 ; 249,95 ;   5,447885 ;   64,83
1324,79 ; 249,97 ;   7,235481 ;   85,39
1326,79 ; 249,99 ;   5,874206 ;   69,13
1328,79 ; 249,99 ;   5,788567 ;   68,87
1330,79 ; 250,04 ;   6,123936 ;   72,57
1332,79 ; 249,93 ;   5,456000 ;   64,68
1334,79 ; 250,02 ;   7,660508 ;   90,50
1336,79 ; 250,02 ;   4,847522 ;   57,45
1338,80 ; 250,02 ;   6,124532 ;   72,24
1340,80 ; 250,05 ;   6,134715 ;   72,23
