Tempo total (s) ;Temperatura (ºC) ; Potencia atual (W) ; Saida
P:   9.50 I: 113.00 D:  28.50 Tensão:5.227 V
2,03 ; 249,99 ;   6,266977 ;   63,84
4,07 ; 250,06 ;   5,972035 ;   60,50
6,10 ; 250,06 ;   5,275388 ;   53,57
8,13 ; 249,97 ;   6,169706 ;   62,93
10,17 ; 250,02 ;   7,555221 ;   76,30
12,20 ; 249,97 ;   5,548065 ;   56,01
14,23 ; 249,99 ;   7,036329 ;   71,10
16,26 ; 250,02 ;   5,944985 ;   60,48
18,30 ; 249,95 ;   5,939474 ;   60,26
20,33 ; 250,05 ;   7,235974 ;   73,42
22,36 ; 249,99 ;   4,849417 ;   49,56
24,40 ; 249,95 ;   6,945010 ;   70,89
26,43 ; 249,93 ;   6,845939 ;   69,19
28,46 ; 249,88 ;   6,648480 ;   67,34
30,50 ; 250,00 ;   6,945218 ;   70,93
32,53 ; 250,04 ;   4,656966 ;   47,96
34,56 ; 249,93 ;   5,655673 ;   57,99
36,60 ; 249,95 ;   7,741884 ;   78,81
38,63 ; 250,00 ;   6,147169 ;   62,02
40,66 ; 249,95 ;   5,557152 ;   56,30
42,69 ; 249,93 ;   7,049693 ;   71,39
44,73 ; 250,05 ;   6,552993 ;   66,35
46,76 ; 250,10 ;   4,660057 ;   47,54
48,79 ; 250,02 ;   5,456531 ;   55,34
50,83 ; 250,04 ;   7,341775 ;   74,87
52,86 ; 250,02 ;   5,935239 ;   60,08
54,89 ; 249,99 ;   6,536742 ;   66,54
56,93 ; 250,06 ;   6,533218 ;   66,76
58,96 ; 250,06 ;   5,243167 ;   53,60
60,99 ; 250,02 ;   6,139644 ;   62,95
63,03 ; 250,02 ;   6,840409 ;   69,64
65,06 ; 249,99 ;   6,145420 ;   62,28
67,09 ; 249,95 ;   6,638115 ;   67,78
69,12 ; 249,91 ;   6,933635 ;   70,31
71,16 ; 249,98 ;   6,741199 ;   68,55
73,19 ; 249,98 ;   5,447071 ;   55,47
75,22 ; 250,05 ;   6,243234 ;   63,80
77,26 ; 250,02 ;   5,249345 ;   53,75
79,29 ; 249,95 ;   6,540299 ;   66,46
81,32 ; 249,91 ;   7,329551 ;   74,50
83,36 ; 249,97 ;   6,833385 ;   69,68
85,39 ; 250,02 ;   5,450236 ;   55,57
87,42 ; 250,00 ;   5,548702 ;   56,08
89,46 ; 250,04 ;   6,544316 ;   66,71
91,49 ; 249,95 ;   5,752942 ;   58,01
93,52 ; 249,97 ;   7,534281 ;   76,60
95,55 ; 250,02 ;   5,948523 ;   60,78
97,59 ; 250,05 ;   5,644826 ;   57,20
99,62 ; 249,97 ;   5,748656 ;   58,98
101,65 ; 249,97 ;   7,341496 ;   74,29
103,69 ; 250,02 ;   6,246245 ;   63,89
105,72 ; 249,98 ;   5,551181 ;   56,08
107,75 ; 249,99 ;   6,936412 ;   70,06
109,79 ; 249,93 ;   6,042939 ;   61,59
111,82 ; 250,02 ;   7,137642 ;   72,61
113,85 ; 250,02 ;   5,148028 ;   52,02
115,89 ; 250,02 ;   6,144521 ;   62,34
117,92 ; 249,93 ;   6,344952 ;   64,49
119,95 ; 249,98 ;   7,444644 ;   75,73
121,99 ; 250,02 ;   5,646736 ;   57,60
124,02 ; 249,95 ;   5,647909 ;   57,15
126,05 ; 249,91 ;   7,342468 ;   74,55
128,08 ; 249,98 ;   6,842510 ;   69,73
130,12 ; 249,91 ;   5,351253 ;   54,51
132,15 ; 249,95 ;   7,143587 ;   72,80
134,18 ; 249,95 ;   5,750105 ;   58,91
136,22 ; 250,02 ;   6,447582 ;   65,23
138,25 ; 249,98 ;   5,351189 ;   54,16
140,28 ; 249,97 ;   6,847244 ;   69,10
142,32 ; 250,00 ;   6,447694 ;   65,02
144,35 ; 249,99 ;   5,852540 ;   59,52
146,38 ; 250,00 ;   6,348080 ;   64,80
148,42 ; 250,00 ;   6,145369 ;   62,64
150,45 ; 250,09 ;   6,253553 ;   63,68
152,48 ; 249,95 ;   5,048856 ;   51,41
154,51 ; 250,08 ;   8,034989 ;   81,81
156,55 ; 249,99 ;   4,559485 ;   46,27
158,58 ; 249,95 ;   7,447294 ;   75,18
160,61 ; 249,99 ;   6,940601 ;   70,44
162,65 ; 249,95 ;   5,649303 ;   57,51
164,68 ; 250,00 ;   6,838180 ;   69,33
166,71 ; 249,99 ;   5,648588 ;   57,44
168,75 ; 250,00 ;   6,350481 ;   64,80
170,78 ; 250,02 ;   6,147091 ;   62,64
172,81 ; 250,02 ;   6,055561 ;   61,45
174,85 ; 249,98 ;   6,147320 ;   62,41
176,88 ; 249,95 ;   6,945350 ;   70,14
178,91 ; 250,06 ;   6,645131 ;   67,26
180,94 ; 249,95 ;   4,756074 ;   48,52
182,98 ; 249,95 ;   7,843639 ;   79,82
185,01 ; 249,99 ;   6,249950 ;   63,10
187,04 ; 250,06 ;   5,751464 ;   58,57
189,08 ; 249,99 ;   5,252759 ;   53,73
191,11 ; 250,00 ;   7,247696 ;   73,12
193,14 ; 250,02 ;   6,155993 ;   62,65
195,18 ; 250,02 ;   5,954926 ;   60,34
197,21 ; 250,04 ;   6,249796 ;   63,46
199,24 ; 249,97 ;   6,046373 ;   61,22
201,28 ; 250,00 ;   7,246260 ;   73,34
203,31 ; 250,04 ;   5,854239 ;   59,52
205,34 ; 250,02 ;   5,748709 ;   58,10
207,37 ; 250,00 ;   6,444804 ;   65,53
209,41 ; 250,00 ;   6,552964 ;   66,79
211,44 ; 249,95 ;   6,249680 ;   63,67
213,47 ; 249,97 ;   6,951977 ;   70,36
215,51 ; 250,02 ;   6,055355 ;   61,90
217,54 ; 250,08 ;   5,646574 ;   57,29
219,57 ; 250,02 ;   5,350628 ;   54,60
221,61 ; 250,00 ;   6,946778 ;   70,72
223,64 ; 250,04 ;   6,551480 ;   66,78
225,67 ; 250,02 ;   5,754339 ;   58,08
227,71 ; 249,95 ;   6,449285 ;   65,51
229,74 ; 249,95 ;   7,341906 ;   74,58
231,77 ; 250,02 ;   6,244513 ;   63,07
233,81 ; 250,02 ;   5,459167 ;   55,19
235,84 ; 249,99 ;   6,247678 ;   63,51
237,87 ; 250,04 ;   6,552353 ;   66,86
239,90 ; 250,08 ;   5,655545 ;   57,04
241,94 ; 250,02 ;   5,654243 ;   57,70
243,97 ; 249,99 ;   6,944505 ;   70,70
246,00 ; 250,02 ;   6,643379 ;   67,88
248,04 ; 249,97 ;   5,942225 ;   60,37
250,07 ; 250,00 ;   6,939370 ;   70,19
252,10 ; 249,98 ;   5,841644 ;   59,48
254,14 ; 250,05 ;   6,542810 ;   66,99
256,17 ; 249,99 ;   5,250696 ;   53,83
258,20 ; 250,02 ;   6,938991 ;   71,00
260,24 ; 250,05 ;   5,850647 ;   59,25
262,27 ; 249,99 ;   5,949082 ;   60,06
264,30 ; 249,91 ;   6,945598 ;   70,99
266,34 ; 250,04 ;   7,442807 ;   75,98
268,37 ; 250,00 ;   4,457320 ;   45,58
270,40 ; 249,95 ;   6,740695 ;   68,84
272,43 ; 250,00 ;   7,037767 ;   71,45
274,47 ; 249,98 ;   5,544616 ;   56,36
276,50 ; 250,00 ;   6,550008 ;   67,00
278,53 ; 249,97 ;   5,949367 ;   60,53
280,57 ; 250,02 ;   6,744481 ;   68,12
282,60 ; 250,08 ;   5,544086 ;   56,15
284,63 ; 249,98 ;   5,453954 ;   55,62
286,67 ; 250,02 ;   7,639463 ;   77,40
288,70 ; 249,99 ;   5,753767 ;   58,29
290,73 ; 250,02 ;   6,542342 ;   66,84
292,77 ; 249,97 ;   5,950684 ;   60,37
294,80 ; 249,89 ;   6,937789 ;   70,18
296,83 ; 249,95 ;   7,444676 ;   75,11
298,86 ; 250,02 ;   5,453474 ;   55,80
300,90 ; 250,02 ;   5,350848 ;   54,08
302,93 ; 249,97 ;   6,348530 ;   64,56
304,96 ; 249,98 ;   6,938141 ;   70,21
307,00 ; 249,98 ;   6,144796 ;   62,86
309,03 ; 250,00 ;   6,245917 ;   63,90
311,06 ; 249,93 ;   5,949503 ;   60,56
313,10 ; 250,00 ;   7,242367 ;   73,72
315,13 ; 249,88 ;   5,359233 ;   54,32
317,16 ; 250,00 ;   7,942754 ;   80,43
319,20 ; 249,98 ;   4,759449 ;   48,11
321,23 ; 250,06 ;   6,639570 ;   67,06
323,26 ; 250,04 ;   5,053641 ;   51,67
325,30 ; 250,02 ;   6,544191 ;   66,45
327,33 ; 250,00 ;   6,538581 ;   66,67
329,36 ; 249,99 ;   6,437524 ;   65,78
331,39 ; 250,02 ;   6,343809 ;   64,81
333,43 ; 250,00 ;   5,938409 ;   60,43
335,46 ; 249,98 ;   6,437012 ;   65,78
337,49 ; 250,06 ;   6,640611 ;   67,04
339,53 ; 250,02 ;   5,055870 ;   51,66
341,56 ; 250,05 ;   6,739065 ;   68,66
343,59 ; 250,04 ;   5,948467 ;   60,11
345,63 ; 250,02 ;   6,344766 ;   64,34
347,66 ; 250,05 ;   6,438221 ;   65,52
349,69 ; 249,95 ;   5,942183 ;   60,09
351,73 ; 250,06 ;   7,607900 ;   77,71
353,76 ; 249,97 ;   4,644092 ;   47,46
355,79 ; 249,99 ;   7,522569 ;   76,45
357,82 ; 249,97 ;   5,934846 ;   60,62
359,86 ; 250,00 ;   6,627087 ;   67,09
361,89 ; 250,08 ;   5,837982 ;   59,50
363,92 ; 249,97 ;   5,148090 ;   52,51
365,96 ; 249,87 ;   7,724529 ;   78,52
367,99 ; 249,95 ;   7,727994 ;   78,48
370,02 ; 250,00 ;   5,140941 ;   52,70
372,06 ; 249,98 ;   5,639414 ;   57,45
374,09 ; 250,05 ;   6,642141 ;   67,04
376,12 ; 249,93 ;   5,249946 ;   53,88
378,16 ; 249,95 ;   7,830089 ;   79,98
380,19 ; 249,98 ;   6,037928 ;   61,03
382,22 ; 250,02 ;   5,945170 ;   60,81
384,25 ; 249,99 ;   5,742626 ;   58,36
386,29 ; 249,95 ;   6,541735 ;   66,91
388,32 ; 250,06 ;   6,830398 ;   69,36
390,35 ; 250,08 ;   4,747433 ;   48,54
392,39 ; 250,04 ;   5,943763 ;   60,87
394,42 ; 250,02 ;   6,736738 ;   68,52
396,45 ; 250,10 ;   6,436005 ;   65,54
398,49 ; 249,91 ;   5,152137 ;   52,30
400,52 ; 249,99 ;   8,926288 ;   90,57
402,55 ; 249,95 ;   5,144673 ;   52,31
404,59 ; 249,98 ;   6,841100 ;   69,34
406,62 ; 250,04 ;   5,945669 ;   60,80
408,65 ; 249,99 ;   5,344173 ;   54,99
410,69 ; 249,99 ;   6,942372 ;   70,00
412,72 ; 250,02 ;   6,242207 ;   63,77
414,75 ; 250,02 ;   5,847663 ;   59,30
416,78 ; 250,02 ;   6,340559 ;   64,58
418,82 ; 250,02 ;   6,137967 ;   62,42
420,85 ; 249,99 ;   6,343358 ;   64,57
422,88 ; 249,98 ;   6,537711 ;   66,87
424,92 ; 249,99 ;   6,436288 ;   65,99
426,95 ; 249,99 ;   6,045494 ;   61,68
428,98 ; 250,00 ;   6,237438 ;   63,76
431,02 ; 249,95 ;   6,137634 ;   62,65
433,05 ; 249,93 ;   7,032100 ;   71,49
435,08 ; 250,02 ;   6,541805 ;   66,46
437,12 ; 249,99 ;   4,950212 ;   51,00
439,15 ; 249,93 ;   6,642562 ;   67,94
441,18 ; 249,95 ;   7,130401 ;   72,71
443,21 ; 249,98 ;   6,037652 ;   61,05
445,25 ; 250,02 ;   5,942714 ;   60,83
447,28 ; 250,00 ;   5,739444 ;   58,38
449,31 ; 249,95 ;   6,433160 ;   65,81
451,35 ; 250,06 ;   6,929424 ;   70,42
453,38 ; 250,06 ;   4,747857 ;   48,56
455,41 ; 250,00 ;   6,235581 ;   63,12
457,45 ; 249,93 ;   7,130353 ;   72,03
459,48 ; 249,97 ;   7,223193 ;   73,75
461,51 ; 250,04 ;   5,742225 ;   58,82
463,55 ; 250,00 ;   5,241554 ;   53,99
465,58 ; 250,00 ;   6,735460 ;   68,93
467,61 ; 249,95 ;   6,238227 ;   63,72
469,65 ; 250,04 ;   7,032399 ;   71,53
471,68 ; 250,02 ;   4,946262 ;   50,86
473,71 ; 250,09 ;   6,543571 ;   66,69
475,74 ; 249,99 ;   5,242430 ;   53,53
477,78 ; 250,00 ;   7,527782 ;   76,27
479,81 ; 249,95 ;   6,143162 ;   62,67
481,84 ; 250,05 ;   7,034036 ;   71,52
483,88 ; 250,04 ;   4,843897 ;   49,73
485,91 ; 250,02 ;   6,316452 ;   64,37
487,94 ; 249,95 ;   6,425117 ;   65,56
489,98 ; 249,95 ;   7,310074 ;   74,63
492,01 ; 249,99 ;   6,232525 ;   63,12
494,04 ; 249,98 ;   5,727007 ;   58,59
496,08 ; 249,88 ;   6,519817 ;   66,03
498,11 ; 249,93 ;   7,613240 ;   77,34
500,14 ; 249,88 ;   5,738292 ;   58,18
502,17 ; 249,97 ;   7,025863 ;   71,13
504,21 ; 249,89 ;   5,140561 ;   52,63
506,24 ; 250,00 ;   7,408899 ;   75,24
508,27 ; 249,91 ;   4,839618 ;   49,24
510,31 ; 250,06 ;   7,615362 ;   77,19
512,34 ; 249,99 ;   4,146553 ;   42,39
514,37 ; 250,04 ;   7,221878 ;   73,24
516,41 ; 250,00 ;   5,639782 ;   57,19
518,44 ; 250,06 ;   6,827783 ;   69,00
520,47 ; 250,02 ;   5,343473 ;   54,87
522,51 ; 250,09 ;   6,826504 ;   69,88
524,54 ; 250,02 ;   5,238846 ;   53,59
526,57 ; 249,97 ;   7,027050 ;   71,86
528,61 ; 249,97 ;   7,032345 ;   71,35
530,64 ; 250,00 ;   6,333684 ;   64,08
532,67 ; 250,02 ;   5,829949 ;   59,62
534,70 ; 250,00 ;   5,914256 ;   60,43
536,74 ; 250,02 ;   6,490227 ;   66,90
538,77 ; 250,00 ;   5,902583 ;   60,43
540,80 ; 249,95 ;   6,498839 ;   66,89
542,84 ; 249,91 ;   6,885778 ;   70,47
544,87 ; 249,97 ;   6,899189 ;   70,92
546,90 ; 249,99 ;   5,415211 ;   55,77
548,94 ; 250,04 ;   5,911583 ;   60,76
550,97 ; 250,02 ;   5,617607 ;   57,18
553,00 ; 249,99 ;   6,508108 ;   66,77
555,04 ; 250,00 ;   6,509069 ;   66,99
557,07 ; 250,06 ;   6,106055 ;   62,75
559,10 ; 249,95 ;   5,326812 ;   54,86
561,13 ; 250,00 ;   7,702364 ;   78,80
563,17 ; 250,00 ;   5,623122 ;   57,55
565,20 ; 250,00 ;   6,219097 ;   63,79
567,23 ; 249,99 ;   6,216496 ;   63,79
569,27 ; 249,99 ;   6,317463 ;   64,91
571,30 ; 249,95 ;   6,218749 ;   63,87
573,33 ; 249,97 ;   6,804690 ;   69,45
575,37 ; 249,95 ;   6,118522 ;   62,02
577,40 ; 249,82 ;   6,612479 ;   67,46
579,43 ; 249,99 ;   8,103534 ;   82,20
581,47 ; 249,91 ;   4,044801 ;   41,04
583,50 ; 249,95 ;   7,412818 ;   75,09
585,53 ; 249,91 ;   5,926071 ;   60,23
587,57 ; 249,99 ;   6,717031 ;   68,86
589,60 ; 250,00 ;   5,236649 ;   53,55
591,63 ; 249,91 ;   6,127618 ;   62,85
593,66 ; 250,00 ;   7,508323 ;   76,16
595,70 ; 249,95 ;   5,137106 ;   52,46
597,73 ; 249,99 ;   6,917076 ;   70,60
599,76 ; 250,02 ;   5,726523 ;   58,78
601,80 ; 250,05 ;   5,926457 ;   60,64
603,83 ; 250,06 ;   5,827890 ;   59,30
605,86 ; 250,02 ;   6,029205 ;   61,21
607,90 ; 250,04 ;   6,719518 ;   68,86
609,93 ; 249,95 ;   6,021930 ;   61,43
611,96 ; 249,95 ;   7,515682 ;   76,89
614,00 ; 249,97 ;   6,324899 ;   64,42
616,03 ; 249,99 ;   6,029657 ;   61,08
618,06 ; 249,95 ;   5,929491 ;   60,86
620,10 ; 249,95 ;   6,922959 ;   70,67
622,13 ; 249,95 ;   6,325108 ;   64,44
624,16 ; 249,99 ;   6,326918 ;   64,45
626,19 ; 249,88 ;   5,634272 ;   57,77
628,23 ; 249,97 ;   7,811820 ;   79,63
630,26 ; 249,95 ;   5,129254 ;   52,81
632,29 ; 250,00 ;   6,524518 ;   66,49
634,33 ; 250,02 ;   5,625832 ;   57,73
636,36 ; 250,00 ;   6,024915 ;   61,74
638,39 ; 249,97 ;   6,527600 ;   66,05
640,43 ; 250,04 ;   6,717551 ;   68,43
642,46 ; 250,02 ;   5,332943 ;   54,23
644,49 ; 250,05 ;   6,528758 ;   66,93
646,53 ; 249,98 ;   5,835273 ;   59,35
648,56 ; 250,04 ;   7,218097 ;   73,54
650,59 ; 250,06 ;   5,433483 ;   55,26
652,63 ; 250,06 ;   5,898548 ;   60,22
654,66 ; 250,02 ;   6,206715 ;   63,34
656,69 ; 250,06 ;   6,901002 ;   70,02
658,72 ; 250,02 ;   5,611291 ;   57,08
660,76 ; 250,02 ;   6,908288 ;   70,01
662,79 ; 250,00 ;   6,116328 ;   62,65
664,82 ; 250,09 ;   6,609930 ;   67,03
666,86 ; 250,13 ;   5,031863 ;   51,63
668,89 ; 250,02 ;   5,620908 ;   57,49
670,92 ; 250,00 ;   7,695203 ;   78,30
672,96 ; 249,98 ;   6,410639 ;   65,95
674,99 ; 249,99 ;   6,607941 ;   67,22
677,02 ; 249,89 ;   6,022221 ;   61,87
679,06 ; 250,05 ;   7,698063 ;   78,46
681,09 ; 249,97 ;   4,142711 ;   42,63
683,12 ; 249,97 ;   7,313570 ;   74,59
685,16 ; 250,02 ;   6,325256 ;   64,19
687,19 ; 249,97 ;   5,624279 ;   57,50
689,22 ; 249,93 ;   6,909015 ;   70,44
691,25 ; 250,04 ;   6,818410 ;   69,78
693,29 ; 250,00 ;   4,739547 ;   48,96
695,32 ; 249,15 ;   6,810204 ;   69,10
697,35 ; 247,08 ;   12,225195 ;  125,00
699,39 ; 244,90 ;   12,218742 ;  125,00
701,42 ; 242,72 ;   12,222388 ;  125,00
703,45 ; 240,93 ;   12,223046 ;  125,00
705,49 ; 239,25 ;   12,225225 ;  125,00
707,52 ; 238,04 ;   12,223188 ;  125,00
709,55 ; 236,88 ;   12,226976 ;  125,00
711,59 ; 236,11 ;   12,232351 ;  125,00
713,62 ; 235,45 ;   12,230315 ;  125,00
715,65 ; 235,02 ;   12,231207 ;  125,00
717,69 ; 234,75 ;   12,233233 ;  125,00
719,72 ; 234,55 ;   12,238432 ;  125,00
721,75 ; 234,60 ;   12,237696 ;  125,00
723,79 ; 234,66 ;   12,244256 ;  125,00
725,82 ; 234,83 ;   12,243637 ;  125,00
727,85 ; 235,19 ;   12,244034 ;  124,88
729,88 ; 235,52 ;   9,698606 ;   98,01
731,92 ; 235,96 ;   9,909399 ;  100,37
733,95 ; 236,49 ;   8,424511 ;   85,10
735,98 ; 236,99 ;   6,830932 ;   69,88
738,02 ; 237,61 ;   7,035903 ;   71,55
740,05 ; 238,26 ;   5,145948 ;   52,12
742,08 ; 238,87 ;   4,245984 ;   43,89
744,12 ; 239,47 ;   4,449369 ;   45,21
746,15 ; 240,08 ;   4,150179 ;   42,25
748,18 ; 240,70 ;   3,647151 ;   37,20
750,22 ; 241,27 ;   3,055579 ;   31,85
752,25 ; 241,86 ;   3,352916 ;   34,16
754,28 ; 242,27 ;   2,558012 ;   26,79
756,32 ; 242,70 ;   4,748039 ;   48,11
758,35 ; 243,26 ;   4,343711 ;   44,31
760,38 ; 243,59 ;   2,064371 ;   21,43
762,42 ; 244,01 ;   4,941674 ;   50,58
764,45 ; 244,38 ;   3,451913 ;   35,09
766,48 ; 244,57 ;   3,854488 ;   39,89
768,51 ; 244,97 ;   6,032092 ;   61,82
770,55 ; 245,15 ;   3,053831 ;   31,88
772,58 ; 245,41 ;   5,934886 ;   60,11
774,61 ; 245,62 ;   4,546612 ;   46,93
776,65 ; 245,73 ;   5,344239 ;   54,07
778,68 ; 245,86 ;   6,529020 ;   66,25
780,71 ; 246,01 ;   6,127249 ;   62,57
782,75 ; 246,18 ;   5,828589 ;   59,76
784,78 ; 246,30 ;   5,438041 ;   55,67
786,81 ; 246,45 ;   6,132244 ;   62,46
788,85 ; 246,45 ;   5,639784 ;   57,51
790,88 ; 246,62 ;   7,622665 ;   77,88
792,91 ; 246,69 ;   5,232757 ;   53,93
794,95 ; 246,84 ;   6,632792 ;   67,35
796,98 ; 246,87 ;   5,537325 ;   56,09
799,01 ; 246,95 ;   7,026731 ;   71,92
801,04 ; 246,99 ;   6,426888 ;   65,46
803,08 ; 247,11 ;   6,821370 ;   69,70
805,11 ; 247,26 ;   5,834606 ;   59,71
807,14 ; 247,26 ;   5,343802 ;   54,61
809,18 ; 247,38 ;   7,318759 ;   74,84
811,21 ; 247,44 ;   5,628546 ;   57,46
813,24 ; 247,55 ;   6,522332 ;   66,74
815,28 ; 247,60 ;   5,730125 ;   58,83
817,31 ; 247,69 ;   6,532113 ;   66,01
819,34 ; 247,77 ;   6,032779 ;   61,43
821,38 ; 247,88 ;   6,133818 ;   62,10
823,41 ; 247,95 ;   5,537692 ;   56,16
825,44 ; 247,93 ;   6,135248 ;   62,08
827,47 ; 247,99 ;   7,415429 ;   75,14
829,51 ; 248,06 ;   6,234355 ;   63,45
831,54 ; 248,13 ;   6,127201 ;   62,07
833,57 ; 248,21 ;   6,133441 ;   62,83
835,61 ; 248,28 ;   5,833789 ;   59,21
837,64 ; 248,27 ;   5,930052 ;   60,91
839,67 ; 248,38 ;   7,017397 ;   71,68
841,71 ; 248,45 ;   5,438759 ;   55,31
843,74 ; 248,48 ;   5,930160 ;   60,11
845,77 ; 248,63 ;   6,522106 ;   66,39
847,81 ; 248,65 ;   4,747820 ;   48,57
849,84 ; 248,67 ;   6,429963 ;   65,23
851,87 ; 248,70 ;   6,430936 ;   65,23
853,91 ; 248,80 ;   6,429663 ;   65,23
855,94 ; 248,82 ;   5,335912 ;   54,06
857,97 ; 248,83 ;   6,330496 ;   64,45
860,00 ; 248,82 ;   6,531410 ;   66,66
862,04 ; 248,93 ;   6,831847 ;   69,02
864,07 ; 249,02 ;   5,143130 ;   52,55
866,10 ; 249,06 ;   5,235911 ;   53,92
868,14 ; 249,06 ;   5,935515 ;   60,98
870,17 ; 249,13 ;   6,533165 ;   66,34
872,20 ; 249,09 ;   5,535869 ;   56,46
874,24 ; 249,18 ;   7,122232 ;   72,67
876,27 ; 249,18 ;   5,243838 ;   53,19
878,30 ; 249,20 ;   6,428973 ;   65,82
880,34 ; 249,27 ;   6,135893 ;   62,61
882,37 ; 249,24 ;   5,538761 ;   56,94
884,40 ; 249,16 ;   6,723839 ;   68,73
886,44 ; 249,24 ;   7,715459 ;   78,02
888,47 ; 249,23 ;   5,336605 ;   54,45
890,50 ; 249,33 ;   6,633475 ;   67,13
892,54 ; 249,31 ;   5,141332 ;   52,83
894,57 ; 249,35 ;   6,623172 ;   67,66
896,60 ; 249,34 ;   5,935784 ;   60,12
898,63 ; 249,39 ;   6,533933 ;   66,55
900,67 ; 249,39 ;   5,739794 ;   58,92
902,70 ; 249,38 ;   6,428408 ;   65,27
904,73 ; 249,35 ;   6,633438 ;   67,61
906,77 ; 249,44 ;   6,723176 ;   68,98
908,80 ; 249,40 ;   5,244425 ;   53,69
910,83 ; 249,48 ;   6,925593 ;   70,81
912,87 ; 249,53 ;   5,236157 ;   53,45
914,90 ; 249,51 ;   5,731125 ;   58,27
916,93 ; 249,57 ;   6,624692 ;   67,95
918,97 ; 249,62 ;   5,440668 ;   55,99
921,00 ; 249,60 ;   5,640061 ;   57,68
923,03 ; 249,59 ;   6,530910 ;   66,22
925,06 ; 249,57 ;   6,533109 ;   66,44
927,10 ; 249,65 ;   6,531406 ;   66,67
929,13 ; 249,67 ;   5,235257 ;   53,50
931,16 ; 249,64 ;   5,936353 ;   60,62
933,20 ; 249,62 ;   6,724304 ;   68,26
935,23 ; 249,70 ;   6,624232 ;   67,50
937,26 ; 249,67 ;   5,245102 ;   53,29
939,30 ; 249,67 ;   6,633632 ;   67,09
941,33 ; 249,66 ;   6,329474 ;   64,03
943,36 ; 249,65 ;   6,427629 ;   65,20
945,40 ; 249,76 ;   6,533684 ;   66,45
947,43 ; 249,69 ;   4,738734 ;   48,80
949,46 ; 249,76 ;   7,229985 ;   73,46
951,50 ; 249,77 ;   5,337305 ;   54,10
953,53 ; 249,73 ;   6,026020 ;   61,27
955,56 ; 249,77 ;   6,728368 ;   68,98
957,59 ; 249,76 ;   5,741534 ;   58,24
959,63 ; 249,84 ;   6,432455 ;   65,71
961,66 ; 249,73 ;   5,044186 ;   51,39
963,69 ; 249,73 ;   7,727127 ;   78,49
965,73 ; 249,75 ;   6,236465 ;   63,97
967,76 ; 249,73 ;   6,026418 ;   61,78
969,79 ; 249,86 ;   6,523939 ;   66,14
971,83 ; 249,78 ;   4,547536 ;   46,25
973,86 ; 249,80 ;   7,322731 ;   74,08
975,89 ; 249,84 ;   6,035919 ;   61,48
977,93 ; 249,87 ;   5,741439 ;   58,02
979,96 ; 249,87 ;   5,736099 ;   58,78
981,99 ; 249,89 ;   6,137940 ;   62,96
984,02 ; 249,84 ;   5,839502 ;   59,64
986,06 ; 249,93 ;   6,933606 ;   70,60
988,09 ; 249,86 ;   4,843527 ;   49,94
990,12 ; 249,87 ;   7,127856 ;   72,49
992,16 ; 249,87 ;   6,140366 ;   62,03
994,19 ; 249,86 ;   6,233433 ;   63,09
996,22 ; 249,91 ;   6,333956 ;   64,23
998,26 ; 249,93 ;   5,443239 ;   55,41
1000,29 ; 249,88 ;   5,938498 ;   60,47
1002,32 ; 249,93 ;   6,832442 ;   69,26
1004,36 ; 249,86 ;   5,538969 ;   56,34
1006,39 ; 249,88 ;   7,128985 ;   72,63
1008,42 ; 249,91 ;   5,837598 ;   59,95
1010,46 ; 249,95 ;   5,839138 ;   59,74
1012,49 ; 249,93 ;   5,644147 ;   57,30
1014,52 ; 249,95 ;   6,334324 ;   64,75
1016,55 ; 249,88 ;   5,939544 ;   60,44
1018,59 ; 249,89 ;   7,028628 ;   71,46
1020,62 ; 249,91 ;   6,140035 ;   62,04
1022,65 ; 249,98 ;   5,839153 ;   59,75
1024,69 ; 249,91 ;   5,238573 ;   53,97
1026,72 ; 249,88 ;   7,023672 ;   71,22
1028,75 ; 249,98 ;   6,633233 ;   67,37
1030,79 ; 249,91 ;   4,844290 ;   49,83
1032,82 ; 249,99 ;   7,034847 ;   71,26
1034,85 ; 249,99 ;   5,046824 ;   51,79
1036,89 ; 249,98 ;   6,134939 ;   62,19
1038,92 ; 249,99 ;   6,335830 ;   64,43
1040,95 ; 249,91 ;   5,930339 ;   60,12
1042,99 ; 249,91 ;   7,228738 ;   73,36
1045,02 ; 249,99 ;   6,335371 ;   64,09
1047,05 ; 249,98 ;   4,937288 ;   50,79
1049,08 ; 250,00 ;   6,333966 ;   64,46
1051,12 ; 249,95 ;   5,836701 ;   59,04
1053,15 ; 249,95 ;   6,834301 ;   69,97
1055,18 ; 249,98 ;   6,140912 ;   62,70
1057,22 ; 249,98 ;   5,739247 ;   58,25
1059,25 ; 249,95 ;   6,133573 ;   62,41
1061,28 ; 249,98 ;   6,436083 ;   65,76
1063,32 ; 250,02 ;   5,839406 ;   59,30
1065,35 ; 250,02 ;   5,443377 ;   55,73
1067,38 ; 249,91 ;   6,041835 ;   61,97
1069,42 ; 250,00 ;   7,627000 ;   77,58
1071,45 ; 249,93 ;   4,947395 ;   50,76
1073,48 ; 249,98 ;   7,125943 ;   72,25
1075,51 ; 249,91 ;   5,535065 ;   56,20
1077,55 ; 250,02 ;   7,028049 ;   71,38
1079,58 ; 250,00 ;   4,647005 ;   47,45
1081,61 ; 250,00 ;   6,440809 ;   65,35
1083,65 ; 250,05 ;   6,142571 ;   62,23
1085,68 ; 249,98 ;   5,445108 ;   55,54
1087,71 ; 249,91 ;   7,027109 ;   71,81
1089,75 ; 249,99 ;   7,029698 ;   71,39
1091,78 ; 249,98 ;   5,042832 ;   51,91
1093,81 ; 249,89 ;   6,327458 ;   64,55
1095,85 ; 249,95 ;   7,305024 ;   74,75
1097,88 ; 249,99 ;   5,406021 ;   55,51
1099,91 ; 249,98 ;   5,517900 ;   56,11
1101,94 ; 250,05 ;   6,323562 ;   64,58
1103,98 ; 250,02 ;   5,136308 ;   52,46
1106,01 ; 249,99 ;   6,416485 ;   65,17
1108,04 ; 249,93 ;   6,526353 ;   66,51
1110,08 ; 249,95 ;   7,016746 ;   71,27
1112,11 ; 249,93 ;   5,833040 ;   59,61
1114,14 ; 250,00 ;   6,530717 ;   66,09
1116,18 ; 249,89 ;   5,134266 ;   52,94
1118,21 ; 249,91 ;   7,617051 ;   77,93
1120,24 ; 249,93 ;   5,933448 ;   60,03
1122,28 ; 249,93 ;   5,934169 ;   60,94
1124,31 ; 249,87 ;   6,231027 ;   63,03
1126,34 ; 249,88 ;   7,031049 ;   71,97
1128,38 ; 249,89 ;   6,018484 ;   61,44
1130,41 ; 249,91 ;   6,095584 ;   62,42
1132,44 ; 249,97 ;   5,998204 ;   61,25
1134,47 ; 249,93 ;   5,304722 ;   54,42
1136,51 ; 250,00 ;   6,698408 ;   68,33
1138,54 ; 249,98 ;   5,232160 ;   53,09
1140,57 ; 249,99 ;   6,421567 ;   65,80
1142,61 ; 249,95 ;   5,918415 ;   60,45
1144,64 ; 249,97 ;   6,811452 ;   69,23
1146,67 ; 249,98 ;   5,828790 ;   59,65
1148,71 ; 250,00 ;   6,031308 ;   61,66
1150,74 ; 249,95 ;   5,830472 ;   59,36
1152,77 ; 249,99 ;   6,823134 ;   69,17
1154,81 ; 249,95 ;   5,630505 ;   57,36
1156,84 ; 249,97 ;   6,831769 ;   69,26
1158,87 ; 249,93 ;   5,832695 ;   59,68
1160,90 ; 249,99 ;   6,730592 ;   68,39
1162,94 ; 250,04 ;   5,332771 ;   54,27
1164,97 ; 250,05 ;   5,434326 ;   55,90
1167,00 ; 250,02 ;   6,034066 ;   61,02
1169,04 ; 249,95 ;   6,431512 ;   65,39
1171,07 ; 250,04 ;   7,228202 ;   73,44
1173,10 ; 250,00 ;   4,840762 ;   49,65
1175,14 ; 250,02 ;   6,633039 ;   67,70
1177,17 ; 249,99 ;   5,933660 ;   60,27
1179,20 ; 249,95 ;   6,432306 ;   65,69
1181,24 ; 249,98 ;   6,833755 ;   69,27
1183,27 ; 249,98 ;   5,733411 ;   58,57
1185,30 ; 249,99 ;   6,119950 ;   62,74
1187,34 ; 250,06 ;   5,908399 ;   60,51
1189,37 ; 249,91 ;   5,112959 ;   52,55
1191,40 ; 249,99 ;   8,284117 ;   84,22
1193,43 ; 249,95 ;   5,011686 ;   51,16
1195,47 ; 249,95 ;   6,694567 ;   68,18
1197,50 ; 249,99 ;   6,303657 ;   64,10
1199,53 ; 249,99 ;   5,518046 ;   56,38
1201,57 ; 250,00 ;   6,109002 ;   62,62
1203,60 ; 249,95 ;   6,013988 ;   61,50
1205,63 ; 249,95 ;   6,907859 ;   70,36
1207,67 ; 249,99 ;   6,018837 ;   61,97
1209,70 ; 250,02 ;   5,620109 ;   57,44
1211,73 ; 249,93 ;   5,724698 ;   58,17
1213,77 ; 249,99 ;   7,410310 ;   75,72
1215,80 ; 249,95 ;   5,328758 ;   54,33
1217,83 ; 249,97 ;   6,705875 ;   68,23
1219,87 ; 250,02 ;   5,926339 ;   60,80
1221,90 ; 250,02 ;   5,533306 ;   56,19
1223,93 ; 250,05 ;   6,121748 ;   62,43
1225,96 ; 250,02 ;   5,633702 ;   57,97
1228,00 ; 250,04 ;   6,424341 ;   65,47
1230,03 ; 249,97 ;   5,921842 ;   60,11
1232,06 ; 250,02 ;   7,121708 ;   72,23
1234,10 ; 249,95 ;   5,435755 ;   55,06
1236,13 ; 249,98 ;   7,112754 ;   72,38
1238,16 ; 250,02 ;   5,829863 ;   59,68
1240,20 ; 249,99 ;   5,628870 ;   57,22
1242,23 ; 249,98 ;   6,424038 ;   65,77
1244,26 ; 249,98 ;   6,325946 ;   64,88
1246,30 ; 250,02 ;   6,123182 ;   62,80
1248,33 ; 250,00 ;   5,636934 ;   57,23
1250,36 ; 250,00 ;   6,324855 ;   64,66
1252,39 ; 249,95 ;   6,124915 ;   62,58
1254,43 ; 249,97 ;   6,820098 ;   69,28
1256,46 ; 250,05 ;   5,917481 ;   60,81
1258,49 ; 249,99 ;   5,019333 ;   51,73
1260,53 ; 249,97 ;   6,797766 ;   69,94
1262,56 ; 249,97 ;   6,496292 ;   66,01
1264,59 ; 249,99 ;   6,110634 ;   62,89
1266,63 ; 250,00 ;   5,816726 ;   59,55
1268,66 ; 249,99 ;   6,012019 ;   61,56
1270,69 ; 249,93 ;   6,216355 ;   63,71
1272,73 ; 249,93 ;   7,003272 ;   71,60
1274,76 ; 250,05 ;   6,219784 ;   63,29
1276,79 ; 250,04 ;   4,539992 ;   46,56
1278,83 ; 249,95 ;   6,218664 ;   63,28
1280,86 ; 250,04 ;   7,303262 ;   74,51
1282,89 ; 250,02 ;   4,932475 ;   50,79
1284,92 ; 249,89 ;   6,320783 ;   64,46
1286,96 ; 249,95 ;   8,005288 ;   81,35
1288,99 ; 250,02 ;   5,333504 ;   54,75
1291,02 ; 249,97 ;   5,329653 ;   54,16
1293,06 ; 249,95 ;   6,823993 ;   69,17
1295,09 ; 249,98 ;   6,425490 ;   65,17
1297,12 ; 249,97 ;   5,830631 ;   59,75
1299,16 ; 249,99 ;   6,225376 ;   63,99
1301,19 ; 249,97 ;   5,827093 ;   59,61
1303,22 ; 250,05 ;   6,520626 ;   66,08
1305,26 ; 249,99 ;   5,040629 ;   51,80
1307,29 ; 250,02 ;   6,920915 ;   70,01
1309,32 ; 250,04 ;   5,829756 ;   59,38
1311,36 ; 250,06 ;   5,830010 ;   59,15
1313,39 ; 250,02 ;   5,726351 ;   58,92
1315,42 ; 249,95 ;   6,620617 ;   67,61
1317,45 ; 249,98 ;   7,120282 ;   72,45
1319,49 ; 249,98 ;   5,838022 ;   59,74
1321,52 ; 250,02 ;   6,134095 ;   62,87
1323,55 ; 249,97 ;   5,628875 ;   57,29
1325,59 ; 250,02 ;   6,826264 ;   69,19
1327,62 ; 249,93 ;   5,434267 ;   55,14
1329,65 ; 249,95 ;   7,421371 ;   75,81
1331,69 ; 250,02 ;   6,026667 ;   61,10
1333,72 ; 250,04 ;   5,244493 ;   53,14
1335,75 ; 250,02 ;   5,839395 ;   59,16
1337,79 ; 249,97 ;   6,430956 ;   65,62
1339,82 ; 249,95 ;   6,827543 ;   69,20
1341,85 ; 249,95 ;   6,428947 ;   65,19
1343,89 ; 249,95 ;   6,331247 ;   64,24
1345,92 ; 250,02 ;   6,230502 ;   63,20
1347,95 ; 250,05 ;   5,237400 ;   53,17
1349,98 ; 249,98 ;   5,734491 ;   58,07
1352,02 ; 249,99 ;   7,126409 ;   72,27
1354,05 ; 250,02 ;   5,935049 ;   60,67
1356,08 ; 249,95 ;   5,843588 ;   59,41
1358,12 ; 250,00 ;   7,128541 ;   72,57
1360,15 ; 249,93 ;   5,443824 ;   55,40
1362,18 ; 249,91 ;   7,125259 ;   72,73
1364,22 ; 250,00 ;   6,528784 ;   66,73
1366,25 ; 249,97 ;   4,947301 ;   50,23
