Tempo total (s) ;Temperatura (ºC) ; Potencia atual (W) ; Saida
P:   9.50 I: 113.00 D:  28.50 Tensão:5.227 V
2,03 ; 250,44 ;   8,457414 ;   85,17
4,07 ; 250,43 ;   6,166076 ;   62,80
6,10 ; 250,41 ;   6,952151 ;   70,08
8,13 ; 250,35 ;   7,155222 ;   72,32
10,17 ; 250,38 ;   7,554979 ;   76,94
12,20 ; 250,38 ;   6,566304 ;   66,25
14,23 ; 250,38 ;   6,860372 ;   69,31
16,27 ; 250,41 ;   6,862111 ;   69,24
18,30 ; 250,30 ;   6,361265 ;   64,72
20,33 ; 250,39 ;   8,259890 ;   83,31
22,37 ; 250,41 ;   5,669160 ;   57,46
24,40 ; 250,35 ;   6,564950 ;   66,61
26,43 ; 250,38 ;   7,556898 ;   76,43
28,46 ; 250,30 ;   6,464508 ;   65,74
30,50 ; 250,38 ;   7,757630 ;   78,83
32,53 ; 250,37 ;   5,864054 ;   59,38
34,56 ; 250,38 ;   6,865198 ;   69,80
36,60 ; 250,38 ;   6,667475 ;   67,58
38,63 ; 250,30 ;   6,758926 ;   68,55
40,66 ; 250,33 ;   7,863493 ;   79,65
42,70 ; 250,30 ;   6,362251 ;   64,73
44,73 ; 250,35 ;   7,258953 ;   73,30
46,76 ; 250,24 ;   6,067622 ;   61,27
48,80 ; 250,32 ;   8,363899 ;   84,11
50,83 ; 250,32 ;   5,763703 ;   58,35
52,86 ; 250,26 ;   6,764456 ;   68,70
54,90 ; 250,30 ;   7,667055 ;   77,58
56,93 ; 250,26 ;   6,162428 ;   62,52
58,96 ; 250,27 ;   7,464757 ;   75,40
61,00 ; 250,32 ;   6,661143 ;   68,00
63,03 ; 250,30 ;   6,068449 ;   61,18
65,06 ; 250,27 ;   7,068638 ;   71,75
67,10 ; 250,27 ;   7,260679 ;   73,05
69,13 ; 250,24 ;   6,767170 ;   68,84
71,16 ; 250,27 ;   7,170172 ;   72,14
73,19 ; 250,30 ;   6,469416 ;   65,63
75,23 ; 250,23 ;   6,367332 ;   64,24
77,26 ; 250,27 ;   7,663029 ;   77,28
79,29 ; 250,24 ;   6,367497 ;   64,46
81,33 ; 250,20 ;   7,069775 ;   71,92
83,36 ; 250,23 ;   7,469106 ;   75,45
85,39 ; 250,27 ;   6,266924 ;   63,60
87,43 ; 250,24 ;   6,369183 ;   64,30
89,46 ; 250,30 ;   7,070159 ;   71,76
91,49 ; 250,27 ;   5,969508 ;   60,79
93,53 ; 250,19 ;   7,169734 ;   72,48
95,56 ; 250,32 ;   7,865925 ;   79,43
97,59 ; 250,23 ;   4,969521 ;   50,03
99,63 ; 250,21 ;   7,866883 ;   79,94
101,66 ; 250,22 ;   7,070322 ;   71,80
103,69 ; 250,26 ;   6,673140 ;   67,53
105,73 ; 250,20 ;   6,171229 ;   62,95
107,76 ; 250,22 ;   7,660692 ;   77,03
109,79 ; 250,23 ;   6,466631 ;   65,33
111,83 ; 250,19 ;   6,567544 ;   66,18
113,86 ; 250,24 ;   7,366371 ;   74,91
115,89 ; 250,27 ;   5,970515 ;   60,83
117,92 ; 250,23 ;   6,368408 ;   64,73
119,96 ; 250,21 ;   7,165398 ;   72,26
121,99 ; 250,21 ;   7,065369 ;   71,41
124,02 ; 250,20 ;   6,766235 ;   68,25
126,06 ; 250,19 ;   6,965060 ;   70,45
128,09 ; 250,20 ;   6,867018 ;   69,45
130,12 ; 250,26 ;   6,661432 ;   67,26
132,16 ; 250,27 ;   5,864477 ;   59,34
134,19 ; 250,22 ;   6,557792 ;   66,51
136,22 ; 250,17 ;   7,365304 ;   74,20
138,26 ; 250,22 ;   7,366298 ;   74,61
140,29 ; 250,19 ;   6,068045 ;   61,64
142,32 ; 250,27 ;   7,160220 ;   72,31
144,36 ; 250,22 ;   5,559557 ;   56,96
146,39 ; 250,22 ;   7,366069 ;   74,01
148,42 ; 250,24 ;   6,661537 ;   67,73
150,46 ; 250,13 ;   6,366462 ;   64,35
152,49 ; 250,24 ;   8,262489 ;   83,06
154,52 ; 250,13 ;   5,164137 ;   52,85
156,55 ; 250,22 ;   8,160814 ;   83,00
158,59 ; 250,17 ;   5,572429 ;   56,13
160,62 ; 250,17 ;   7,364451 ;   74,23
162,65 ; 250,15 ;   6,669746 ;   67,96
164,69 ; 250,21 ;   7,059105 ;   71,27
166,72 ; 250,10 ;   5,868801 ;   59,20
168,75 ; 250,15 ;   8,259929 ;   83,12
170,79 ; 250,02 ;   6,070925 ;   61,83
172,82 ; 250,17 ;   8,662615 ;   87,02
174,85 ; 250,10 ;   4,674087 ;   47,01
176,89 ; 250,11 ;   7,661103 ;   77,83
178,92 ; 250,13 ;   6,671368 ;   67,34
180,95 ; 250,13 ;   6,561517 ;   66,13
182,99 ; 250,20 ;   6,672312 ;   67,07
185,02 ; 250,21 ;   5,863757 ;   59,16
187,05 ; 250,21 ;   6,470023 ;   65,22
189,09 ; 250,22 ;   6,672095 ;   67,26
191,12 ; 250,20 ;   6,567844 ;   66,11
193,15 ; 250,19 ;   6,970661 ;   70,46
195,18 ; 250,21 ;   6,761685 ;   68,42
197,22 ; 250,20 ;   6,367716 ;   64,00
199,25 ; 250,22 ;   6,863961 ;   69,32
201,28 ; 250,28 ;   6,265679 ;   63,86
203,32 ; 250,10 ;   5,774320 ;   58,01
205,35 ; 250,16 ;   9,060996 ;   91,95
207,38 ; 250,20 ;   5,970513 ;   60,20
209,42 ; 250,17 ;   6,070866 ;   61,87
211,45 ; 250,28 ;   6,964941 ;   70,39
213,48 ; 250,15 ;   5,062769 ;   51,62
215,52 ; 250,09 ;   8,464957 ;   85,11
217,55 ; 250,23 ;   7,568446 ;   76,32
219,58 ; 250,17 ;   4,573061 ;   46,79
221,62 ; 250,22 ;   7,468115 ;   75,44
223,65 ; 250,19 ;   5,969147 ;   60,39
225,68 ; 250,10 ;   7,068826 ;   71,06
227,72 ; 250,19 ;   7,862604 ;   79,14
229,75 ; 250,11 ;   5,471609 ;   55,40
231,78 ; 250,10 ;   7,669862 ;   77,97
233,81 ; 250,16 ;   6,764440 ;   68,67
235,85 ; 250,13 ;   5,868928 ;   59,80
237,88 ; 250,20 ;   6,968128 ;   70,40
239,91 ; 250,11 ;   5,773295 ;   58,32
241,95 ; 250,17 ;   7,764664 ;   78,89
243,98 ; 250,15 ;   5,765280 ;   58,50
246,01 ; 250,10 ;   6,969546 ;   70,14
248,05 ; 250,09 ;   7,265141 ;   73,69
250,08 ; 250,11 ;   6,863142 ;   69,67
252,11 ; 250,08 ;   6,367735 ;   64,22
254,15 ; 250,16 ;   7,059726 ;   71,79
256,18 ; 250,13 ;   5,561897 ;   56,45
258,21 ; 250,15 ;   6,969133 ;   70,18
260,25 ; 250,11 ;   6,365222 ;   64,80
262,28 ; 250,13 ;   7,170618 ;   72,44
264,31 ; 250,17 ;   6,261549 ;   63,87
266,35 ; 250,19 ;   6,060305 ;   61,39
268,38 ; 250,05 ;   6,367290 ;   64,33
270,41 ; 250,13 ;   8,561940 ;   86,46
272,44 ; 250,11 ;   5,466579 ;   55,45
274,48 ; 250,11 ;   6,970986 ;   70,22
276,51 ; 250,09 ;   6,672183 ;   67,08
278,54 ; 250,20 ;   6,966096 ;   70,41
280,58 ; 250,16 ;   5,062770 ;   51,65
282,61 ; 250,13 ;   7,070323 ;   71,76
284,64 ; 250,13 ;   7,068013 ;   71,00
286,68 ; 250,10 ;   6,468305 ;   65,70
288,71 ; 250,09 ;   7,070746 ;   71,18
290,74 ; 250,06 ;   6,866355 ;   69,24
292,78 ; 250,16 ;   6,967650 ;   70,49
294,81 ; 250,11 ;   5,266909 ;   53,97
296,84 ; 250,15 ;   7,261409 ;   73,12
298,88 ; 250,17 ;   6,070159 ;   61,28
300,91 ; 250,10 ;   6,265709 ;   63,11
302,94 ; 250,17 ;   7,568534 ;   76,24
304,98 ; 250,19 ;   5,561112 ;   56,82
307,01 ; 250,10 ;   6,264115 ;   63,92
309,04 ; 250,15 ;   7,762521 ;   78,25
311,07 ; 250,08 ;   5,967787 ;   60,09
313,11 ; 250,13 ;   7,567409 ;   76,35
315,14 ; 250,13 ;   5,866910 ;   59,16
317,17 ; 250,04 ;   6,670273 ;   67,54
319,21 ; 250,08 ;   7,763111 ;   78,74
321,24 ; 250,13 ;   6,069742 ;   61,72
323,27 ; 250,13 ;   5,868155 ;   59,10
325,31 ; 250,16 ;   6,569145 ;   66,36
327,34 ; 250,06 ;   6,164396 ;   62,98
329,37 ; 250,15 ;   7,862844 ;   79,47
331,41 ; 250,11 ;   5,368267 ;   54,71
333,44 ; 250,08 ;   7,068318 ;   71,70
335,47 ; 250,11 ;   6,970250 ;   70,94
337,51 ; 250,09 ;   6,170891 ;   62,30
339,54 ; 250,05 ;   6,868737 ;   69,79
341,57 ; 250,08 ;   7,170896 ;   72,24
343,60 ; 250,06 ;   6,168580 ;   62,56
345,64 ; 250,09 ;   6,765774 ;   68,94
347,67 ; 250,09 ;   6,266097 ;   63,51
349,70 ; 250,04 ;   6,569423 ;   66,61
351,74 ; 249,95 ;   7,265758 ;   73,29
353,77 ; 250,05 ;   7,865432 ;   79,32
355,80 ; 250,09 ;   5,368030 ;   54,49
357,84 ; 250,11 ;   6,070305 ;   61,39
359,87 ; 250,17 ;   6,266350 ;   63,23
361,90 ; 250,10 ;   5,672291 ;   57,40
363,94 ; 250,13 ;   7,465084 ;   75,74
365,97 ; 250,08 ;   6,272392 ;   63,01
368,00 ; 250,15 ;   7,164852 ;   72,81
370,04 ; 250,11 ;   5,571360 ;   56,51
372,07 ; 250,06 ;   7,066648 ;   71,43
374,10 ; 250,10 ;   7,164951 ;   72,90
376,14 ; 250,13 ;   6,069710 ;   61,07
378,17 ; 250,13 ;   6,171278 ;   62,91
380,20 ; 250,19 ;   6,366725 ;   64,89
382,23 ; 250,11 ;   5,764249 ;   58,09
384,27 ; 250,02 ;   7,562221 ;   76,50
386,30 ; 250,13 ;   7,864784 ;   79,48
388,33 ; 250,13 ;   4,970534 ;   50,25
390,37 ; 250,17 ;   6,562815 ;   66,95
392,40 ; 250,11 ;   5,869392 ;   59,19
394,43 ; 250,08 ;   7,365567 ;   74,33
396,47 ; 250,02 ;   6,965798 ;   70,45
398,50 ; 250,05 ;   7,367423 ;   74,08
400,53 ; 249,99 ;   6,266241 ;   63,45
402,57 ; 250,02 ;   7,361772 ;   74,38
404,60 ; 250,11 ;   6,266417 ;   63,75
406,63 ; 250,02 ;   5,265015 ;   53,47
408,67 ; 250,08 ;   7,866359 ;   79,34
410,70 ; 250,05 ;   5,664129 ;   57,92
412,73 ; 250,02 ;   6,969441 ;   70,69
414,77 ; 250,05 ;   6,965913 ;   70,99
416,80 ; 250,11 ;   6,164166 ;   62,36
418,83 ; 250,06 ;   5,673296 ;   57,58
420,86 ; 250,06 ;   7,169341 ;   72,59
422,90 ; 250,04 ;   6,570812 ;   66,33
424,93 ; 250,06 ;   6,864369 ;   69,67
426,96 ; 250,08 ;   6,266960 ;   63,19
429,00 ; 250,11 ;   6,367060 ;   64,07
431,03 ; 250,04 ;   6,071320 ;   61,67
433,06 ; 250,06 ;   7,466347 ;   75,86
435,10 ; 250,06 ;   6,264767 ;   63,14
437,13 ; 250,10 ;   6,570042 ;   66,25
439,16 ; 250,06 ;   5,960013 ;   60,66
441,20 ; 250,13 ;   7,061011 ;   71,42
443,23 ; 250,08 ;   5,663201 ;   57,28
445,26 ; 250,15 ;   7,162428 ;   72,28
447,30 ; 250,09 ;   5,469970 ;   55,99
449,33 ; 250,13 ;   7,365086 ;   74,26
451,36 ; 250,08 ;   5,968798 ;   60,34
453,39 ; 250,13 ;   7,170816 ;   72,21
455,43 ; 250,10 ;   5,867821 ;   59,26
457,46 ; 250,13 ;   6,766325 ;   68,83
459,49 ; 250,13 ;   6,171227 ;   62,34
461,53 ; 250,02 ;   6,366924 ;   64,32
463,56 ; 250,08 ;   7,968898 ;   80,96
465,59 ; 250,06 ;   5,774024 ;   58,58
467,63 ; 249,98 ;   6,772675 ;   68,09
469,66 ; 250,04 ;   7,761505 ;   78,26
471,69 ; 250,08 ;   5,671361 ;   57,90
473,73 ; 250,08 ;   5,965682 ;   60,64
475,76 ; 250,02 ;   6,469867 ;   65,83
477,79 ; 250,08 ;   7,365324 ;   74,75
479,83 ; 250,09 ;   5,671992 ;   57,49
481,86 ; 250,13 ;   6,373788 ;   64,68
483,89 ; 250,11 ;   5,969315 ;   60,13
485,93 ; 250,06 ;   6,662928 ;   67,54
487,96 ; 250,11 ;   7,162915 ;   72,13
489,99 ; 250,08 ;   5,869235 ;   59,18
492,02 ; 250,11 ;   6,864633 ;   69,88
494,06 ; 250,02 ;   6,060905 ;   61,24
496,09 ; 250,09 ;   7,757646 ;   78,77
498,12 ; 250,06 ;   5,568248 ;   56,24
500,16 ; 250,05 ;   6,765633 ;   68,93
502,19 ; 250,10 ;   6,766149 ;   68,04
504,22 ; 250,06 ;   5,773135 ;   58,14
506,26 ; 250,02 ;   6,965523 ;   70,98
508,29 ; 250,04 ;   7,060820 ;   71,35
510,32 ; 250,16 ;   6,266522 ;   63,91
512,36 ; 250,08 ;   4,869520 ;   49,25
514,39 ; 250,04 ;   7,467078 ;   75,99
516,42 ; 250,09 ;   7,063399 ;   71,14
518,46 ; 250,11 ;   5,874476 ;   59,24
520,49 ; 250,11 ;   6,163606 ;   62,12
522,52 ; 250,04 ;   6,467715 ;   65,22
524,55 ; 250,08 ;   7,466545 ;   75,25
526,59 ; 250,02 ;   5,970649 ;   60,30
528,62 ; 250,04 ;   7,367075 ;   74,42
530,65 ; 250,06 ;   6,171090 ;   62,74
532,69 ; 250,11 ;   6,163701 ;   62,51
534,72 ; 250,11 ;   5,773343 ;   58,93
536,75 ; 250,10 ;   6,469127 ;   65,15
538,79 ; 250,08 ;   6,566548 ;   66,24
540,82 ; 250,05 ;   6,764141 ;   68,53
542,85 ; 250,06 ;   6,865731 ;   69,86
544,89 ; 250,08 ;   6,270770 ;   63,46
546,92 ; 249,99 ;   6,266165 ;   63,30
548,95 ; 249,99 ;   7,661776 ;   77,65
550,99 ; 250,05 ;   6,561600 ;   66,20
553,02 ; 250,00 ;   5,762470 ;   58,39
555,05 ; 250,04 ;   7,162465 ;   72,36
557,08 ; 249,98 ;   5,965980 ;   60,54
559,12 ; 250,06 ;   7,359499 ;   74,66
561,15 ; 250,09 ;   5,368485 ;   54,07
563,18 ; 250,06 ;   6,169955 ;   62,15
565,22 ; 249,99 ;   6,761568 ;   68,61
567,25 ; 250,06 ;   7,466394 ;   75,52
569,28 ; 250,00 ;   5,571118 ;   56,11
571,32 ; 250,15 ;   7,366469 ;   74,39
573,35 ; 250,10 ;   4,367106 ;   44,87
575,38 ; 250,02 ;   7,060307 ;   71,30
577,42 ; 250,09 ;   7,559197 ;   76,21
579,45 ; 250,00 ;   5,567533 ;   56,87
581,48 ; 250,09 ;   7,662340 ;   77,45
583,52 ; 250,13 ;   5,264899 ;   53,73
585,55 ; 250,06 ;   5,773857 ;   58,47
587,58 ; 250,09 ;   7,366131 ;   74,73
589,61 ; 250,08 ;   6,162374 ;   62,01
591,65 ; 250,13 ;   6,567967 ;   66,23
593,68 ; 249,99 ;   5,763743 ;   58,48
595,71 ; 250,09 ;   8,264475 ;   83,68
597,75 ; 250,10 ;   5,171806 ;   52,60
599,78 ; 250,10 ;   6,163516 ;   62,83
601,81 ; 250,08 ;   6,366503 ;   64,90
603,85 ; 250,06 ;   6,761992 ;   68,23
605,88 ; 250,09 ;   6,661100 ;   67,32
607,91 ; 250,10 ;   6,070229 ;   61,88
609,95 ; 250,02 ;   6,162686 ;   62,76
611,98 ; 250,02 ;   7,463701 ;   75,99
614,01 ; 250,11 ;   6,465829 ;   65,58
616,05 ; 250,04 ;   5,263573 ;   53,30
618,08 ; 250,02 ;   7,363712 ;   74,77
620,11 ; 250,04 ;   6,668413 ;   67,63
622,15 ; 249,98 ;   6,270162 ;   63,31
624,18 ; 250,05 ;   7,356593 ;   74,31
626,21 ; 250,05 ;   5,474191 ;   55,95
628,24 ; 250,04 ;   6,466394 ;   65,31
630,28 ; 250,06 ;   6,559880 ;   66,41
632,31 ; 250,02 ;   6,169856 ;   62,02
634,34 ; 249,99 ;   6,958128 ;   70,71
636,38 ; 250,04 ;   6,866669 ;   69,97
638,41 ; 249,99 ;   5,863431 ;   59,11
640,44 ; 250,10 ;   7,162231 ;   72,04
642,48 ; 249,99 ;   4,966558 ;   50,17
644,51 ; 250,02 ;   7,963757 ;   80,34
646,54 ; 249,99 ;   6,161926 ;   62,44
648,58 ; 250,11 ;   6,763852 ;   68,90
650,61 ; 249,99 ;   4,867103 ;   49,04
652,64 ; 250,09 ;   8,067967 ;   81,36
654,68 ; 250,06 ;   5,169108 ;   52,37
656,71 ; 250,09 ;   6,763398 ;   68,19
658,74 ; 250,02 ;   6,062616 ;   61,71
660,77 ; 250,13 ;   7,363930 ;   74,86
662,81 ; 250,09 ;   4,772596 ;   48,76
664,84 ; 250,06 ;   7,057911 ;   71,04
666,87 ; 250,09 ;   6,762061 ;   68,13
668,91 ; 250,04 ;   6,060131 ;   61,65
670,94 ; 250,02 ;   7,066401 ;   71,45
672,97 ; 250,04 ;   6,669837 ;   67,43
675,01 ; 250,15 ;   6,269023 ;   63,12
677,04 ; 250,11 ;   4,867149 ;   49,57
679,07 ; 249,98 ;   6,865131 ;   69,69
681,11 ; 250,02 ;   8,258558 ;   83,44
683,14 ; 250,09 ;   5,866572 ;   59,06
685,17 ; 250,06 ;   5,570867 ;   56,37
687,21 ; 250,06 ;   6,759983 ;   68,03
689,24 ; 250,08 ;   6,365772 ;   64,89
691,27 ; 249,99 ;   6,160346 ;   62,65
693,30 ; 250,02 ;   7,558884 ;   76,99
695,34 ; 249,97 ;   6,170589 ;   62,20
697,37 ; 250,09 ;   7,162779 ;   72,01
699,40 ; 250,04 ;   4,866898 ;   49,04
701,44 ; 250,00 ;   7,066994 ;   71,33
703,47 ; 250,02 ;   6,966678 ;   70,66
705,50 ; 250,02 ;   6,168341 ;   62,11
707,54 ; 250,09 ;   6,469081 ;   65,23
709,57 ; 250,06 ;   5,560470 ;   56,29
711,60 ; 250,06 ;   6,661538 ;   67,95
713,64 ; 250,04 ;   6,365846 ;   64,82
715,67 ; 250,02 ;   6,763178 ;   68,15
717,70 ; 249,99 ;   6,660735 ;   67,26
719,74 ; 250,05 ;   6,863447 ;   69,64
721,77 ; 250,08 ;   5,670222 ;   57,67
723,80 ; 250,05 ;   5,967914 ;   60,48
725,84 ; 250,02 ;   6,861700 ;   69,09
727,87 ; 250,13 ;   6,763665 ;   68,27
729,90 ; 250,05 ;   4,965784 ;   50,63
731,93 ; 250,02 ;   7,463965 ;   75,30
733,97 ; 250,08 ;   6,861620 ;   69,35
736,00 ; 250,06 ;   5,559242 ;   56,26
738,03 ; 250,02 ;   6,567842 ;   66,80
740,07 ; 250,05 ;   6,965733 ;   70,29
742,10 ; 250,09 ;   6,068274 ;   61,74
744,13 ; 250,02 ;   5,865946 ;   59,27
746,17 ; 250,04 ;   7,259323 ;   73,38
748,20 ; 250,08 ;   6,161746 ;   62,83
750,23 ; 250,06 ;   5,862752 ;   59,32
752,27 ; 250,05 ;   6,560221 ;   66,74
754,30 ; 249,95 ;   6,558081 ;   66,88
756,33 ; 250,11 ;   7,761141 ;   78,18
758,36 ; 250,00 ;   4,274937 ;   43,39
760,40 ; 249,97 ;   7,865764 ;   79,80
762,43 ; 250,00 ;   6,861540 ;   69,70
764,46 ; 250,00 ;   6,068170 ;   61,08
766,50 ; 250,02 ;   6,468016 ;   65,24
768,53 ; 250,08 ;   6,269635 ;   63,01
770,56 ; 250,11 ;   5,559591 ;   56,16
772,60 ; 250,02 ;   5,968935 ;   60,00
774,63 ; 250,08 ;   7,667316 ;   77,53
776,66 ; 250,04 ;   5,566603 ;   56,12
778,70 ; 250,02 ;   6,957345 ;   70,01
780,73 ; 250,00 ;   6,761976 ;   68,15
782,76 ; 250,13 ;   6,661345 ;   67,26
784,80 ; 249,95 ;   4,662804 ;   47,32
786,83 ; 250,11 ;   8,757432 ;   88,50
788,86 ; 250,02 ;   4,274467 ;   43,30
790,89 ; 250,05 ;   7,658276 ;   77,48
792,93 ; 250,02 ;   5,965765 ;   60,53
794,96 ; 250,09 ;   6,769469 ;   68,03
796,99 ; 250,06 ;   5,465299 ;   55,98
799,03 ; 250,02 ;   6,659777 ;   67,64
801,06 ; 250,02 ;   7,067981 ;   71,20
803,09 ; 250,00 ;   6,365247 ;   64,95
805,13 ; 250,04 ;   6,660856 ;   67,18
807,16 ; 250,00 ;   5,861414 ;   59,52
809,19 ; 249,95 ;   6,957092 ;   70,29
811,23 ; 250,06 ;   7,057984 ;   71,79
813,26 ; 250,02 ;   4,868027 ;   49,94
815,29 ; 250,00 ;   7,068558 ;   71,18
817,33 ; 250,06 ;   6,661479 ;   67,17
819,36 ; 250,04 ;   5,570075 ;   56,16
821,39 ; 250,05 ;   6,661140 ;   67,82
823,43 ; 250,04 ;   6,265101 ;   63,58
825,46 ; 249,98 ;   6,469757 ;   65,73
827,49 ; 250,05 ;   7,216203 ;   73,61
829,52 ; 250,10 ;   5,422516 ;   55,24
831,56 ; 250,06 ;   5,537217 ;   56,79
833,59 ; 250,02 ;   6,833341 ;   69,64
835,62 ; 249,82 ;   6,830411 ;   70,00
837,66 ; 248,31 ;   9,216076 ;   93,80
839,69 ; 245,97 ;   12,252994 ;  125,00
841,72 ; 243,72 ;   12,247726 ;  125,00
843,76 ; 241,52 ;   12,251378 ;  125,00
845,79 ; 239,66 ;   12,254906 ;  125,00
847,82 ; 238,16 ;   12,257125 ;  125,00
849,86 ; 236,97 ;   12,256277 ;  125,00
851,89 ; 236,06 ;   12,260089 ;  125,00
853,92 ; 235,35 ;   12,265231 ;  125,00
855,96 ; 234,83 ;   12,265794 ;  125,00
857,99 ; 234,45 ;   12,267972 ;  125,00
860,02 ; 234,23 ;   12,271940 ;  125,00
862,06 ; 234,20 ;   12,270351 ;  125,00
864,09 ; 234,26 ;   12,277086 ;  125,00
866,12 ; 234,45 ;   12,276902 ;  125,00
868,16 ; 234,78 ;   12,275861 ;  124,34
870,19 ; 235,13 ;   10,534851 ;  106,14
872,22 ; 235,57 ;   10,138123 ;  102,19
874,25 ; 236,05 ;   8,849662 ;   89,11
876,29 ; 236,63 ;   8,043145 ;   81,74
878,32 ; 237,20 ;   6,456511 ;   65,01
880,35 ; 237,75 ;   6,050595 ;   61,74
882,39 ; 238,46 ;   6,159000 ;   62,73
884,42 ; 239,07 ;   3,566256 ;   36,18
886,45 ; 239,76 ;   4,457513 ;   45,69
888,49 ; 240,36 ;   2,965467 ;   30,60
890,52 ; 240,98 ;   3,657269 ;   37,97
892,55 ; 241,55 ;   2,963608 ;   30,37
894,59 ; 242,08 ;   3,360096 ;   34,83
896,62 ; 242,56 ;   3,462685 ;   35,34
898,65 ; 243,00 ;   3,765107 ;   38,18
900,69 ; 243,48 ;   4,051386 ;   41,53
902,72 ; 243,86 ;   3,065474 ;   31,77
904,75 ; 244,23 ;   4,262260 ;   43,82
906,78 ; 244,48 ;   4,160458 ;   42,36
908,82 ; 244,75 ;   5,449059 ;   55,42
910,85 ; 245,11 ;   5,149262 ;   52,75
912,88 ; 245,28 ;   3,664450 ;   37,71
914,92 ; 245,46 ;   6,051925 ;   61,84
916,95 ; 245,66 ;   5,849011 ;   59,86
918,98 ; 245,81 ;   5,554407 ;   56,67
921,02 ; 245,97 ;   6,050820 ;   61,10
923,05 ; 246,12 ;   5,951880 ;   60,31
925,08 ; 246,25 ;   5,950969 ;   60,60
927,12 ; 246,34 ;   6,144096 ;   62,07
929,15 ; 246,48 ;   6,548871 ;   66,99
931,18 ; 246,62 ;   5,950998 ;   60,03
933,22 ; 246,73 ;   5,951281 ;   60,38
935,25 ; 246,86 ;   6,244185 ;   63,02
937,28 ; 246,84 ;   5,850758 ;   59,18
939,31 ; 247,08 ;   7,841905 ;   79,63
941,35 ; 247,09 ;   4,363229 ;   44,61
943,38 ; 247,26 ;   7,445046 ;   75,21
945,41 ; 247,27 ;   5,158243 ;   52,18
947,45 ; 247,35 ;   7,239467 ;   73,32
949,48 ; 247,39 ;   6,340715 ;   64,71
951,51 ; 247,39 ;   6,843180 ;   69,98
953,55 ; 247,51 ;   7,445133 ;   75,63
955,58 ; 247,63 ;   5,850647 ;   59,34
957,61 ; 247,66 ;   5,654409 ;   57,51
959,65 ; 247,75 ;   6,949447 ;   70,10
961,68 ; 247,84 ;   6,153906 ;   62,39
963,71 ; 247,90 ;   6,042985 ;   61,94
965,75 ; 247,99 ;   6,348542 ;   64,83
967,78 ; 248,10 ;   5,952619 ;   60,12
969,81 ; 248,20 ;   5,647702 ;   57,32
971,85 ; 248,20 ;   5,648784 ;   57,71
973,88 ; 248,27 ;   7,043806 ;   71,54
975,91 ; 248,31 ;   6,052603 ;   61,80
977,94 ; 248,39 ;   6,451972 ;   65,88
979,98 ; 248,45 ;   5,943363 ;   60,21
982,01 ; 248,50 ;   6,248174 ;   63,08
984,04 ; 248,52 ;   6,147895 ;   62,82
986,08 ; 248,72 ;   6,744506 ;   68,12
988,11 ; 248,72 ;   4,061984 ;   41,44
990,14 ; 248,80 ;   6,749844 ;   68,71
992,18 ; 248,84 ;   5,556319 ;   56,65
994,21 ; 248,84 ;   6,155338 ;   62,73
996,24 ; 248,95 ;   6,747173 ;   68,12
998,28 ; 248,94 ;   5,149089 ;   52,70
1000,31 ; 248,98 ;   6,845743 ;   69,67
1002,34 ; 249,04 ;   6,146583 ;   62,20
1004,38 ; 249,09 ;   5,747986 ;   58,64
1006,41 ; 249,05 ;   5,954165 ;   60,44
1008,44 ; 249,16 ;   7,144301 ;   72,42
1010,47 ; 249,20 ;   5,056472 ;   51,74
1012,51 ; 249,11 ;   5,852420 ;   59,77
1014,54 ; 249,20 ;   7,841959 ;   79,54
1016,57 ; 249,23 ;   5,250668 ;   53,81
1018,61 ; 249,22 ;   6,045507 ;   61,97
1020,64 ; 249,33 ;   6,753059 ;   68,50
1022,67 ; 249,30 ;   4,954200 ;   50,92
1024,71 ; 249,30 ;   6,744802 ;   68,95
1026,74 ; 249,33 ;   6,450996 ;   65,95
1028,77 ; 249,34 ;   6,153443 ;   62,72
1030,81 ; 249,29 ;   6,248274 ;   63,73
1032,84 ; 249,33 ;   7,244345 ;   73,73
1034,87 ; 249,35 ;   5,951176 ;   60,99
1036,91 ; 249,38 ;   6,151783 ;   62,96
1038,94 ; 249,48 ;   6,146596 ;   62,84
1040,97 ; 249,42 ;   5,057461 ;   51,56
1043,00 ; 249,37 ;   7,143883 ;   72,99
1045,04 ; 249,52 ;   7,243277 ;   73,62
1047,07 ; 249,48 ;   4,363018 ;   44,12
1049,10 ; 249,53 ;   7,039005 ;   71,71
1051,14 ; 249,57 ;   5,646826 ;   57,74
1053,17 ; 249,60 ;   5,851348 ;   59,53
1055,20 ; 249,55 ;   5,951658 ;   60,34
1057,24 ; 249,57 ;   7,148217 ;   72,38
1059,27 ; 249,62 ;   6,044240 ;   61,83
1061,30 ; 249,59 ;   5,756916 ;   58,32
1063,34 ; 249,59 ;   6,848460 ;   69,09
1065,37 ; 249,62 ;   6,447576 ;   65,01
1067,40 ; 249,57 ;   5,954132 ;   60,61
1069,44 ; 249,71 ;   7,040855 ;   71,53
1071,47 ; 249,70 ;   4,458669 ;   45,28
1073,50 ; 249,66 ;   6,553421 ;   66,29
1075,53 ; 249,71 ;   6,744063 ;   68,72
1077,57 ; 249,64 ;   5,646929 ;   57,92
1079,60 ; 249,70 ;   7,345148 ;   74,26
1081,63 ; 249,75 ;   5,647665 ;   57,14
1083,67 ; 249,67 ;   5,545757 ;   56,67
1085,70 ; 249,80 ;   7,437340 ;   75,16
1087,73 ; 249,70 ;   4,556240 ;   46,95
1089,77 ; 249,70 ;   7,743776 ;   78,13
1091,80 ; 249,82 ;   6,346621 ;   64,67
1093,83 ; 249,89 ;   4,558010 ;   46,87
1095,87 ; 249,80 ;   5,249361 ;   53,50
1097,90 ; 249,77 ;   7,546025 ;   76,27
1099,93 ; 249,80 ;   6,645872 ;   67,17
1101,97 ; 249,82 ;   5,851091 ;   59,62
1104,00 ; 249,80 ;   6,043949 ;   61,58
1106,03 ; 249,78 ;   6,645502 ;   67,04
1108,06 ; 249,84 ;   6,545145 ;   66,19
1110,10 ; 249,91 ;   5,457452 ;   55,21
1112,13 ; 249,84 ;   5,261493 ;   53,52
1114,16 ; 249,88 ;   7,345966 ;   74,06
1116,20 ; 249,87 ;   5,557197 ;   56,99
1118,23 ; 249,89 ;   6,448772 ;   65,48
1120,26 ; 249,88 ;   5,954806 ;   60,08
1122,30 ; 249,88 ;   6,352199 ;   64,33
1124,33 ; 249,88 ;   6,250101 ;   63,31
1126,36 ; 249,86 ;   6,249452 ;   63,33
1128,40 ; 249,91 ;   6,544084 ;   66,70
1130,43 ; 249,89 ;   5,452358 ;   55,79
1132,46 ; 249,91 ;   6,545372 ;   66,44
1134,50 ; 249,93 ;   5,852325 ;   59,99
1136,53 ; 249,97 ;   5,953192 ;   60,89
1138,56 ; 249,97 ;   5,656207 ;   57,40
1140,59 ; 249,95 ;   6,148734 ;   62,61
1142,63 ; 249,93 ;   6,348599 ;   64,85
1144,66 ; 249,89 ;   6,553545 ;   66,12
1146,69 ; 250,00 ;   6,754025 ;   68,60
1148,73 ; 249,95 ;   4,661491 ;   47,80
1150,76 ; 250,02 ;   6,950561 ;   70,17
1152,79 ; 249,97 ;   5,158952 ;   52,85
1154,83 ; 249,95 ;   6,750057 ;   68,91
1156,86 ; 249,98 ;   6,551750 ;   66,02
1158,89 ; 249,98 ;   5,753292 ;   58,44
1160,93 ; 249,95 ;   6,154615 ;   62,61
1162,96 ; 249,95 ;   6,648205 ;   67,07
1164,99 ; 249,95 ;   6,148889 ;   62,92
1167,03 ; 249,95 ;   6,156686 ;   62,93
1169,06 ; 249,93 ;   6,149954 ;   62,94
1171,09 ; 249,89 ;   6,452675 ;   65,18
1173,12 ; 249,88 ;   6,751405 ;   68,69
1175,16 ; 249,95 ;   6,351314 ;   64,63
1177,19 ; 249,91 ;   5,355975 ;   54,68
1179,22 ; 249,91 ;   6,751597 ;   68,59
1181,26 ; 249,95 ;   6,258131 ;   63,40
1183,29 ; 249,97 ;   5,649301 ;   57,84
1185,32 ; 249,95 ;   5,855784 ;   59,70
1187,36 ; 250,00 ;   6,558530 ;   66,18
1189,39 ; 250,02 ;   5,455286 ;   55,25
1191,42 ; 249,95 ;   5,958426 ;   60,31
1193,46 ; 249,91 ;   7,145214 ;   72,43
1195,49 ; 249,97 ;   6,648925 ;   67,53
1197,52 ; 249,97 ;   5,460117 ;   55,57
1199,56 ; 250,02 ;   6,158502 ;   62,87
1201,59 ; 249,95 ;   5,458410 ;   55,06
1203,62 ; 249,98 ;   7,245545 ;   73,50
1205,65 ; 249,99 ;   5,754576 ;   58,64
1207,69 ; 249,99 ;   5,952747 ;   60,57
1209,72 ; 249,98 ;   6,152465 ;   62,66
1211,75 ; 249,97 ;   6,354006 ;   64,89
1213,79 ; 250,02 ;   6,251532 ;   63,93
1215,82 ; 250,00 ;   5,557078 ;   56,20
1217,85 ; 250,05 ;   6,354379 ;   64,67
1219,89 ; 249,91 ;   5,459660 ;   55,89
1221,92 ; 249,98 ;   8,052063 ;   81,10
1223,95 ; 250,06 ;   5,363398 ;   54,50
1225,99 ; 250,08 ;   4,959194 ;   50,55
1228,02 ; 250,00 ;   5,861220 ;   59,75
1230,05 ; 249,98 ;   7,149793 ;   72,97
1232,09 ; 249,97 ;   6,452289 ;   65,92
1234,12 ; 249,95 ;   6,257851 ;   63,92
1236,15 ; 249,95 ;   6,546834 ;   66,23
1238,18 ; 250,06 ;   6,160715 ;   62,01
1240,22 ; 250,00 ;   4,664398 ;   47,44
1242,25 ; 250,02 ;   6,955862 ;   70,91
1244,28 ; 249,95 ;   5,957050 ;   60,36
1246,32 ; 250,04 ;   7,054282 ;   71,36
1248,35 ; 249,93 ;   4,957624 ;   50,77
1250,38 ; 249,95 ;   7,652447 ;   77,84
1252,42 ; 249,97 ;   5,856454 ;   59,93
1254,45 ; 249,93 ;   5,955519 ;   60,83
1256,48 ; 249,97 ;   6,748217 ;   68,49
1258,52 ; 249,99 ;   5,661233 ;   57,73
1260,55 ; 249,93 ;   5,859107 ;   59,59
1262,58 ; 250,02 ;   7,055016 ;   71,64
1264,62 ; 250,00 ;   5,059472 ;   51,05
1266,65 ; 249,97 ;   6,353911 ;   64,72
1268,68 ; 249,98 ;   6,657342 ;   67,11
1270,71 ; 250,02 ;   6,056819 ;   61,83
1272,75 ; 250,02 ;   5,659987 ;   57,30
1274,78 ; 250,00 ;   6,158906 ;   62,50
1276,81 ; 250,00 ;   6,354660 ;   64,73
1278,85 ; 249,97 ;   6,160159 ;   62,65
1280,88 ; 250,04 ;   6,650008 ;   67,11
1282,91 ; 249,98 ;   5,164581 ;   52,91
1284,95 ; 249,95 ;   7,054082 ;   71,20
1286,98 ; 249,91 ;   6,555190 ;   66,22
1289,01 ; 249,93 ;   6,750794 ;   68,69
1291,05 ; 249,99 ;   6,059712 ;   61,27
1293,08 ; 249,95 ;   5,360003 ;   54,44
1295,11 ; 250,00 ;   6,759687 ;   68,34
1297,15 ; 250,00 ;   5,558299 ;   56,45
1299,18 ; 250,02 ;   6,153494 ;   62,69
1301,21 ; 249,98 ;   5,954252 ;   60,46
1303,24 ; 249,93 ;   6,754359 ;   68,12
1305,28 ; 249,93 ;   6,859940 ;   69,62
1307,31 ; 249,97 ;   6,254080 ;   63,39
1309,34 ; 250,02 ;   5,661808 ;   57,82
1311,38 ; 250,04 ;   5,558125 ;   56,33
1313,41 ; 249,95 ;   5,858143 ;   59,22
1315,44 ; 250,02 ;   7,353520 ;   74,61
1317,48 ; 250,02 ;   5,265796 ;   53,14
1319,51 ; 249,99 ;   6,261273 ;   63,61
1321,54 ; 249,97 ;   6,448491 ;   65,91
1323,58 ; 250,02 ;   6,557039 ;   66,14
1325,61 ; 249,97 ;   5,562555 ;   56,33
1327,64 ; 250,02 ;   6,853294 ;   69,27
1329,67 ; 250,00 ;   5,563007 ;   56,33
1331,71 ; 249,95 ;   6,356492 ;   64,80
1333,74 ; 249,97 ;   6,859181 ;   69,42
1335,77 ; 250,02 ;   5,954575 ;   60,95
1337,81 ; 250,02 ;   5,461827 ;   55,23
1339,84 ; 250,02 ;   6,160938 ;   62,51
1341,87 ; 250,02 ;   6,257245 ;   63,62
1343,91 ; 250,02 ;   6,155369 ;   62,57
1345,94 ; 250,02 ;   6,059959 ;   61,46
1347,97 ; 250,05 ;   6,263415 ;   63,61
1350,01 ; 250,11 ;   5,759554 ;   58,10
1352,04 ; 249,97 ;   5,258808 ;   53,33
1354,07 ; 250,08 ;   8,055770 ;   81,73
1356,11 ; 250,02 ;   4,664789 ;   47,38
1358,14 ; 250,02 ;   6,958851 ;   70,85
1360,17 ; 249,95 ;   6,062658 ;   61,41
1362,20 ; 250,04 ;   7,149308 ;   72,49
1364,24 ; 250,09 ;   4,964260 ;   50,87
1366,27 ; 250,04 ;   5,462319 ;   55,60
1368,30 ; 250,05 ;   6,751935 ;   68,53
1370,34 ; 249,97 ;   6,062838 ;   61,16
1372,37 ; 250,06 ;   7,257412 ;   73,36
1374,40 ; 250,02 ;   4,861483 ;   49,57
1376,44 ; 249,97 ;   6,761873 ;   68,74
1378,47 ; 250,05 ;   6,855629 ;   69,18
1380,50 ; 250,00 ;   5,065482 ;   51,79
1382,54 ; 250,02 ;   6,762248 ;   68,88
1384,57 ; 250,05 ;   5,960110 ;   60,41
1386,60 ; 249,98 ;   5,763483 ;   58,02
1388,64 ; 249,98 ;   7,150664 ;   72,22
1390,67 ; 249,99 ;   6,156079 ;   62,86
1392,70 ; 250,04 ;   5,960046 ;   60,63
1394,73 ; 249,93 ;   5,562682 ;   56,01
1396,77 ; 250,05 ;   7,655555 ;   77,87
1398,80 ; 250,02 ;   4,558681 ;   46,59
1400,83 ; 250,02 ;   6,556277 ;   66,64
1402,87 ; 249,95 ;   6,058259 ;   61,36
1404,90 ; 250,08 ;   7,154135 ;   72,44
1406,93 ; 250,10 ;   4,466962 ;   45,22
1408,97 ; 250,04 ;   5,759435 ;   58,52
1411,00 ; 250,02 ;   6,952974 ;   70,55
1413,03 ; 249,97 ;   6,361544 ;   64,45
1415,07 ; 249,95 ;   6,952146 ;   70,18
1417,10 ; 249,97 ;   6,555067 ;   66,25
1419,13 ; 250,13 ;   5,862759 ;   59,79
1421,16 ; 249,93 ;   3,873180 ;   39,48
1423,20 ; 249,99 ;   8,955005 ;   90,32
1425,23 ; 249,95 ;   5,364491 ;   54,36
1427,26 ; 249,95 ;   6,861988 ;   69,37
1429,30 ; 249,97 ;   6,258583 ;   63,14
1431,33 ; 249,99 ;   5,868940 ;   59,80
1433,36 ; 249,95 ;   5,863741 ;   59,58
1435,40 ; 250,08 ;   6,860803 ;   69,40
1437,43 ; 250,02 ;   4,365409 ;   44,19
1439,46 ; 249,99 ;   6,857438 ;   69,68
1441,50 ; 250,02 ;   6,555768 ;   66,86
1443,53 ; 250,13 ;   5,762088 ;   58,23
1445,56 ; 250,06 ;   4,668537 ;   47,88
1447,60 ; 250,02 ;   6,961906 ;   70,32
1449,63 ; 250,04 ;   6,656560 ;   67,56
1451,66 ; 250,02 ;   5,963187 ;   60,12
1453,69 ; 250,02 ;   6,362927 ;   64,43
1455,73 ; 249,99 ;   6,158772 ;   62,34
1457,76 ; 249,97 ;   6,565657 ;   66,80
1459,79 ; 249,99 ;   6,461781 ;   65,99
1461,83 ; 249,99 ;   5,864512 ;   59,53
1463,86 ; 250,02 ;   6,167475 ;   62,65
1465,89 ; 250,00 ;   5,768756 ;   58,19
1467,93 ; 250,02 ;   6,465381 ;   65,69
1469,96 ; 250,00 ;   5,868773 ;   59,22
1471,99 ; 249,95 ;   6,462690 ;   65,69
1474,03 ; 249,95 ;   6,954595 ;   70,38
1476,06 ; 250,02 ;   6,261444 ;   63,11
1478,09 ; 250,04 ;   5,067806 ;   51,96
1480,13 ; 249,99 ;   5,962901 ;   60,12
1482,16 ; 250,02 ;   6,756901 ;   68,90
1484,19 ; 250,02 ;   5,864207 ;   59,31
1486,22 ; 250,06 ;   6,066061 ;   61,31
1488,26 ; 250,02 ;   5,557636 ;   56,76
1490,29 ; 250,02 ;   6,758985 ;   68,65
1492,32 ; 249,98 ;   6,160181 ;   62,41
1494,36 ; 249,98 ;   6,657274 ;   67,99
1496,39 ; 250,04 ;   6,159896 ;   62,79
1498,42 ; 250,02 ;   5,262014 ;   53,86
1500,46 ; 250,09 ;   6,361664 ;   64,41
1502,49 ; 249,91 ;   5,261822 ;   53,40
1504,52 ; 250,02 ;   8,656013 ;   87,39
1506,56 ; 249,98 ;   4,570096 ;   46,73
1508,59 ; 249,95 ;   6,862650 ;   69,02
1510,62 ; 250,04 ;   6,564505 ;   66,13
1512,65 ; 249,97 ;   4,966948 ;   50,74
1514,69 ; 249,98 ;   7,164035 ;   72,22
1516,72 ; 250,05 ;   6,057524 ;   61,75
1518,75 ; 250,02 ;   5,167900 ;   52,75
1520,79 ; 250,00 ;   6,465463 ;   65,45
1522,82 ; 250,02 ;   6,462159 ;   65,67
1524,85 ; 249,95 ;   5,864786 ;   59,21
1526,89 ; 249,95 ;   7,153260 ;   72,37
1528,92 ; 249,99 ;   6,363104 ;   64,13
1530,95 ; 250,04 ;   5,567478 ;   56,40
1532,99 ; 250,02 ;   5,463506 ;   55,95
1535,02 ; 250,09 ;   6,361626 ;   64,42
1537,05 ; 250,02 ;   5,263291 ;   53,41
1539,09 ; 249,99 ;   7,057691 ;   71,75
1541,12 ; 249,95 ;   6,461382 ;   65,74
1543,15 ; 250,05 ;   6,760041 ;   68,19
1545,18 ; 249,99 ;   4,866222 ;   49,62
1547,22 ; 249,95 ;   6,862163 ;   69,90
1549,25 ; 250,06 ;   6,863853 ;   69,31
1551,28 ; 250,05 ;   4,569629 ;   46,34
1553,32 ; 249,98 ;   6,361882 ;   64,17
1555,35 ; 250,08 ;   7,158953 ;   72,12
1557,38 ; 249,91 ;   4,772598 ;   48,25
1559,42 ; 249,95 ;   8,555710 ;   86,31
1561,45 ; 249,98 ;   5,668122 ;   57,87
1563,48 ; 250,04 ;   5,763435 ;   58,61
1565,52 ; 249,98 ;   5,269404 ;   53,85
1567,55 ; 250,04 ;   7,062866 ;   71,10
1569,58 ; 249,97 ;   5,262151 ;   53,85
1571,62 ; 249,95 ;   7,157279 ;   72,21
1573,65 ; 250,00 ;   6,557587 ;   66,20
1575,68 ; 249,98 ;   5,466120 ;   55,27
1577,71 ; 249,91 ;   6,466656 ;   65,90
1579,75 ; 250,06 ;   7,063537 ;   71,72
1581,78 ; 249,97 ;   4,173712 ;   42,20
1583,81 ; 250,02 ;   7,462595 ;   75,35
1585,85 ; 250,02 ;   5,456489 ;   55,06
1587,88 ; 250,04 ;   6,261649 ;   63,46
1589,91 ; 249,98 ;   5,864738 ;   59,06
1591,95 ; 250,04 ;   7,062461 ;   71,11
1593,98 ; 250,00 ;   5,261851 ;   53,86
1596,01 ; 250,08 ;   6,657463 ;   67,75
1598,05 ; 250,06 ;   5,067143 ;   51,39
1600,08 ; 250,06 ;   6,353778 ;   64,02
1602,11 ; 250,09 ;   6,065287 ;   61,93
1604,14 ; 249,99 ;   5,761996 ;   58,57
1606,18 ; 249,95 ;   7,461094 ;   75,07
1608,21 ; 249,95 ;   6,762296 ;   68,16
1610,24 ; 250,02 ;   6,359676 ;   64,08
1612,28 ; 250,02 ;   5,065088 ;   51,89
1614,31 ; 250,04 ;   6,261228 ;   63,41
1616,34 ; 249,99 ;   5,865198 ;   59,02
1618,38 ; 249,97 ;   6,760408 ;   68,83
1620,41 ; 250,00 ;   6,455777 ;   65,93
1622,44 ; 249,99 ;   5,761591 ;   58,35
1624,48 ; 250,00 ;   6,260162 ;   63,63
1626,51 ; 249,97 ;   6,057548 ;   61,48
1628,54 ; 250,02 ;   6,565852 ;   66,98
1630,58 ; 249,98 ;   5,564871 ;   56,13
1632,61 ; 249,98 ;   6,661429 ;   67,95
1634,64 ; 249,93 ;   6,166179 ;   62,75
1636,67 ; 250,04 ;   6,861539 ;   69,45
1638,71 ; 250,02 ;   4,670024 ;   47,59
1640,74 ; 249,99 ;   6,462763 ;   65,50
1642,77 ; 250,02 ;   6,462350 ;   65,73
1644,81 ; 250,09 ;   5,863878 ;   59,26
1646,84 ; 249,98 ;   5,167420 ;   52,34
1648,87 ; 249,98 ;   7,663912 ;   77,31
1650,91 ; 249,95 ;   6,165262 ;   62,75
1652,94 ; 249,99 ;   6,657453 ;   67,21
1654,97 ; 249,99 ;   5,557088 ;   56,37
1657,01 ; 249,99 ;   6,159134 ;   62,61
1659,04 ; 249,95 ;   6,166565 ;   62,61
1661,07 ; 250,02 ;   6,852096 ;   69,31
1663,10 ; 250,02 ;   5,261763 ;   53,03
1665,14 ; 250,02 ;   6,156545 ;   62,39
1667,17 ; 250,04 ;   6,058078 ;   61,27
1669,20 ; 249,95 ;   5,962677 ;   60,08
1671,24 ; 249,98 ;   7,461448 ;   75,54
1673,27 ; 250,02 ;   5,762672 ;   58,60
1675,30 ; 250,04 ;   5,667501 ;   57,19
1677,34 ; 250,02 ;   5,862899 ;   59,04
1679,37 ; 250,06 ;   6,360168 ;   64,39
1681,40 ; 250,09 ;   5,568175 ;   56,73
1683,44 ; 249,95 ;   5,759585 ;   58,57
1685,47 ; 250,05 ;   7,951744 ;   80,65
1687,50 ; 250,00 ;   4,864272 ;   49,57
1689,53 ; 249,98 ;   6,761662 ;   68,74
1691,57 ; 250,02 ;   6,461851 ;   65,85
1693,60 ; 250,08 ;   5,659202 ;   57,16
1695,63 ; 249,99 ;   5,262030 ;   53,43
1697,67 ; 250,02 ;   7,360830 ;   74,02
1699,70 ; 250,00 ;   5,761643 ;   58,11
1701,73 ; 249,95 ;   6,461939 ;   65,61
1703,77 ; 250,02 ;   6,864222 ;   69,19
1705,80 ; 249,95 ;   5,361417 ;   54,02
1707,83 ; 250,06 ;   7,055902 ;   71,27
1709,87 ; 249,98 ;   4,659992 ;   47,33
1711,90 ; 250,02 ;   7,358776 ;   74,16
1713,93 ; 250,02 ;   5,562785 ;   56,03
1715,97 ; 250,02 ;   6,261376 ;   63,38
1718,00 ; 250,06 ;   6,160438 ;   62,34
1720,03 ; 250,00 ;   5,466628 ;   55,64
1722,06 ; 249,93 ;   6,962495 ;   70,80
1724,10 ; 250,04 ;   7,155561 ;   72,52
1726,13 ; 250,06 ;   4,660597 ;   47,55
1728,16 ; 249,97 ;   5,768354 ;   58,76
1730,20 ; 249,99 ;   7,454316 ;   75,25
1732,23 ; 250,00 ;   5,859898 ;   59,43
1734,26 ; 249,98 ;   6,059340 ;   61,44
1736,30 ; 250,05 ;   6,463620 ;   65,83
1738,33 ; 249,99 ;   5,161442 ;   52,66
1740,36 ; 250,02 ;   6,864495 ;   69,83
1742,40 ; 250,05 ;   5,860113 ;   59,20
1744,43 ; 250,02 ;   5,662610 ;   57,86
1746,46 ; 250,02 ;   6,565462 ;   66,48
1748,50 ; 249,98 ;   6,167143 ;   62,31
1750,53 ; 250,00 ;   6,659246 ;   67,89
1752,56 ; 249,99 ;   5,864385 ;   59,34
1754,59 ; 250,04 ;   6,260740 ;   63,58
1756,63 ; 249,99 ;   5,464480 ;   55,84
1758,66 ; 250,05 ;   6,761458 ;   68,77
1760,69 ; 250,02 ;   5,370294 ;   54,72
1762,73 ; 249,98 ;   6,564343 ;   66,46
1764,76 ; 249,95 ;   6,657615 ;   67,88
1766,79 ; 249,99 ;   6,556094 ;   66,03
1768,83 ; 250,02 ;   5,668046 ;   57,33
1770,86 ; 249,98 ;   5,763893 ;   58,08
1772,89 ; 249,93 ;   6,758053 ;   68,93
1774,93 ; 250,00 ;   6,863970 ;   69,38
1776,96 ; 249,97 ;   5,262311 ;   53,11
1778,99 ; 249,98 ;   6,566401 ;   66,94
1781,02 ; 250,04 ;   6,066336 ;   61,67
1783,06 ; 249,95 ;   5,261326 ;   53,78
1785,09 ; 250,02 ;   7,361877 ;   74,38
1787,12 ; 250,05 ;   5,365552 ;   54,01
1789,16 ; 249,98 ;   5,668449 ;   57,87
1791,19 ; 250,00 ;   7,159798 ;   72,07
1793,22 ; 250,00 ;   5,861805 ;   59,36
1795,26 ; 249,98 ;   6,167774 ;   62,48
1797,29 ; 250,02 ;   6,455264 ;   65,83
1799,32 ; 250,02 ;   5,669512 ;   57,13
1801,36 ; 250,05 ;   6,159471 ;   62,33
1803,39 ; 249,98 ;   5,667401 ;   57,86
1805,42 ; 250,02 ;   7,159005 ;   72,06
1807,45 ; 250,08 ;   5,668925 ;   57,12
1809,49 ; 250,02 ;   5,271094 ;   53,40
1811,52 ; 250,00 ;   6,859258 ;   69,51
1813,55 ; 249,98 ;   6,454706 ;   65,57
1815,59 ; 249,99 ;   6,464051 ;   65,80
1817,62 ; 250,06 ;   5,956914 ;   60,45
1819,65 ; 250,04 ;   5,169312 ;   52,49
1821,69 ; 249,98 ;   6,457938 ;   65,19
1823,72 ; 249,99 ;   6,964737 ;   70,99
1825,75 ; 249,99 ;   5,966059 ;   60,44
1827,79 ; 249,98 ;   6,160689 ;   62,52
1829,82 ; 250,02 ;   6,361462 ;   64,75
1831,85 ; 250,05 ;   5,661008 ;   57,10
1833,89 ; 249,95 ;   5,659924 ;   57,84
1835,92 ; 249,93 ;   7,556046 ;   76,50
1837,95 ; 249,95 ;   6,466509 ;   65,21
1839,98 ; 249,91 ;   5,864003 ;   59,79
1842,02 ; 249,99 ;   6,758559 ;   68,50
1844,05 ; 249,98 ;   5,171067 ;   52,16
1846,08 ; 249,99 ;   6,361502 ;   64,79
1848,12 ; 249,99 ;   5,966467 ;   60,49
1850,15 ; 250,05 ;   6,168740 ;   62,57
1852,18 ; 250,11 ;   5,366035 ;   54,76
1854,22 ; 250,15 ;   5,270651 ;   53,10
1856,25 ; 249,95 ;   5,464509 ;   55,83
1858,28 ; 249,93 ;   8,751053 ;   88,89
1860,32 ; 249,99 ;   6,564801 ;   66,25
1862,35 ; 250,02 ;   5,366150 ;   54,22
1864,38 ; 250,05 ;   5,861221 ;   59,19
1866,42 ; 250,00 ;   5,660767 ;   57,84
1868,45 ; 250,04 ;   6,762416 ;   68,69
1870,48 ; 249,95 ;   5,566064 ;   56,87
1872,51 ; 250,02 ;   7,457483 ;   75,46
1874,55 ; 250,02 ;   5,171967 ;   52,94
1876,58 ; 249,98 ;   6,168110 ;   62,30
1878,61 ; 250,06 ;   6,661384 ;   67,88
1880,65 ; 249,99 ;   4,968720 ;   50,40
1882,68 ; 249,95 ;   7,059317 ;   71,88
1884,71 ; 249,95 ;   6,768348 ;   68,10
1886,75 ; 250,00 ;   6,359868 ;   64,02
1888,78 ; 249,98 ;   5,466316 ;   55,18
1890,81 ; 250,00 ;   6,456626 ;   65,81
1892,84 ; 249,98 ;   5,862946 ;   59,34
1894,88 ; 250,02 ;   6,462553 ;   65,81
1896,91 ; 249,99 ;   5,558779 ;   56,00
1898,94 ; 249,97 ;   6,557869 ;   66,70
1900,98 ; 250,00 ;   6,466229 ;   65,89
1903,01 ; 250,00 ;   5,764613 ;   58,31
1905,04 ; 250,05 ;   6,159601 ;   62,47
1907,08 ; 250,00 ;   5,465630 ;   55,77
1909,11 ; 250,05 ;   6,763961 ;   68,70
1911,14 ; 249,99 ;   5,464663 ;   55,77
1913,18 ; 250,02 ;   6,865061 ;   69,81
1915,21 ; 250,09 ;   5,871275 ;   59,18
1917,24 ; 250,04 ;   5,162785 ;   52,26
1919,28 ; 250,04 ;   6,762085 ;   68,31
1921,31 ; 249,97 ;   6,161948 ;   62,06
1923,34 ; 250,08 ;   7,157784 ;   72,09
1925,37 ; 249,97 ;   4,664370 ;   47,11
1927,41 ; 249,99 ;   7,657075 ;   77,29
1929,44 ; 249,97 ;   5,871237 ;   59,38
1931,47 ; 250,04 ;   6,467216 ;   65,85
1933,51 ; 249,88 ;   5,169818 ;   52,69
1935,54 ; 249,97 ;   8,353469 ;   84,37
1937,57 ; 250,02 ;   5,060948 ;   51,31
1939,61 ; 249,89 ;   5,366190 ;   54,94
1941,64 ; 250,05 ;   8,059972 ;   81,20
1943,67 ; 250,04 ;   4,069112 ;   41,20
1945,71 ; 249,99 ;   6,261604 ;   63,12
1947,74 ; 249,98 ;   6,760906 ;   68,77
1949,77 ; 250,05 ;   6,365774 ;   64,76
1951,81 ; 249,95 ;   5,168682 ;   52,64
1953,84 ; 249,97 ;   7,557377 ;   76,50
1955,87 ; 250,00 ;   5,866165 ;   59,64
1957,90 ; 249,91 ;   5,760274 ;   58,30
1959,94 ; 249,95 ;   7,455419 ;   75,86
1961,97 ; 250,10 ;   5,669883 ;   57,80
1964,00 ; 249,99 ;   3,966885 ;   40,71
1966,04 ; 250,04 ;   7,659905 ;   77,11
1968,07 ; 249,99 ;   5,466120 ;   55,85
1970,10 ; 249,97 ;   6,763771 ;   68,78
1972,14 ; 250,00 ;   6,465350 ;   65,89
1974,17 ; 249,88 ;   5,764211 ;   58,31
1976,20 ; 249,99 ;   7,860219 ;   79,21
1978,24 ; 250,00 ;   4,671400 ;   48,00
1980,27 ; 249,98 ;   6,058555 ;   61,45
1982,30 ; 249,97 ;   6,458445 ;   65,84
1984,33 ; 250,00 ;   6,263356 ;   63,84
1986,37 ; 249,97 ;   5,762550 ;   58,34
1988,40 ; 249,98 ;   6,559473 ;   66,97
1990,43 ; 250,00 ;   6,060555 ;   61,69
1992,47 ; 250,02 ;   5,862771 ;   59,39
1994,50 ; 250,04 ;   5,867368 ;   59,16
1996,53 ; 249,95 ;   5,969019 ;   60,05
1998,57 ; 250,05 ;   7,364592 ;   74,39
2000,60 ; 249,99 ;   4,867432 ;   49,56
2002,63 ; 249,95 ;   6,866822 ;   69,85
2004,67 ; 250,06 ;   6,861606 ;   69,27
2006,70 ; 249,99 ;   4,561750 ;   46,30
2008,73 ; 249,95 ;   7,057232 ;   71,94
2010,76 ; 250,02 ;   6,765225 ;   68,15
2012,80 ; 250,00 ;   5,172136 ;   52,91
2014,83 ; 250,04 ;   6,463572 ;   65,63
2016,86 ; 249,97 ;   5,570506 ;   56,93
2018,90 ; 250,06 ;   7,166692 ;   72,16
2020,93 ; 250,04 ;   4,867354 ;   49,42
2022,96 ; 250,02 ;   6,466185 ;   65,24
2025,00 ; 250,00 ;   6,468924 ;   65,46
2027,03 ; 250,06 ;   6,363694 ;   64,56
2029,06 ; 250,02 ;   5,272600 ;   53,55
2031,10 ; 250,10 ;   6,669697 ;   67,45
2033,13 ; 250,04 ;   5,070092 ;   51,08
2035,16 ; 249,99 ;   6,967835 ;   70,40
2037,20 ; 249,95 ;   6,761674 ;   68,76
2039,23 ; 250,05 ;   6,867057 ;   69,21
2041,26 ; 250,00 ;   4,773794 ;   48,47
2043,29 ; 249,99 ;   6,765940 ;   68,69
2045,33 ; 249,97 ;   6,272029 ;   63,56
2047,36 ; 249,91 ;   6,465744 ;   65,87
2049,39 ; 249,99 ;   7,059222 ;   71,68
2051,43 ; 249,98 ;   5,071776 ;   51,10
2053,46 ; 250,02 ;   6,372796 ;   64,78
2055,49 ; 249,97 ;   5,570068 ;   56,01
2057,53 ; 249,99 ;   6,966032 ;   70,06
2059,56 ; 249,99 ;   5,873393 ;   59,43
2061,59 ; 249,99 ;   6,163374 ;   62,55
2063,63 ; 250,05 ;   6,170842 ;   62,56
2065,66 ; 250,00 ;   5,368384 ;   54,75
2067,69 ; 250,04 ;   6,761141 ;   68,72
2069,72 ; 250,00 ;   5,560059 ;   56,89
2071,76 ; 249,91 ;   6,662563 ;   67,67
2073,79 ; 249,98 ;   7,364903 ;   74,74
2075,82 ; 250,00 ;   5,368147 ;   54,38
2077,86 ; 250,02 ;   5,872097 ;   59,36
2079,89 ; 250,04 ;   5,966894 ;   60,25
2081,92 ; 250,08 ;   5,762199 ;   58,98
2083,96 ; 250,04 ;   5,561184 ;   56,52
2085,99 ; 250,05 ;   6,661710 ;   67,29
2088,02 ; 250,02 ;   5,959215 ;   60,96
2090,06 ; 250,10 ;   6,564749 ;   66,46
2092,09 ; 250,00 ;   4,968889 ;   50,02
2094,12 ; 249,98 ;   7,465740 ;   75,95
2096,15 ; 250,02 ;   6,456960 ;   65,78
2098,19 ; 250,02 ;   5,465687 ;   55,96
2100,22 ; 249,95 ;   6,264242 ;   63,32
2102,25 ; 250,08 ;   7,162516 ;   72,31
2104,29 ; 249,98 ;   4,274984 ;   43,98
2106,32 ; 249,97 ;   7,565184 ;   76,17
2108,35 ; 249,93 ;   6,263755 ;   63,77
2110,39 ; 249,91 ;   6,764495 ;   68,32
2112,42 ; 249,97 ;   6,567354 ;   66,47
2114,45 ; 249,97 ;   5,367445 ;   54,44
2116,49 ; 250,00 ;   6,169868 ;   62,77
2118,52 ; 249,95 ;   5,764340 ;   58,31
2120,55 ; 250,05 ;   6,861465 ;   69,17
2122,59 ; 249,98 ;   4,867104 ;   49,54
2124,62 ; 249,98 ;   7,159113 ;   72,06
2126,65 ; 249,95 ;   6,162246 ;   62,70
2128,68 ; 249,97 ;   6,659713 ;   67,17
2130,72 ; 249,99 ;   5,866745 ;   59,67
2132,75 ; 250,00 ;   5,864908 ;   59,45
2134,78 ; 250,02 ;   6,067020 ;   61,45
2136,82 ; 249,97 ;   5,964822 ;   60,26
2138,85 ; 250,02 ;   6,861187 ;   69,04
2140,88 ; 250,04 ;   5,366242 ;   54,99
2142,92 ; 250,06 ;   5,959699 ;   60,03
2144,95 ; 250,05 ;   5,770890 ;   58,76
2146,98 ; 249,97 ;   6,366556 ;   64,10
2149,02 ; 250,02 ;   7,263948 ;   73,17
2151,05 ; 250,02 ;   5,571086 ;   56,07
2153,08 ; 249,95 ;   6,067827 ;   61,20
2155,11 ; 250,04 ;   7,163001 ;   72,28
2157,15 ; 249,99 ;   4,974626 ;   50,64
2159,18 ; 249,95 ;   6,764240 ;   68,78
2161,21 ; 249,99 ;   6,759538 ;   68,12
2163,25 ; 250,02 ;   5,662111 ;   57,35
2165,28 ; 250,08 ;   5,868431 ;   59,20
2167,31 ; 250,04 ;   5,265094 ;   53,40
2169,35 ; 250,09 ;   6,660525 ;   67,29
2171,38 ; 250,05 ;   5,469485 ;   55,38
2173,41 ; 250,05 ;   6,669834 ;   67,19
2175,45 ; 250,00 ;   6,068636 ;   61,98
2177,48 ; 250,05 ;   6,762806 ;   68,66
2179,51 ; 250,00 ;   5,468848 ;   55,73
2181,54 ; 250,05 ;   6,760802 ;   68,66
2183,58 ; 250,02 ;   5,469298 ;   55,72
2185,61 ; 250,04 ;   6,567059 ;   66,42
2187,64 ; 250,02 ;   5,764231 ;   58,91
2189,68 ; 250,05 ;   6,457904 ;   65,37
2191,71 ; 250,00 ;   5,670678 ;   57,78
2193,74 ; 250,04 ;   6,760690 ;   68,63
2195,78 ; 249,99 ;   5,570863 ;   56,81
2197,81 ; 250,05 ;   6,760702 ;   68,70
2199,84 ; 250,02 ;   5,366940 ;   54,65
2201,88 ; 249,95 ;   6,560764 ;   66,38
2203,91 ; 250,00 ;   7,059611 ;   71,15
2205,94 ; 250,08 ;   5,571259 ;   56,14
2207,98 ; 250,04 ;   5,068794 ;   51,22
2210,01 ; 250,00 ;   6,662350 ;   67,19
2212,04 ; 249,89 ;   6,663315 ;   67,56
2214,07 ; 250,04 ;   7,661866 ;   77,98
2216,11 ; 249,98 ;   4,174652 ;   42,23
2218,14 ; 249,98 ;   6,968061 ;   70,92
2220,17 ; 249,91 ;   6,168445 ;   62,60
2222,21 ; 249,95 ;   7,162203 ;   72,65
2224,24 ; 249,98 ;   5,672089 ;   57,72
2226,27 ; 250,04 ;   5,765197 ;   58,47
2228,31 ; 249,98 ;   5,265317 ;   53,70
2230,34 ; 249,95 ;   6,967742 ;   70,95
2232,37 ; 249,98 ;   6,660640 ;   67,10
2234,41 ; 249,95 ;   5,773643 ;   58,48
2236,44 ; 250,04 ;   6,662484 ;   67,11
2238,47 ; 249,98 ;   4,868785 ;   49,56
2240,50 ; 249,95 ;   6,968086 ;   70,97
2242,54 ; 250,05 ;   6,669232 ;   67,12
2244,57 ; 249,98 ;   4,767795 ;   48,46
2246,60 ; 250,00 ;   7,161791 ;   72,02
2248,64 ; 250,04 ;   5,868443 ;   59,31
2250,67 ; 249,91 ;   5,572708 ;   56,85
2252,70 ; 249,95 ;   8,067847 ;   81,02
2254,74 ; 249,97 ;   5,671917 ;   57,77
2256,77 ; 249,89 ;   5,869037 ;   59,63
2258,80 ; 249,99 ;   7,270763 ;   73,91
2260,84 ; 250,04 ;   4,868911 ;   49,02
2262,87 ; 250,02 ;   5,472116 ;   55,86
2264,90 ; 250,05 ;   6,364097 ;   64,32
2266,93 ; 250,00 ;   5,772588 ;   58,89
2268,97 ; 250,02 ;   6,763050 ;   68,70
2271,00 ; 250,13 ;   5,868015 ;   59,11
2273,03 ; 250,00 ;   4,672427 ;   47,71
2275,07 ; 250,05 ;   7,863529 ;   79,08
2277,10 ; 250,02 ;   5,471773 ;   55,74
2279,13 ; 250,00 ;   6,465911 ;   65,32
2281,17 ; 250,02 ;   6,469345 ;   65,54
2283,20 ; 250,06 ;   5,968413 ;   60,19
2285,23 ; 250,02 ;   5,472207 ;   55,57
2287,27 ; 250,00 ;   6,773421 ;   68,50
2289,30 ; 250,04 ;   6,366568 ;   64,48
2291,33 ; 249,99 ;   5,570217 ;   56,82
2293,36 ; 250,02 ;   6,772999 ;   68,72
2295,40 ; 249,99 ;   5,865029 ;   59,13
2297,43 ; 249,99 ;   6,470744 ;   65,59
2299,46 ; 250,00 ;   6,170151 ;   62,47
2301,50 ; 250,04 ;   6,070916 ;   61,36
2303,53 ; 250,02 ;   5,561606 ;   56,82
2305,56 ; 250,02 ;   6,367404 ;   64,25
2307,60 ; 250,02 ;   6,165183 ;   62,16
2309,63 ; 249,99 ;   6,274113 ;   63,27
2311,66 ; 250,00 ;   6,466594 ;   65,58
2313,70 ; 249,95 ;   6,071729 ;   61,34
2315,73 ; 250,04 ;   6,868468 ;   69,08
2317,76 ; 249,95 ;   4,968040 ;   50,57
2319,80 ; 250,00 ;   7,465733 ;   75,40
2321,83 ; 249,95 ;   5,472261 ;   55,11
2323,86 ; 250,02 ;   6,863199 ;   69,09
2325,89 ; 249,97 ;   5,265080 ;   53,93
2327,93 ; 250,02 ;   6,763754 ;   68,94
2329,96 ; 250,00 ;   5,571770 ;   56,01
2331,99 ; 249,95 ;   6,366037 ;   64,48
2334,03 ; 249,99 ;   6,970711 ;   70,21
2336,06 ; 249,98 ;   5,572551 ;   56,25
2338,09 ; 249,97 ;   6,364847 ;   64,72
2340,13 ; 250,05 ;   6,263827 ;   63,76
2342,16 ; 250,02 ;   5,069884 ;   51,56
2344,19 ; 250,00 ;   6,570196 ;   66,43
2346,23 ; 249,99 ;   6,365314 ;   64,49
2348,26 ; 250,06 ;   6,266172 ;   63,53
2350,29 ; 250,02 ;   5,172460 ;   52,44
2352,33 ; 250,00 ;   6,661995 ;   67,38
2354,36 ; 250,17 ;   6,469936 ;   65,52
2356,39 ; 250,04 ;   3,672062 ;   37,84
2358,42 ; 250,02 ;   7,862635 ;   79,68
2360,46 ; 250,00 ;   6,366837 ;   64,22
2362,49 ; 250,00 ;   6,470311 ;   65,48
2364,52 ; 250,05 ;   6,171292 ;   62,36
2366,56 ; 249,95 ;   5,470093 ;   55,66
2368,59 ; 249,99 ;   7,466257 ;   75,28
2370,62 ; 250,00 ;   5,672983 ;   57,23
2372,66 ; 250,06 ;   6,072291 ;   61,32
2374,69 ; 249,98 ;   5,265848 ;   53,43
2376,72 ; 250,00 ;   7,367606 ;   74,01
2378,76 ; 250,04 ;   5,867867 ;   59,23
2380,79 ; 250,00 ;   5,568492 ;   56,77
2382,82 ; 250,04 ;   6,661981 ;   67,54
2384,85 ; 250,05 ;   5,562760 ;   56,76
2386,89 ; 250,02 ;   5,968874 ;   60,84
2388,92 ; 250,04 ;   6,465598 ;   65,22
2390,95 ; 250,05 ;   5,866983 ;   59,87
2392,99 ; 250,08 ;   5,966906 ;   60,83
2395,02 ; 249,99 ;   5,670476 ;   57,39
2397,05 ; 250,00 ;   7,259881 ;   73,81
2399,09 ; 250,00 ;   6,061534 ;   61,26
2401,12 ; 249,97 ;   6,171349 ;   62,30
2403,15 ; 250,06 ;   6,571669 ;   66,76
2405,19 ; 249,95 ;   4,875498 ;   49,22
2407,22 ; 250,00 ;   7,763958 ;   78,43
2409,25 ; 249,93 ;   5,469311 ;   55,02
2411,28 ; 249,97 ;   7,169540 ;   72,35
2413,32 ; 249,99 ;   5,662768 ;   57,42
2415,35 ; 249,99 ;   5,868520 ;   59,28
2417,38 ; 249,89 ;   6,163240 ;   62,40
2419,42 ; 249,95 ;   7,567489 ;   76,91
2421,45 ; 250,00 ;   5,472797 ;   55,59
2423,48 ; 250,04 ;   5,467667 ;   55,07
2425,52 ; 249,99 ;   5,571113 ;   56,77
2427,55 ; 250,06 ;   6,764755 ;   68,66
2429,58 ; 250,04 ;   5,163879 ;   52,38
2431,62 ; 250,02 ;   6,469513 ;   65,08
2433,65 ; 250,04 ;   6,366725 ;   64,18
2435,68 ; 250,02 ;   5,869411 ;   59,87
2437,72 ; 249,98 ;   6,468737 ;   65,29
2439,75 ; 250,00 ;   6,663876 ;   67,74
2441,78 ; 250,00 ;   5,869723 ;   59,20
2443,81 ; 250,04 ;   6,170961 ;   62,32
2445,85 ; 250,02 ;   5,572382 ;   56,74
2447,88 ; 250,05 ;   6,465908 ;   65,28
2449,91 ; 250,02 ;   5,664267 ;   57,70
2451,95 ; 250,00 ;   6,469315 ;   65,20
2453,98 ; 249,98 ;   6,467633 ;   65,42
2456,01 ; 250,00 ;   6,468076 ;   65,64
2458,05 ; 249,93 ;   5,869518 ;   59,18
2460,08 ; 249,97 ;   7,161569 ;   72,35
2462,11 ; 249,99 ;   5,663263 ;   57,42
2464,15 ; 250,06 ;   5,869099 ;   59,27
2466,18 ; 250,00 ;   5,174638 ;   52,35
2468,21 ; 250,02 ;   6,968315 ;   70,63
2470,24 ; 250,05 ;   5,966827 ;   60,08
2472,28 ; 250,02 ;   5,662685 ;   57,69
2474,31 ; 249,99 ;   6,562391 ;   66,31
2476,34 ; 249,97 ;   6,470118 ;   65,49
2478,38 ; 250,02 ;   6,459102 ;   65,72
2480,41 ; 250,00 ;   5,467592 ;   55,91
2482,44 ; 249,95 ;   6,367823 ;   64,38
2484,48 ; 250,04 ;   6,764871 ;   69,00
2486,51 ; 249,99 ;   4,971112 ;   50,49
2488,54 ; 250,05 ;   6,764323 ;   68,62
2490,58 ; 250,04 ;   5,369679 ;   54,57
2492,61 ; 250,05 ;   6,164735 ;   62,96
2494,64 ; 250,05 ;   5,971326 ;   60,80
2496,67 ; 249,98 ;   6,071930 ;   61,83
2498,71 ; 250,00 ;   7,069818 ;   71,86
2500,74 ; 250,02 ;   5,867837 ;   59,15
2502,77 ; 249,99 ;   5,774858 ;   58,93
2504,81 ; 250,05 ;   6,571770 ;   66,51
2506,84 ; 249,95 ;   5,375973 ;   54,53
2508,87 ; 249,99 ;   7,562722 ;   76,31
2510,91 ; 250,00 ;   5,569026 ;   56,11
2512,94 ; 249,99 ;   6,061708 ;   61,24
2514,97 ; 249,95 ;   6,266237 ;   63,39
2517,01 ; 249,97 ;   6,869550 ;   69,05
2519,04 ; 249,98 ;   5,864140 ;   59,47
2521,07 ; 249,91 ;   6,062993 ;   61,48
2523,10 ; 249,97 ;   7,069169 ;   71,45
2525,14 ; 249,93 ;   5,466575 ;   55,33
2527,17 ; 250,00 ;   6,766939 ;   68,20
2529,20 ; 250,02 ;   5,164695 ;   52,96
2531,24 ; 249,95 ;   5,775397 ;   58,98
2533,27 ; 250,02 ;   7,266163 ;   73,26
2535,30 ; 250,06 ;   5,174336 ;   52,81
2537,34 ; 250,05 ;   5,466930 ;   55,49
2539,37 ; 250,02 ;   6,267935 ;   63,95
2541,40 ; 249,95 ;   6,468103 ;   65,21
2543,44 ; 249,98 ;   7,162550 ;   72,13
2545,47 ; 249,95 ;   5,868108 ;   59,42
2547,50 ; 250,00 ;   6,671663 ;   67,01
2549,54 ; 250,00 ;   5,467025 ;   55,05
2551,57 ; 249,97 ;   6,164953 ;   62,33
2553,60 ; 249,95 ;   6,568815 ;   66,80
2555,63 ; 250,02 ;   6,366474 ;   64,87
2557,67 ; 250,04 ;   5,267279 ;   53,87
2559,70 ; 249,97 ;   5,766020 ;   58,84
2561,73 ; 249,95 ;   7,170174 ;   72,00
2563,77 ; 250,02 ;   6,366769 ;   64,87
2565,80 ; 250,05 ;   5,174856 ;   52,75
2567,83 ; 249,99 ;   5,772895 ;   58,77
2569,87 ; 249,93 ;   6,868122 ;   69,70
2571,90 ; 250,04 ;   7,070096 ;   71,34
2573,93 ; 250,05 ;   4,672342 ;   47,41
2575,97 ; 249,99 ;   5,968419 ;   60,85
2578,00 ; 249,99 ;   6,874148 ;   69,69
2580,03 ; 249,97 ;   6,171754 ;   62,41
2582,06 ; 249,99 ;   6,470229 ;   65,76
2584,10 ; 250,02 ;   5,874062 ;   59,30
2586,13 ; 249,95 ;   5,867651 ;   59,07
2588,16 ; 249,95 ;   7,170110 ;   72,24
2590,20 ; 249,99 ;   6,061356 ;   61,76
2592,23 ; 249,93 ;   5,666373 ;   57,23
2594,26 ; 250,05 ;   7,069113 ;   71,37
2596,30 ; 250,02 ;   4,570142 ;   46,32
2598,33 ; 250,10 ;   6,461311 ;   65,26
2600,36 ; 250,02 ;   4,971080 ;   50,97
2602,40 ; 250,00 ;   7,263950 ;   73,64
2604,43 ; 249,99 ;   6,364584 ;   64,42
2606,46 ; 249,99 ;   6,271832 ;   63,46
2608,50 ; 250,00 ;   6,165508 ;   62,42
2610,53 ; 250,02 ;   6,069668 ;   61,30
2612,56 ; 249,97 ;   5,969748 ;   60,11
2614,59 ; 249,95 ;   6,763369 ;   68,88
2616,63 ; 249,93 ;   6,367603 ;   64,88
2618,66 ; 250,00 ;   6,560875 ;   66,15
2620,69 ; 249,95 ;   5,276408 ;   53,00
2622,73 ; 249,95 ;   6,863569 ;   69,06
2624,76 ; 250,02 ;   6,165503 ;   62,83
2626,79 ; 249,99 ;   5,275060 ;   53,91
2628,83 ; 249,99 ;   6,468235 ;   65,58
2630,86 ; 249,99 ;   6,164498 ;   62,46
2632,89 ; 249,95 ;   6,171520 ;   62,46
2634,93 ; 250,00 ;   6,764156 ;   68,04
2636,96 ; 249,97 ;   5,562010 ;   56,15
2638,99 ; 250,02 ;   6,571780 ;   66,85
2641,02 ; 250,05 ;   5,571402 ;   56,00
2643,06 ; 250,02 ;   5,671981 ;   57,78
2645,09 ; 250,09 ;   6,568260 ;   66,40
2647,12 ; 250,05 ;   5,165198 ;   52,19
2649,16 ; 249,98 ;   6,671231 ;   67,12
2651,19 ; 250,08 ;   7,069570 ;   71,95
2653,22 ; 250,08 ;   4,775870 ;   48,08
2655,26 ; 249,95 ;   6,062472 ;   61,59
2657,29 ; 250,02 ;   7,863015 ;   79,45
2659,32 ; 250,02 ;   5,172069 ;   52,75
2661,36 ; 250,06 ;   6,266087 ;   63,23
2663,39 ; 250,02 ;   5,472934 ;   55,49
2665,42 ; 250,08 ;   6,672358 ;   67,30
2667,45 ; 250,06 ;   5,375896 ;   54,28
2669,49 ; 249,99 ;   6,264242 ;   63,79
2671,52 ; 250,08 ;   7,069693 ;   71,74
2673,55 ; 250,02 ;   4,971477 ;   50,11
2675,59 ; 250,02 ;   6,863289 ;   69,35
2677,62 ; 250,02 ;   6,164730 ;   62,06
2679,65 ; 250,02 ;   6,171667 ;   62,05
2681,69 ; 249,95 ;   6,163688 ;   62,05
2683,72 ; 250,08 ;   7,171522 ;   72,09
2685,75 ; 250,02 ;   4,367711 ;   44,88
2687,79 ; 250,02 ;   6,867940 ;   69,32
2689,82 ; 249,98 ;   6,263244 ;   63,15
2691,85 ; 249,99 ;   6,669373 ;   67,69
2693,89 ; 249,98 ;   5,959320 ;   60,26
2695,92 ; 250,02 ;   6,370562 ;   64,57
2697,95 ; 250,00 ;   5,569218 ;   56,91
2699,98 ; 249,97 ;   6,366830 ;   64,35
2702,02 ; 249,93 ;   6,562856 ;   66,73
2704,05 ; 250,02 ;   6,765166 ;   68,16
2706,08 ; 250,02 ;   4,970881 ;   50,69
2708,12 ; 250,02 ;   6,171768 ;   62,13
2710,15 ; 250,02 ;   6,062938 ;   61,01
2712,18 ; 250,00 ;   6,271532 ;   63,16
2714,22 ; 249,98 ;   6,367417 ;   64,35
2716,25 ; 250,00 ;   6,459803 ;   65,62
2718,28 ; 250,05 ;   5,864870 ;   59,15
2720,32 ; 250,02 ;   5,471128 ;   55,58
2722,35 ; 249,97 ;   6,569910 ;   66,28
2724,38 ; 250,02 ;   6,774102 ;   68,81
2726,41 ; 249,98 ;   5,376323 ;   54,76
2728,45 ; 249,95 ;   6,772798 ;   68,74
2730,48 ; 249,93 ;   6,469796 ;   65,84
2732,51 ; 250,02 ;   6,563527 ;   66,08
2734,55 ; 250,05 ;   4,868406 ;   49,57
2736,58 ; 249,95 ;   5,763424 ;   58,71
2738,61 ; 250,06 ;   7,468394 ;   75,22
2740,65 ; 250,10 ;   4,663984 ;   47,12
2742,68 ; 250,05 ;   5,562248 ;   56,09
2744,71 ; 249,89 ;   6,868848 ;   69,09
2746,75 ; 250,02 ;   8,363860 ;   84,12
2748,78 ; 249,95 ;   4,471493 ;   45,48
2750,81 ; 250,02 ;   7,062716 ;   71,04
2752,84 ; 249,95 ;   5,166404 ;   52,68
2754,88 ; 250,00 ;   7,163421 ;   72,09
2756,91 ; 250,02 ;   5,561550 ;   56,04
2758,94 ; 250,02 ;   5,764194 ;   58,93
2760,98 ; 250,02 ;   6,164102 ;   62,05
2763,01 ; 250,00 ;   6,171568 ;   62,04
2765,04 ; 249,95 ;   6,472150 ;   65,39
2767,08 ; 249,99 ;   6,772264 ;   68,96
2769,11 ; 249,98 ;   5,672942 ;   57,14
2771,14 ; 250,02 ;   6,366120 ;   64,58
2773,18 ; 250,02 ;   5,467569 ;   55,81
2775,21 ; 250,00 ;   6,165867 ;   62,05
2777,24 ; 249,97 ;   6,468148 ;   65,39
2779,27 ; 250,11 ;   6,563731 ;   66,74
2781,31 ; 250,02 ;   4,174562 ;   42,49
2783,34 ; 249,99 ;   7,365613 ;   74,59
2785,37 ; 250,02 ;   6,468268 ;   65,45
2787,41 ; 250,00 ;   5,765790 ;   58,98
2789,44 ; 250,02 ;   6,370297 ;   64,33
2791,47 ; 250,02 ;   5,965782 ;   60,02
2793,51 ; 249,99 ;   6,165055 ;   62,10
2795,54 ; 249,95 ;   6,468667 ;   65,45
2797,57 ; 250,02 ;   6,664624 ;   67,91
2799,61 ; 250,06 ;   5,267651 ;   53,78
2801,64 ; 250,02 ;   5,472827 ;   55,41
2803,67 ; 250,05 ;   6,774459 ;   68,34
2805,71 ; 250,09 ;   5,673871 ;   57,63
2807,74 ; 250,05 ;   5,572975 ;   56,20
2809,77 ; 250,05 ;   6,568834 ;   66,97
2811,80 ; 249,99 ;   6,064535 ;   61,76
2813,84 ; 249,99 ;   6,864560 ;   69,56
2815,87 ; 249,99 ;   6,165987 ;   62,28
2817,90 ; 249,98 ;   6,171151 ;   62,28
2819,94 ; 249,91 ;   6,368513 ;   64,51
2821,97 ; 249,95 ;   7,061031 ;   71,37
2824,00 ; 249,95 ;   5,768410 ;   58,60
2826,04 ; 250,00 ;   6,173606 ;   62,76
2828,07 ; 249,93 ;   5,370251 ;   54,97
2830,10 ; 249,99 ;   7,170788 ;   72,29
2832,14 ; 250,00 ;   5,367458 ;   54,00
2834,17 ; 249,97 ;   6,071995 ;   61,22
2836,20 ; 249,95 ;   6,561869 ;   66,72
2838,23 ; 249,99 ;   6,367475 ;   64,80
2840,27 ; 250,08 ;   5,673382 ;   57,15
2842,30 ; 249,97 ;   4,971777 ;   50,07
2844,33 ; 249,98 ;   7,663779 ;   77,13
2846,37 ; 249,97 ;   6,070547 ;   61,45
2848,40 ; 250,02 ;   6,267766 ;   63,61
2850,43 ; 249,95 ;   5,375344 ;   54,76
2852,47 ; 250,08 ;   7,171405 ;   72,09
2854,50 ; 249,99 ;   4,371490 ;   44,88
2856,53 ; 250,09 ;   7,262356 ;   73,79
2858,57 ; 249,95 ;   4,768128 ;   48,96
2860,60 ; 249,97 ;   8,068314 ;   81,52
2862,63 ; 250,02 ;   5,865347 ;   59,44
2864,66 ; 250,02 ;   5,370805 ;   54,76
2866,70 ; 250,02 ;   6,272387 ;   63,15
2868,73 ; 250,00 ;   5,968796 ;   60,99
2870,76 ; 250,00 ;   6,468714 ;   65,38
2872,80 ; 250,02 ;   6,166438 ;   62,26
2874,83 ; 250,02 ;   5,972270 ;   60,02
2876,86 ; 249,99 ;   5,970939 ;   60,99
2878,90 ; 249,91 ;   6,569246 ;   66,49
2880,93 ; 249,95 ;   7,266426 ;   73,48
2882,96 ; 250,02 ;   5,663754 ;   57,52
2885,00 ; 249,95 ;   5,266815 ;   53,80
2887,03 ; 249,99 ;   7,165277 ;   72,16
2889,06 ; 249,98 ;   5,569888 ;   56,11
2891,10 ; 250,00 ;   6,367935 ;   64,59
2893,13 ; 249,97 ;   5,869598 ;   59,16
2895,16 ; 249,95 ;   6,562523 ;   66,75
2897,19 ; 249,99 ;   6,365736 ;   64,83
2899,23 ; 249,99 ;   5,672683 ;   57,17
2901,26 ; 250,08 ;   6,171218 ;   62,37
2903,29 ; 249,97 ;   4,972486 ;   50,10
2905,33 ; 250,02 ;   7,664340 ;   77,16
2907,36 ; 250,02 ;   5,367890 ;   54,78
2909,39 ; 250,02 ;   6,268178 ;   63,18
2911,43 ; 250,02 ;   6,165544 ;   62,13
2913,46 ; 249,97 ;   6,071240 ;   61,02
2915,49 ; 249,98 ;   6,870617 ;   69,86
2917,52 ; 249,99 ;   6,069916 ;   61,47
2919,56 ; 250,02 ;   5,970609 ;   60,28
2921,59 ; 249,99 ;   5,867002 ;   59,02
2923,62 ; 249,99 ;   6,472571 ;   65,48
2925,66 ; 250,02 ;   6,173398 ;   62,36
2927,69 ; 249,99 ;   5,665776 ;   57,90
2929,72 ; 249,95 ;   6,563181 ;   66,52
2931,76 ; 249,95 ;   6,871253 ;   69,06
2933,79 ; 250,00 ;   6,071892 ;   61,71
2935,82 ; 250,02 ;   5,572646 ;   56,07
2937,86 ; 249,98 ;   5,971555 ;   60,07
2939,89 ; 250,02 ;   6,673158 ;   67,73
2941,92 ; 250,09 ;   5,470626 ;   55,84
2943,96 ; 250,05 ;   5,267840 ;   53,14
2945,99 ; 250,06 ;   6,666165 ;   67,03
2948,02 ; 250,02 ;   5,872056 ;   59,59
2950,05 ; 250,04 ;   6,768142 ;   68,36
2952,09 ; 250,09 ;   5,768984 ;   58,77
2954,12 ; 250,05 ;   5,470819 ;   55,18
2956,15 ; 250,00 ;   6,565098 ;   66,99
2958,19 ; 249,93 ;   6,768000 ;   68,48
2960,22 ; 249,97 ;   7,166710 ;   72,28
2962,25 ; 249,95 ;   5,674940 ;   57,35
2964,29 ; 250,02 ;   6,469251 ;   65,90
2966,32 ; 249,98 ;   5,166287 ;   52,75
2968,35 ; 249,97 ;   6,672923 ;   67,69
2970,39 ; 249,97 ;   6,273749 ;   63,61
2972,42 ; 249,95 ;   6,165694 ;   62,57
2974,45 ; 249,99 ;   6,370269 ;   64,81
2976,48 ; 250,02 ;   5,665221 ;   57,16
2978,52 ; 249,97 ;   5,871637 ;   59,01
2980,55 ; 250,04 ;   6,764713 ;   68,83
2982,58 ; 249,99 ;   5,175410 ;   52,55
2984,62 ; 250,04 ;   6,765295 ;   68,60
2986,65 ; 250,00 ;   5,474679 ;   55,66
2988,68 ; 249,99 ;   6,674655 ;   67,48
2990,72 ; 249,99 ;   6,274715 ;   63,39
2992,75 ; 250,04 ;   6,168712 ;   62,35
2994,78 ; 250,09 ;   5,473830 ;   55,65
2996,82 ; 250,13 ;   5,469265 ;   55,20
2998,85 ; 250,05 ;   5,473982 ;   55,85
3000,88 ; 250,04 ;   7,174534 ;   72,19
3002,91 ; 250,06 ;   6,166694 ;   62,89
3004,95 ; 250,02 ;   5,775745 ;   58,49
3006,98 ; 249,98 ;   6,665294 ;   67,19
3009,01 ; 249,95 ;   6,767302 ;   68,68
3011,05 ; 250,02 ;   6,564256 ;   66,90
3013,08 ; 249,97 ;   5,074810 ;   51,58
3015,11 ; 249,98 ;   6,870799 ;   69,80
3017,15 ; 249,97 ;   6,073787 ;   61,41
3019,18 ; 249,97 ;   6,268098 ;   63,57
3021,21 ; 249,97 ;   6,172988 ;   62,53
3023,25 ; 249,95 ;   6,167058 ;   62,54
3025,28 ; 249,95 ;   6,472677 ;   65,89
3027,31 ; 249,93 ;   6,065175 ;   61,66
3029,34 ; 249,98 ;   6,569333 ;   66,06
3031,38 ; 250,00 ;   5,574087 ;   56,26
3033,41 ; 249,97 ;   5,870386 ;   59,15
3035,44 ; 250,08 ;   6,572157 ;   66,74
3037,48 ; 250,02 ;   4,574137 ;   46,96
3039,51 ; 250,09 ;   6,962157 ;   70,43
3041,54 ; 250,05 ;   5,165415 ;   52,06
3043,58 ; 249,93 ;   6,570663 ;   67,00
3045,61 ; 249,97 ;   7,768552 ;   78,52
3047,64 ; 250,02 ;   5,674911 ;   57,35
3049,68 ; 249,97 ;   5,371250 ;   54,75
3051,71 ; 249,97 ;   6,872130 ;   69,84
3053,74 ; 250,04 ;   6,173818 ;   62,56
3055,77 ; 249,99 ;   5,166769 ;   52,53
3057,81 ; 249,98 ;   6,764252 ;   68,58
3059,84 ; 249,99 ;   6,369362 ;   64,57
3061,87 ; 249,95 ;   5,972191 ;   60,26
3063,91 ; 249,99 ;   6,665230 ;   67,92
3065,94 ; 250,00 ;   5,665035 ;   57,14
3067,97 ; 249,95 ;   6,072333 ;   61,23
3070,01 ; 249,98 ;   6,769287 ;   68,97
3072,04 ; 250,02 ;   5,876061 ;   59,39
3074,07 ; 250,02 ;   5,572906 ;   56,94
3076,11 ; 249,97 ;   6,164197 ;   62,13
3078,14 ; 249,95 ;   6,768170 ;   68,82
3080,17 ; 250,02 ;   6,468091 ;   65,94
3082,20 ; 250,05 ;   5,074000 ;   51,66
3084,24 ; 249,93 ;   5,775878 ;   58,72
3086,27 ; 249,99 ;   7,765987 ;   78,57
3088,30 ; 250,02 ;   5,369701 ;   54,05
3090,34 ; 249,91 ;   5,666971 ;   57,91
3092,37 ; 250,02 ;   7,666569 ;   77,68
3094,40 ; 250,02 ;   4,768926 ;   48,62
3096,44 ; 250,05 ;   6,172066 ;   62,15
3098,47 ; 250,02 ;   5,664803 ;   57,69
3100,50 ; 249,99 ;   6,462961 ;   65,19
3102,54 ; 249,93 ;   6,571037 ;   66,53
3104,57 ; 249,95 ;   7,066080 ;   71,29
3106,60 ; 249,93 ;   5,866496 ;   59,63
3108,63 ; 249,91 ;   6,562656 ;   66,11
3110,67 ; 250,02 ;   6,472813 ;   65,24
3112,70 ; 249,95 ;   4,673965 ;   47,54
3114,73 ; 250,05 ;   7,171794 ;   72,15
3116,77 ; 249,99 ;   4,870970 ;   49,40
3118,80 ; 249,98 ;   6,870151 ;   69,69
3120,83 ; 250,02 ;   6,367616 ;   64,64
3122,87 ; 250,06 ;   5,473234 ;   55,87
3124,90 ; 250,10 ;   5,572891 ;   56,53
3126,93 ; 250,02 ;   5,570566 ;   56,14
3128,97 ; 249,91 ;   7,269420 ;   73,60
3131,00 ; 249,99 ;   7,663929 ;   77,78
3133,03 ; 250,02 ;   4,970868 ;   50,95
3135,06 ; 249,99 ;   5,870342 ;   59,05
3137,10 ; 249,99 ;   6,469374 ;   65,52
3139,13 ; 250,04 ;   6,166029 ;   62,40
3141,16 ; 250,02 ;   5,468667 ;   55,70
3143,20 ; 250,06 ;   6,470152 ;   65,28
3145,23 ; 250,04 ;   5,462397 ;   55,47
3147,26 ; 250,00 ;   6,471588 ;   65,05
3149,30 ; 249,98 ;   6,666062 ;   67,50
3151,33 ; 249,99 ;   6,462686 ;   65,64
3153,36 ; 249,98 ;   5,974292 ;   60,29
3155,40 ; 249,97 ;   6,370515 ;   64,61
3157,43 ; 249,98 ;   6,268006 ;   63,65
3159,46 ; 249,97 ;   6,072884 ;   61,50
3161,50 ; 250,00 ;   6,269439 ;   63,66
3163,53 ; 250,02 ;   5,769133 ;   58,16
3165,56 ; 250,04 ;   5,776332 ;   58,97
3167,59 ; 250,00 ;   5,872717 ;   59,86
3169,63 ; 250,06 ;   6,664573 ;   67,51
3171,66 ; 250,00 ;   5,269941 ;   53,38
3173,69 ; 250,04 ;   6,971885 ;   70,62
3175,73 ; 250,02 ;   5,575297 ;   56,72
3177,76 ; 249,97 ;   6,469451 ;   65,26
3179,79 ; 250,00 ;   6,769043 ;   68,83
3181,83 ; 250,02 ;   5,774928 ;   58,13
3183,86 ; 250,02 ;   5,769846 ;   58,95
3185,89 ; 249,99 ;   6,266532 ;   63,18
3187,93 ; 250,05 ;   6,468252 ;   65,49
3189,96 ; 250,02 ;   5,370895 ;   54,56
3191,99 ; 250,06 ;   6,472223 ;   65,18
3194,02 ; 249,98 ;   5,570899 ;   56,47
3196,06 ; 250,00 ;   7,267026 ;   73,93
3198,09 ; 249,88 ;   5,871506 ;   59,15
3200,12 ; 250,04 ;   7,870602 ;   79,01
3202,16 ; 249,97 ;   4,072328 ;   41,10
3204,19 ; 249,88 ;   7,064501 ;   71,95
3206,22 ; 250,05 ;   7,358000 ;   74,87
3208,26 ; 249,95 ;   3,974318 ;   40,02
3210,29 ; 250,02 ;   7,470827 ;   75,25
3212,32 ; 250,08 ;   5,175143 ;   52,72
3214,36 ; 250,02 ;   5,368661 ;   54,27
3216,39 ; 250,02 ;   6,870891 ;   69,35
3218,42 ; 250,04 ;   6,166476 ;   62,06
3220,45 ; 250,00 ;   5,877064 ;   59,82
3222,49 ; 250,04 ;   6,667244 ;   67,48
3224,52 ; 250,06 ;   5,564741 ;   56,70
3226,55 ; 249,99 ;   5,770621 ;   58,55
3228,59 ; 250,02 ;   7,073335 ;   71,70
3230,62 ; 250,04 ;   5,674315 ;   57,87
3232,65 ; 249,98 ;   5,869090 ;   59,80
3234,69 ; 249,95 ;   6,971418 ;   70,80
3236,72 ; 250,04 ;   6,572911 ;   66,94
3238,75 ; 250,02 ;   4,872158 ;   49,40
3240,79 ; 249,95 ;   6,370630 ;   64,11
3242,82 ; 250,04 ;   7,167987 ;   72,07
3244,85 ; 250,04 ;   4,969542 ;   50,43
3246,88 ; 249,97 ;   6,073253 ;   61,88
3248,92 ; 250,02 ;   7,066628 ;   71,91
3250,95 ; 249,97 ;   5,378007 ;   54,74
3252,98 ; 250,13 ;   6,866646 ;   69,83
3255,02 ; 250,00 ;   3,974275 ;   40,25
3257,05 ; 249,91 ;   7,769964 ;   78,89
3259,08 ; 249,98 ;   7,368044 ;   74,51
3261,12 ; 250,02 ;   5,369136 ;   54,15
3263,15 ; 249,91 ;   5,473986 ;   55,78
3265,18 ; 249,93 ;   7,664863 ;   77,64
3267,22 ; 249,97 ;   5,971688 ;   60,86
3269,25 ; 249,98 ;   5,675335 ;   57,37
3271,28 ; 249,93 ;   6,072691 ;   61,47
3273,31 ; 249,95 ;   6,871038 ;   69,20
3275,35 ; 250,02 ;   5,972134 ;   60,74
3277,38 ; 250,04 ;   5,071863 ;   51,67
3279,41 ; 249,97 ;   5,868433 ;   59,84
3281,45 ; 249,99 ;   7,066563 ;   71,96
3283,48 ; 249,93 ;   5,870096 ;   59,25
3285,51 ; 249,99 ;   7,074088 ;   71,30
3287,55 ; 249,97 ;   5,368041 ;   54,06
3289,58 ; 250,04 ;   6,474217 ;   65,74
3291,61 ; 250,00 ;   5,176407 ;   52,57
3293,65 ; 250,09 ;   6,675964 ;   67,52
3295,68 ; 250,02 ;   4,970351 ;   50,04
3297,71 ; 250,04 ;   7,072387 ;   71,52
3299,75 ; 250,02 ;   5,766195 ;   58,80
3301,78 ; 250,00 ;   6,369885 ;   64,14
3303,81 ; 250,02 ;   6,471065 ;   65,41
3305,84 ; 249,99 ;   5,967298 ;   60,05
3307,88 ; 250,05 ;   6,462587 ;   65,48
3309,91 ; 250,02 ;   5,368760 ;   54,54
3311,94 ; 249,99 ;   6,471318 ;   65,17
3313,98 ; 250,04 ;   6,563363 ;   66,51
3316,01 ; 250,02 ;   5,472832 ;   55,65
3318,04 ; 250,04 ;   6,469053 ;   65,24
3320,08 ; 249,93 ;   5,765649 ;   58,76
3322,11 ; 249,99 ;   7,666145 ;   77,50
3324,14 ; 249,98 ;   5,369144 ;   54,02
3326,18 ; 250,02 ;   6,370515 ;   64,58
3328,21 ; 250,02 ;   5,563445 ;   56,92
3330,24 ; 250,02 ;   6,063516 ;   61,00
3332,27 ; 250,00 ;   6,172580 ;   62,04
3334,31 ; 249,99 ;   6,469902 ;   65,38
