Tempo total (s) ;Temperatura (ºC) ; Potencia atual (W) ; Saida
P:  10.70 I: 140.00 D:  32.00 Tensão:4.793 V Temperatura ambiente:     24.61 ºC
2,00 ; 249,82 ;   6,368497 ;   75,08
4,00 ; 249,88 ;   6,543399 ;   77,95
6,00 ; 249,80 ;   5,357060 ;   63,93
8,00 ; 249,75 ;   7,641777 ;   90,29
10,01 ; 249,78 ;   7,130935 ;   84,13
12,01 ; 249,86 ;   5,954755 ;   70,47
14,01 ; 249,87 ;   5,181979 ;   61,63
16,01 ; 249,86 ;   6,204638 ;   73,60
18,01 ; 249,86 ;   6,456068 ;   76,38
20,01 ; 249,87 ;   6,379436 ;   75,06
22,01 ; 249,80 ;   6,196189 ;   73,66
24,01 ; 249,87 ;   7,305972 ;   86,39
26,02 ; 249,87 ;   5,443171 ;   64,36
28,02 ; 249,84 ;   6,378648 ;   75,07
30,02 ; 249,89 ;   6,804513 ;   80,78
32,02 ; 249,86 ;   5,528314 ;   65,50
34,02 ; 249,91 ;   6,792821 ;   80,56
36,02 ; 249,91 ;   5,607028 ;   66,71
38,02 ; 249,87 ;   6,196575 ;   73,32
40,02 ; 249,95 ;   7,056551 ;   83,20
42,03 ; 249,95 ;   5,103336 ;   60,98
44,03 ; 249,91 ;   6,294490 ;   74,36
46,03 ; 249,95 ;   6,878276 ;   81,48
48,03 ; 249,91 ;   5,695456 ;   67,70
50,03 ; 249,91 ;   6,879697 ;   81,50
52,03 ; 249,88 ;   6,203817 ;   73,41
54,03 ; 249,86 ;   6,804162 ;   80,44
56,03 ; 249,93 ;   6,714398 ;   79,38
58,03 ; 249,98 ;   5,269946 ;   62,60
60,04 ; 249,88 ;   5,614052 ;   66,11
62,04 ; 249,87 ;   7,729021 ;   91,19
64,04 ; 249,93 ;   6,627613 ;   78,01
66,04 ; 249,87 ;   5,356123 ;   63,99
68,04 ; 249,87 ;   7,306050 ;   86,07
70,04 ; 249,95 ;   6,368229 ;   75,39
72,04 ; 249,98 ;   5,190647 ;   61,19
74,04 ; 249,95 ;   5,788633 ;   68,88
76,05 ; 249,97 ;   6,707847 ;   79,92
78,05 ; 249,95 ;   5,944278 ;   70,32
80,05 ; 249,95 ;   6,542129 ;   77,18
82,05 ; 249,99 ;   6,379604 ;   75,93
84,05 ; 249,91 ;   5,605822 ;   66,07
86,05 ; 249,91 ;   7,557869 ;   89,73
88,05 ; 249,91 ;   6,204729 ;   73,62
90,05 ; 249,99 ;   6,454541 ;   76,39
92,05 ; 249,86 ;   5,017110 ;   59,43
94,06 ; 249,98 ;   8,326392 ;   98,31
96,06 ; 249,91 ;   4,593704 ;   54,29
98,06 ; 249,97 ;   7,392547 ;   87,13
100,06 ; 250,04 ;   5,356588 ;   63,74
102,06 ; 249,95 ;   5,193298 ;   61,64
104,06 ; 249,93 ;   7,562994 ;   89,30
106,06 ; 249,95 ;   6,630744 ;   78,87
108,06 ; 249,93 ;   5,945386 ;   70,61
110,07 ; 249,98 ;   6,629855 ;   78,89
112,07 ; 249,91 ;   5,606276 ;   66,36
114,07 ; 249,95 ;   7,220928 ;   85,76
116,07 ; 249,93 ;   5,868245 ;   69,39
118,07 ; 249,93 ;   6,541137 ;   77,59
120,07 ; 250,02 ;   6,289516 ;   74,93
122,07 ; 249,95 ;   5,017834 ;   59,30
124,07 ; 249,93 ;   7,225395 ;   85,38
126,08 ; 249,98 ;   6,628389 ;   78,95
128,08 ; 249,91 ;   5,615920 ;   66,42
130,08 ; 249,91 ;   7,228247 ;   85,82
132,08 ; 249,97 ;   6,369873 ;   75,14
134,08 ; 249,95 ;   5,527025 ;   65,20
136,08 ; 249,93 ;   6,550639 ;   77,41
138,08 ; 250,02 ;   6,717648 ;   79,00
140,08 ; 249,99 ;   5,016291 ;   59,37
142,08 ; 249,95 ;   6,630670 ;   78,34
144,09 ; 249,91 ;   6,880611 ;   81,43
146,09 ; 250,00 ;   7,053091 ;   83,28
148,09 ; 250,00 ;   4,931662 ;   58,22
150,09 ; 249,95 ;   6,290902 ;   74,26
152,09 ; 249,99 ;   7,138445 ;   84,21
154,09 ; 250,02 ;   5,606453 ;   66,33
156,09 ; 249,95 ;   5,781886 ;   68,67
158,09 ; 250,02 ;   7,476558 ;   88,23
160,10 ; 250,02 ;   5,102962 ;   60,66
162,10 ; 250,06 ;   6,375989 ;   75,44
164,10 ; 249,98 ;   5,528508 ;   65,57
166,10 ; 250,05 ;   7,564503 ;   89,22
168,10 ; 250,00 ;   5,191549 ;   61,73
170,10 ; 249,97 ;   6,965847 ;   82,28
172,10 ; 250,04 ;   6,717047 ;   79,94
174,10 ; 249,93 ;   5,181250 ;   61,81
176,11 ; 249,98 ;   7,904636 ;   93,74
178,11 ; 249,93 ;   5,616460 ;   66,50
180,11 ; 250,04 ;   7,054539 ;   83,05
182,11 ; 250,00 ;   4,679017 ;   55,14
184,11 ; 250,09 ;   6,802273 ;   80,96
186,11 ; 250,02 ;   4,928722 ;   58,64
188,11 ; 249,95 ;   7,140826 ;   84,70
190,11 ; 250,02 ;   7,314803 ;   86,80
192,11 ; 250,00 ;   5,355840 ;   63,40
194,12 ; 249,95 ;   6,456223 ;   76,94
196,12 ; 250,00 ;   6,965533 ;   82,79
198,12 ; 249,95 ;   5,616542 ;   66,25
200,12 ; 249,93 ;   7,131337 ;   84,22
202,12 ; 249,98 ;   6,551654 ;   77,72
204,12 ; 250,02 ;   5,615108 ;   66,52
206,12 ; 249,93 ;   5,615944 ;   66,02
208,12 ; 249,99 ;   7,728840 ;   91,10
210,13 ; 250,00 ;   5,354567 ;   63,69
212,13 ; 250,04 ;   6,118148 ;   72,97
214,13 ; 249,95 ;   5,692558 ;   67,19
216,13 ; 249,99 ;   7,648822 ;   90,92
218,13 ; 249,99 ;   5,615834 ;   66,37
220,13 ; 250,02 ;   6,292837 ;   74,39
222,13 ; 249,95 ;   5,952740 ;   70,12
224,13 ; 250,00 ;   7,225670 ;   85,50
226,13 ; 249,99 ;   5,613722 ;   66,29
228,14 ; 250,00 ;   6,377408 ;   75,73
230,14 ; 249,99 ;   6,118114 ;   72,98
232,14 ; 250,00 ;   6,377019 ;   75,73
234,14 ; 249,97 ;   6,116611 ;   72,98
236,14 ; 250,00 ;   6,717269 ;   80,00
238,14 ; 249,99 ;   5,779951 ;   68,97
240,14 ; 249,99 ;   6,379385 ;   75,74
242,14 ; 249,97 ;   6,290824 ;   74,40
244,15 ; 249,99 ;   6,627526 ;   78,67
246,15 ; 250,05 ;   5,953971 ;   70,40
248,15 ; 249,99 ;   5,442960 ;   64,47
250,15 ; 250,04 ;   7,051448 ;   83,76
252,15 ; 249,97 ;   5,529972 ;   65,88
254,15 ; 249,91 ;   7,303563 ;   86,69
256,15 ; 249,99 ;   7,314513 ;   86,03
258,15 ; 250,02 ;   5,017186 ;   59,71
260,15 ; 249,95 ;   5,779333 ;   68,73
262,16 ; 249,95 ;   7,305167 ;   86,87
264,16 ; 249,99 ;   6,290884 ;   74,85
266,16 ; 249,99 ;   5,692106 ;   67,75
268,16 ; 249,97 ;   6,290678 ;   74,43
270,16 ; 250,04 ;   6,631263 ;   78,70
272,16 ; 250,02 ;   5,181340 ;   61,90
274,16 ; 250,02 ;   6,630184 ;   78,19
276,16 ; 249,99 ;   6,292108 ;   74,18
278,17 ; 250,02 ;   6,627611 ;   78,44
280,17 ; 250,02 ;   5,789455 ;   68,74
282,17 ; 250,06 ;   6,291066 ;   74,09
284,17 ; 250,10 ;   5,607031 ;   66,97
286,17 ; 249,95 ;   5,605700 ;   66,54
288,17 ; 250,00 ;   8,579660 ;  101,64
290,17 ; 249,88 ;   5,441144 ;   64,96
292,17 ; 249,95 ;   8,080744 ;   95,63
294,18 ; 249,88 ;   5,441422 ;   64,24
296,18 ; 249,95 ;   7,306017 ;   86,32
298,18 ; 249,95 ;   5,441122 ;   64,26
300,18 ; 249,98 ;   6,204592 ;   73,55
302,18 ; 249,95 ;   5,944230 ;   70,62
304,18 ; 250,04 ;   6,637158 ;   78,90
306,18 ; 250,04 ;   5,017041 ;   59,27
308,18 ; 249,98 ;   6,213185 ;   73,96
310,18 ; 249,99 ;   7,225894 ;   85,33
312,19 ; 249,97 ;   6,041029 ;   71,79
314,19 ; 250,02 ;   6,628429 ;   78,73
316,19 ; 250,05 ;   5,441292 ;   64,77
318,19 ; 250,06 ;   5,868599 ;   69,87
320,19 ; 250,06 ;   6,041168 ;   71,03
322,19 ; 250,00 ;   6,204866 ;   73,69
324,19 ; 249,99 ;   7,226396 ;   85,05
326,19 ; 250,06 ;   6,371462 ;   75,78
328,20 ; 250,04 ;   5,180667 ;   61,65
330,20 ; 249,95 ;   6,550412 ;   77,94
332,20 ; 249,95 ;   7,566626 ;   89,55
334,20 ; 250,02 ;   6,291039 ;   74,86
336,20 ; 249,98 ;   5,277779 ;   62,07
338,20 ; 250,00 ;   6,968400 ;   82,63
340,20 ; 249,93 ;   5,951607 ;   70,35
342,20 ; 249,99 ;   7,392688 ;   87,15
344,20 ; 250,08 ;   5,355095 ;   63,76
346,21 ; 250,05 ;   4,929764 ;   58,82
348,21 ; 250,02 ;   6,715777 ;   79,19
350,21 ; 250,02 ;   6,628199 ;   78,11
352,21 ; 250,04 ;   6,293974 ;   74,09
354,21 ; 249,95 ;   6,030061 ;   71,25
356,21 ; 250,04 ;   7,644984 ;   90,97
358,21 ; 250,06 ;   4,845926 ;   57,87
360,21 ; 249,95 ;   5,865435 ;   69,65
362,22 ; 249,99 ;   7,989573 ;   94,97
364,22 ; 249,95 ;   5,616783 ;   66,40
366,22 ; 250,00 ;   6,969158 ;   82,96
368,22 ; 250,00 ;   5,442204 ;   64,99
370,22 ; 249,93 ;   6,283748 ;   74,35
372,22 ; 250,02 ;   7,392612 ;   87,14
374,22 ; 249,98 ;   4,930932 ;   58,06
376,22 ; 250,02 ;   6,978214 ;   82,63
378,22 ; 249,99 ;   5,692549 ;   67,50
380,23 ; 250,04 ;   6,627802 ;   78,45
382,23 ; 250,05 ;   5,529327 ;   65,92
384,23 ; 250,05 ;   6,119409 ;   72,51
386,23 ; 249,99 ;   6,204294 ;   73,84
388,23 ; 249,97 ;   7,051089 ;   83,78
390,23 ; 249,98 ;   6,630874 ;   78,69
392,23 ; 249,93 ;   6,205006 ;   73,26
394,23 ; 249,91 ;   7,054091 ;   83,13
396,24 ; 250,00 ;   6,541853 ;   77,96
398,24 ; 249,98 ;   5,017737 ;   59,66
400,24 ; 250,00 ;   6,627835 ;   78,63
402,24 ; 250,08 ;   5,944808 ;   70,36
404,24 ; 249,97 ;   5,103463 ;   60,17
406,24 ; 250,00 ;   7,903376 ;   93,42
408,24 ; 250,06 ;   5,866708 ;   69,02
410,24 ; 250,02 ;   5,268847 ;   63,00
412,24 ; 250,02 ;   6,965779 ;   82,21
414,25 ; 250,09 ;   6,116709 ;   72,77
416,25 ; 250,10 ;   5,277226 ;   62,73
418,25 ; 250,00 ;   5,953570 ;   70,56
420,25 ; 249,91 ;   7,738856 ;   91,69
422,25 ; 250,13 ;   7,559074 ;   89,96
424,25 ; 250,04 ;   3,067672 ;   36,89
426,25 ; 249,95 ;   7,478944 ;   88,59
428,25 ; 250,02 ;   7,652573 ;   90,95
430,26 ; 250,08 ;   5,269331 ;   62,12
432,26 ; 249,98 ;   5,269165 ;   62,78
434,26 ; 250,02 ;   7,738189 ;   91,94
436,26 ; 250,02 ;   5,700917 ;   67,46
438,26 ; 250,02 ;   6,116824 ;   72,72
440,26 ; 249,98 ;   6,379967 ;   75,47
442,26 ; 249,93 ;   6,879610 ;   81,24
444,26 ; 250,00 ;   7,054831 ;   83,09
446,27 ; 249,99 ;   5,266315 ;   62,28
448,27 ; 249,95 ;   6,379870 ;   75,74
450,27 ; 249,97 ;   6,879436 ;   81,51
452,27 ; 249,89 ;   6,041321 ;   71,99
454,27 ; 249,93 ;   7,478626 ;   88,88
456,27 ; 249,97 ;   5,781701 ;   68,43
458,27 ; 249,99 ;   5,773166 ;   68,01
460,27 ; 250,02 ;   5,945391 ;   70,43
462,27 ; 250,00 ;   5,956356 ;   70,18
464,28 ; 249,97 ;   6,542058 ;   77,03
466,28 ; 250,02 ;   6,791798 ;   80,05
468,28 ; 250,05 ;   5,607064 ;   66,17
470,28 ; 249,99 ;   5,779581 ;   68,51
472,28 ; 250,06 ;   7,054228 ;   83,79
474,28 ; 249,95 ;   5,183190 ;   61,65
476,28 ; 250,08 ;   7,902373 ;   93,57
478,28 ; 249,93 ;   4,420985 ;   52,13
480,28 ; 250,06 ;   8,492390 ;  100,52
482,29 ; 250,13 ;   4,254783 ;   50,95
484,29 ; 250,05 ;   5,270195 ;   62,29
486,29 ; 250,05 ;   7,392085 ;   87,18
488,29 ; 250,02 ;   6,196901 ;   73,81
490,29 ; 250,11 ;   6,631051 ;   78,07
492,29 ; 250,08 ;   4,928609 ;   58,41
494,29 ; 250,06 ;   6,631909 ;   78,79
496,29 ; 250,02 ;   6,455228 ;   76,27
498,30 ; 250,08 ;   6,801572 ;   80,70
500,30 ; 250,06 ;   5,442182 ;   64,05
502,30 ; 249,99 ;   6,456187 ;   76,25
504,30 ; 250,00 ;   7,307053 ;   86,36
506,30 ; 250,09 ;   6,118873 ;   72,91
508,30 ; 250,04 ;   4,930022 ;   58,61
510,30 ; 250,02 ;   6,888141 ;   81,83
512,30 ; 250,00 ;   6,631305 ;   78,06
514,30 ; 249,97 ;   6,457495 ;   76,90
516,31 ; 250,00 ;   6,706263 ;   79,91
518,31 ; 249,95 ;   5,779232 ;   68,88
520,31 ; 249,93 ;   6,968829 ;   82,75
522,31 ; 249,99 ;   6,717725 ;   79,01
524,31 ; 250,02 ;   5,363881 ;   63,64
526,31 ; 249,98 ;   5,953402 ;   70,07
528,31 ; 250,00 ;   6,892029 ;   81,18
530,31 ; 249,95 ;   5,953135 ;   70,24
532,32 ; 250,00 ;   7,139536 ;   84,20
534,32 ; 249,99 ;   5,441708 ;   64,90
536,32 ; 249,97 ;   6,379704 ;   75,68
538,32 ; 250,02 ;   6,627799 ;   78,61
540,32 ; 249,99 ;   5,449128 ;   64,65
542,32 ; 250,05 ;   6,717597 ;   79,69
544,32 ; 249,91 ;   5,442918 ;   64,39
546,32 ; 250,09 ;   8,238885 ;   97,91
548,32 ; 250,02 ;   3,666568 ;   43,92
550,33 ; 250,02 ;   7,311259 ;   86,11
552,33 ; 249,99 ;   6,116482 ;   72,66
554,33 ; 250,06 ;   6,716689 ;   79,68
556,33 ; 249,95 ;   5,192821 ;   61,54
558,33 ; 249,99 ;   7,901712 ;   93,46
560,33 ; 250,05 ;   5,703222 ;   67,65
562,33 ; 250,05 ;   5,442699 ;   64,37
564,33 ; 250,02 ;   6,204334 ;   73,73
566,34 ; 250,02 ;   6,714725 ;   79,41
568,34 ; 250,06 ;   6,291723 ;   74,06
570,34 ; 249,95 ;   5,530172 ;   65,53
572,34 ; 250,08 ;   7,988706 ;   94,86
574,34 ; 249,91 ;   4,253702 ;   50,66
576,34 ; 249,99 ;   8,753936 ;  103,22
578,34 ; 249,89 ;   5,096125 ;   60,94
580,34 ; 249,95 ;   7,818196 ;   92,79
582,35 ; 249,97 ;   5,441328 ;   64,06
584,35 ; 249,99 ;   6,041027 ;   71,92
586,35 ; 249,93 ;   5,952888 ;   70,33
588,35 ; 249,95 ;   7,225161 ;   85,72
590,35 ; 249,99 ;   5,952978 ;   70,77
592,35 ; 250,05 ;   5,702336 ;   67,68
594,35 ; 249,99 ;   5,442424 ;   64,42
596,35 ; 250,04 ;   7,052850 ;   83,72
598,35 ; 249,99 ;   5,528229 ;   65,83
600,36 ; 250,00 ;   6,965591 ;   82,37
602,36 ; 250,05 ;   6,116927 ;   72,93
604,36 ; 250,09 ;   5,530363 ;   65,74
606,36 ; 250,11 ;   5,617100 ;   66,64
608,36 ; 249,99 ;   5,864996 ;   69,05
610,36 ; 249,95 ;   7,992136 ;   94,36
612,36 ; 249,97 ;   6,890767 ;   81,42
614,36 ; 250,00 ;   6,043710 ;   71,90
616,36 ; 250,02 ;   5,779412 ;   68,90
618,37 ; 250,10 ;   5,868389 ;   69,98
620,37 ; 249,86 ;   5,017953 ;   59,77
622,37 ; 248,63 ;   9,941440 ;  117,19
624,37 ; 246,64 ;   10,504337 ;  125,00
626,37 ; 244,47 ;   10,524420 ;  125,00
628,37 ; 242,16 ;   10,525441 ;  125,00
630,37 ; 240,33 ;   10,524598 ;  125,00
632,38 ; 238,85 ;   10,514293 ;  125,00
634,38 ; 237,64 ;   10,521473 ;  125,00
636,38 ; 236,62 ;   10,522957 ;  125,00
638,38 ; 235,70 ;   10,508576 ;  125,00
640,38 ; 235,09 ;   10,514782 ;  125,00
642,38 ; 234,63 ;   10,515278 ;  125,00
644,38 ; 234,16 ;   10,507703 ;  125,00
646,38 ; 234,09 ;   10,514760 ;  125,00
648,38 ; 233,92 ;   10,515667 ;  125,00
650,39 ; 233,95 ;   10,505450 ;  125,00
652,39 ; 234,01 ;   10,511958 ;  125,00
654,39 ; 234,13 ;   10,504146 ;  125,00
656,39 ; 234,53 ;   10,510293 ;  125,00
658,39 ; 234,70 ;   8,343623 ;   98,40
660,39 ; 235,15 ;   10,480547 ;  125,00
662,39 ; 235,48 ;   7,072223 ;   83,69
664,39 ; 235,87 ;   8,736638 ;  103,75
666,40 ; 236,40 ;   7,636001 ;   91,00
668,40 ; 236,84 ;   5,350964 ;   63,37
670,40 ; 237,39 ;   6,368134 ;   75,36
672,40 ; 237,88 ;   4,591158 ;   54,02
674,40 ; 238,39 ;   5,017149 ;   59,96
676,40 ; 238,95 ;   4,505366 ;   53,67
678,40 ; 239,33 ;   3,328240 ;   39,94
680,40 ; 239,88 ;   5,869419 ;   69,68
682,40 ; 240,33 ;   2,895205 ;   34,51
684,41 ; 240,83 ;   4,168017 ;   49,94
686,41 ; 241,16 ;   3,069463 ;   36,59
688,41 ; 241,51 ;   5,349157 ;   63,92
690,41 ; 241,88 ;   4,843439 ;   57,42
692,41 ; 242,27 ;   4,256624 ;   50,63
694,41 ; 242,56 ;   3,917638 ;   46,42
696,41 ; 242,83 ;   5,016956 ;   59,03
698,41 ; 243,02 ;   5,269743 ;   62,68
700,42 ; 243,41 ;   6,204471 ;   73,66
702,42 ; 243,53 ;   3,154754 ;   37,10
704,42 ; 243,83 ;   7,054040 ;   83,59
706,42 ; 243,98 ;   4,256426 ;   50,59
708,42 ; 244,11 ;   6,204257 ;   73,92
710,42 ; 244,34 ;   6,638594 ;   78,85
712,42 ; 244,47 ;   5,015671 ;   59,90
714,42 ; 244,54 ;   6,378600 ;   75,37
716,43 ; 244,75 ;   7,314132 ;   86,14
718,43 ; 244,87 ;   5,107365 ;   60,64
720,43 ; 244,99 ;   6,456979 ;   76,20
722,43 ; 245,06 ;   6,281667 ;   74,29
724,43 ; 245,30 ;   7,057737 ;   83,66
726,43 ; 245,38 ;   4,419668 ;   52,35
728,43 ; 245,42 ;   6,878845 ;   81,73
730,43 ; 245,41 ;   7,230018 ;   85,94
732,43 ; 245,66 ;   8,155125 ;   96,09
734,44 ; 245,70 ;   4,168171 ;   49,98
736,44 ; 245,81 ;   7,305583 ;   86,29
738,44 ; 245,95 ;   6,196181 ;   73,73
740,44 ; 246,05 ;   5,781090 ;   68,93
742,44 ; 246,16 ;   6,198490 ;   73,78
744,44 ; 246,27 ;   6,030946 ;   71,87
746,44 ; 246,36 ;   6,033530 ;   71,28
748,44 ; 246,42 ;   6,195129 ;   73,49
750,45 ; 246,60 ;   6,631396 ;   78,72
752,45 ; 246,63 ;   4,844529 ;   57,26
754,45 ; 246,78 ;   7,139142 ;   84,27
756,45 ; 246,76 ;   5,097558 ;   60,37
758,45 ; 246,89 ;   7,729752 ;   91,85
760,45 ; 246,93 ;   5,445052 ;   64,18
762,45 ; 247,09 ;   6,794278 ;   80,27
764,45 ; 247,02 ;   4,931394 ;   58,99
766,45 ; 247,19 ;   8,244585 ;   97,54
768,46 ; 247,33 ;   4,844450 ;   57,43
770,46 ; 247,35 ;   5,105705 ;   60,37
772,46 ; 247,44 ;   6,794358 ;   80,57
774,46 ; 247,46 ;   5,859770 ;   69,35
776,46 ; 247,53 ;   6,803044 ;   80,18
778,46 ; 247,59 ;   6,032228 ;   71,78
780,46 ; 247,63 ;   6,119190 ;   72,82
782,46 ; 247,73 ;   6,456107 ;   76,78
784,47 ; 247,77 ;   5,608758 ;   66,76
786,47 ; 247,82 ;   6,464286 ;   76,04
788,47 ; 247,95 ;   6,206224 ;   73,12
790,47 ; 247,86 ;   4,930634 ;   58,62
792,47 ; 247,93 ;   8,330855 ;   98,73
794,47 ; 248,04 ;   5,946331 ;   70,23
796,47 ; 248,13 ;   5,270314 ;   62,68
798,47 ; 248,02 ;   5,606467 ;   66,06
800,47 ; 248,19 ;   8,501309 ;  100,95
802,48 ; 248,23 ;   4,333702 ;   51,26
804,48 ; 248,28 ;   6,204180 ;   73,84
806,48 ; 248,32 ;   5,953397 ;   70,84
808,48 ; 248,34 ;   6,206352 ;   73,36
810,48 ; 248,42 ;   6,454162 ;   76,03
812,48 ; 248,42 ;   5,608005 ;   66,09
814,48 ; 248,47 ;   6,715859 ;   79,69
816,48 ; 248,50 ;   6,030225 ;   71,40
818,49 ; 248,59 ;   6,206135 ;   73,97
820,49 ; 248,60 ;   5,357400 ;   63,91
822,49 ; 248,59 ;   6,371360 ;   75,99
824,49 ; 248,69 ;   6,878862 ;   81,72
826,49 ; 248,66 ;   5,094717 ;   60,79
828,49 ; 248,74 ;   6,969094 ;   82,62
830,49 ; 248,83 ;   5,442297 ;   64,60
832,49 ; 248,78 ;   5,268218 ;   62,52
834,49 ; 248,80 ;   7,217788 ;   85,94
836,50 ; 248,84 ;   6,206941 ;   73,84
838,50 ; 248,87 ;   5,944661 ;   70,92
840,50 ; 248,85 ;   6,207875 ;   73,52
842,50 ; 248,94 ;   6,793314 ;   80,55
844,50 ; 248,93 ;   5,270291 ;   62,41
846,50 ; 248,93 ;   6,631866 ;   78,70
848,50 ; 248,95 ;   6,535986 ;   77,53
850,50 ; 249,02 ;   6,205371 ;   73,43
852,51 ; 249,11 ;   5,433778 ;   64,80
854,51 ; 249,05 ;   5,181179 ;   61,35
856,51 ; 249,09 ;   7,396192 ;   87,56
858,51 ; 249,05 ;   5,858359 ;   69,90
860,51 ; 249,09 ;   7,044666 ;   83,84
862,51 ; 249,13 ;   5,947199 ;   70,19
864,51 ; 249,18 ;   5,779317 ;   68,48
866,51 ; 249,33 ;   5,781208 ;   68,11
868,51 ; 249,27 ;   4,170697 ;   49,26
870,52 ; 249,17 ;   7,306738 ;   86,12
872,52 ; 249,28 ;   7,815022 ;   92,60
874,52 ; 249,22 ;   4,766961 ;   56,78
876,52 ; 249,31 ;   7,306719 ;   86,98
878,52 ; 249,23 ;   5,016627 ;   59,35
880,52 ; 249,27 ;   7,558739 ;   89,70
882,52 ; 249,27 ;   5,943332 ;   70,77
884,52 ; 249,33 ;   6,456812 ;   76,23
886,53 ; 249,34 ;   5,444223 ;   64,97
888,53 ; 249,26 ;   6,119368 ;   72,92
890,53 ; 249,44 ;   7,733447 ;   91,32
892,53 ; 249,34 ;   3,744228 ;   44,03
894,53 ; 249,48 ;   7,730450 ;   91,94
896,53 ; 249,41 ;   4,341610 ;   51,83
898,53 ; 249,46 ;   7,306585 ;   86,00
900,53 ; 249,46 ;   5,607296 ;   66,87
902,53 ; 249,50 ;   6,292654 ;   74,97
904,54 ; 249,51 ;   5,693038 ;   67,95
906,54 ; 249,45 ;   6,207167 ;   73,29
908,54 ; 249,48 ;   7,131585 ;   84,65
910,54 ; 249,52 ;   5,858754 ;   69,69
912,54 ; 249,55 ;   5,780678 ;   68,01
914,54 ; 249,53 ;   5,947686 ;   70,50
916,54 ; 249,55 ;   6,543367 ;   77,42
918,54 ; 249,51 ;   6,033425 ;   71,98
920,55 ; 249,59 ;   6,881873 ;   81,83
922,55 ; 249,59 ;   5,180444 ;   61,01
924,55 ; 249,60 ;   6,207242 ;   73,01
926,55 ; 249,55 ;   6,118226 ;   72,99
928,55 ; 249,64 ;   7,135115 ;   84,34
930,55 ; 249,64 ;   4,929681 ;   58,00
932,55 ; 249,62 ;   6,292829 ;   74,09
934,55 ; 249,62 ;   6,630936 ;   78,41
936,55 ; 249,65 ;   6,285015 ;   74,46
938,56 ; 249,66 ;   5,780196 ;   68,83
940,56 ; 249,64 ;   6,031310 ;   71,39
942,56 ; 249,67 ;   6,632031 ;   78,38
944,56 ; 249,70 ;   5,781559 ;   68,74
946,56 ; 249,75 ;   5,867774 ;   69,87
948,56 ; 249,63 ;   5,356813 ;   63,97
950,56 ; 249,71 ;   8,156642 ;   96,12
952,56 ; 249,70 ;   5,017813 ;   59,15
954,57 ; 249,71 ;   6,456479 ;   76,74
956,57 ; 249,73 ;   6,033231 ;   71,27
958,57 ; 249,78 ;   5,868133 ;   69,72
960,57 ; 249,73 ;   5,530545 ;   65,24
962,57 ; 249,78 ;   7,054648 ;   83,25
964,57 ; 249,70 ;   5,358242 ;   63,99
966,57 ; 249,73 ;   7,557374 ;   89,01
968,57 ; 249,73 ;   5,693226 ;   67,24
970,57 ; 249,75 ;   6,207846 ;   73,97
972,58 ; 249,78 ;   6,030707 ;   71,17
974,58 ; 249,84 ;   5,782949 ;   68,19
976,58 ; 249,73 ;   5,357656 ;   63,62
978,58 ; 249,80 ;   7,730126 ;   91,49
980,58 ; 249,82 ;   5,192101 ;   61,36
982,58 ; 249,71 ;   5,944205 ;   70,57
984,58 ; 249,84 ;   7,906065 ;   93,17
986,58 ; 249,84 ;   4,332666 ;   51,76
988,59 ; 249,80 ;   6,031017 ;   71,75
990,59 ; 249,86 ;   6,803948 ;   80,22
992,59 ; 249,80 ;   5,358379 ;   63,62
994,59 ; 249,80 ;   7,144068 ;   84,37
996,59 ; 249,84 ;   6,204136 ;   73,70
998,59 ; 249,93 ;   5,521729 ;   65,20
1000,59 ; 249,80 ;   4,846435 ;   57,61
1002,59 ; 249,84 ;   8,156033 ;   96,49
1004,59 ; 249,88 ;   5,519891 ;   65,27
1006,60 ; 249,84 ;   5,607079 ;   66,21
1008,60 ; 249,89 ;   6,881823 ;   81,44
1010,60 ; 249,88 ;   5,355556 ;   63,49
1012,60 ; 249,84 ;   6,281401 ;   74,29
1014,60 ; 249,84 ;   6,882468 ;   81,50
1016,60 ; 249,87 ;   6,205605 ;   73,50
1018,60 ; 249,91 ;   5,695833 ;   67,84
1020,60 ; 249,91 ;   5,616551 ;   66,10
1022,60 ; 249,84 ;   6,120957 ;   72,80
1024,61 ; 249,91 ;   7,217948 ;   85,61
1026,61 ; 249,86 ;   5,021126 ;   59,39
1028,61 ; 249,89 ;   6,967418 ;   82,72
1030,61 ; 249,95 ;   5,693888 ;   67,69
1032,61 ; 249,86 ;   5,191173 ;   61,69
1034,61 ; 249,87 ;   7,566346 ;   89,45
1036,61 ; 249,91 ;   6,118198 ;   72,00
1038,61 ; 249,87 ;   5,443986 ;   64,83
1040,62 ; 249,88 ;   6,881060 ;   81,39
1042,62 ; 249,86 ;   5,946639 ;   70,55
1044,62 ; 249,93 ;   6,542252 ;   77,51
1046,62 ; 249,95 ;   5,105850 ;   60,73
1048,62 ; 249,95 ;   5,772863 ;   68,50
1050,62 ; 249,93 ;   6,118301 ;   72,52
1052,62 ; 249,98 ;   6,457777 ;   76,79
1054,62 ; 249,93 ;   5,443979 ;   64,26
1056,62 ; 249,84 ;   6,793050 ;   80,82
1058,63 ; 249,93 ;   7,473115 ;   88,44
1060,63 ; 249,97 ;   4,930631 ;   58,13
1062,63 ; 249,89 ;   5,521111 ;   65,73
1064,63 ; 249,98 ;   7,306197 ;   86,63
1066,63 ; 249,95 ;   4,846854 ;   57,65
1068,63 ; 249,98 ;   6,622526 ;   78,04
1070,63 ; 249,98 ;   5,692292 ;   67,02
1072,63 ; 249,97 ;   6,119763 ;   72,37
1074,63 ; 249,82 ;   6,207647 ;   73,79
1076,64 ; 249,95 ;   8,408085 ;   99,49
1078,64 ; 249,91 ;   4,332310 ;   51,36
1080,64 ; 249,91 ;   6,628363 ;   78,44
1082,64 ; 249,95 ;   6,293495 ;   74,53
1084,64 ; 249,95 ;   5,606543 ;   66,10
1086,64 ; 249,95 ;   6,118273 ;   72,79
1088,64 ; 249,95 ;   6,118163 ;   72,80
1090,64 ; 249,93 ;   6,119053 ;   72,81
1092,65 ; 249,99 ;   6,369241 ;   75,66
1094,65 ; 249,88 ;   5,180648 ;   61,62
1096,65 ; 249,97 ;   7,819086 ;   92,22
1098,65 ; 249,97 ;   4,844593 ;   57,88
1100,65 ; 249,91 ;   6,118883 ;   72,59
1102,65 ; 249,95 ;   7,044725 ;   83,97
1104,65 ; 249,97 ;   5,444338 ;   64,76
1106,65 ; 249,95 ;   5,859300 ;   69,95
1108,66 ; 249,95 ;   6,465918 ;   76,89
1110,66 ; 249,98 ;   6,033517 ;   71,47
1112,66 ; 249,95 ;   5,781153 ;   68,55
1114,66 ; 249,95 ;   6,457119 ;   76,82
1116,66 ; 249,99 ;   6,281904 ;   74,24
1118,66 ; 249,98 ;   5,444192 ;   64,39
1120,66 ; 249,95 ;   6,371841 ;   75,25
1122,66 ; 249,97 ;   6,457037 ;   76,84
1124,66 ; 250,04 ;   5,866313 ;   70,00
1126,67 ; 249,97 ;   5,017129 ;   59,89
1128,67 ; 249,99 ;   7,135467 ;   84,70
1130,67 ; 250,00 ;   5,782063 ;   68,41
1132,67 ; 249,95 ;   6,030584 ;   71,00
1134,67 ; 249,88 ;   6,805188 ;   80,86
1136,67 ; 249,91 ;   7,217339 ;   85,65
1138,67 ; 249,84 ;   5,869578 ;   69,37
1140,67 ; 249,97 ;   7,132959 ;   84,77
1142,67 ; 249,91 ;   4,343178 ;   51,36
1144,68 ; 249,99 ;   6,969091 ;   82,70
1146,68 ; 249,95 ;   5,017944 ;   59,13
1148,68 ; 249,98 ;   6,718354 ;   79,61
1150,68 ; 250,06 ;   5,781300 ;   68,67
1152,68 ; 249,88 ;   4,846108 ;   57,05
1154,68 ; 250,04 ;   8,830976 ;  104,44
1156,68 ; 250,00 ;   3,822246 ;   45,29
1158,68 ; 249,93 ;   6,716531 ;   79,12
1160,68 ; 249,91 ;   7,221593 ;   85,23
1162,69 ; 249,91 ;   6,456282 ;   76,05
1164,69 ; 249,98 ;   6,204974 ;   73,39
1166,69 ; 250,02 ;   5,278381 ;   62,03
1168,69 ; 249,91 ;   5,530133 ;   65,62
1170,69 ; 249,99 ;   7,644720 ;   90,78
1172,69 ; 250,02 ;   5,019485 ;   59,21
1174,69 ; 250,00 ;   5,781218 ;   68,31
1176,69 ; 249,99 ;   6,367369 ;   75,16
1178,70 ; 249,99 ;   6,208008 ;   73,90
1180,70 ; 250,04 ;   6,119663 ;   72,57
1182,70 ; 250,02 ;   5,440632 ;   64,04
1184,70 ; 250,06 ;   6,293660 ;   74,90
1186,70 ; 249,99 ;   5,520217 ;   65,11
1188,70 ; 250,02 ;   7,131182 ;   84,58
1190,70 ; 250,00 ;   5,609145 ;   66,87
1192,70 ; 249,95 ;   6,456604 ;   76,47
1194,70 ; 250,00 ;   6,969606 ;   82,42
1196,71 ; 249,95 ;   5,355113 ;   63,11
1198,71 ; 249,98 ;   6,967414 ;   82,42
1200,71 ; 249,99 ;   5,693446 ;   67,39
1202,71 ; 249,97 ;   5,867971 ;   69,90
1204,71 ; 249,98 ;   6,465065 ;   76,84
1206,71 ; 249,99 ;   6,040829 ;   71,41
1208,71 ; 249,91 ;   5,857980 ;   69,90
1210,71 ; 249,97 ;   7,473089 ;   88,22
1212,71 ; 249,98 ;   5,268503 ;   62,16
1214,72 ; 249,99 ;   6,031505 ;   71,43
1216,72 ; 249,95 ;   5,868721 ;   69,93
1218,72 ; 250,02 ;   6,883280 ;   81,13
1220,72 ; 250,08 ;   5,095365 ;   60,32
1222,72 ; 250,09 ;   5,106923 ;   60,98
1224,72 ; 249,99 ;   5,942640 ;   70,24
1226,72 ; 249,99 ;   7,472833 ;   88,62
1228,72 ; 249,93 ;   6,119417 ;   72,59
1230,73 ; 250,02 ;   7,054347 ;   83,96
1232,73 ; 250,00 ;   4,757113 ;   56,22
1234,73 ; 249,95 ;   6,457969 ;   76,52
1236,73 ; 250,00 ;   6,883641 ;   81,04
1238,73 ; 249,97 ;   5,442515 ;   64,50
1240,73 ; 249,93 ;   6,631257 ;   78,21
1242,73 ; 250,10 ;   6,708919 ;   79,97
1244,73 ; 249,99 ;   3,569785 ;   42,02
1246,73 ; 250,04 ;   7,729373 ;   91,32
1248,74 ; 249,93 ;   5,435260 ;   64,07
1250,74 ; 250,02 ;   7,728863 ;   91,99
1252,74 ; 250,08 ;   4,846242 ;   57,66
1254,74 ; 250,02 ;   5,104496 ;   60,98
1256,74 ; 249,97 ;   6,879634 ;   81,61
1258,74 ; 249,99 ;   6,970002 ;   82,20
1260,74 ; 250,02 ;   5,779576 ;   68,58
1262,74 ; 249,99 ;   5,781010 ;   68,33
1264,75 ; 249,98 ;   6,455233 ;   76,60
1266,75 ; 250,00 ;   6,377033 ;   75,44
1268,75 ; 249,93 ;   5,781112 ;   68,50
1270,75 ; 249,97 ;   7,215871 ;   85,31
1272,75 ; 249,95 ;   5,616631 ;   66,18
1274,75 ; 249,97 ;   6,544752 ;   77,13
1276,75 ; 249,95 ;   5,779352 ;   68,87
1278,75 ; 250,00 ;   6,376558 ;   75,72
1280,75 ; 249,98 ;   5,443142 ;   64,53
1282,76 ; 249,93 ;   6,455973 ;   76,81
1284,76 ; 249,95 ;   6,879540 ;   81,34
1286,76 ; 249,97 ;   5,944543 ;   70,48
1288,76 ; 249,99 ;   5,790411 ;   68,90
1290,76 ; 249,91 ;   5,778590 ;   68,65
1292,76 ; 250,00 ;   7,315565 ;   86,88
1294,76 ; 249,95 ;   4,843368 ;   57,89
1296,76 ; 250,00 ;   6,890374 ;   81,12
1298,76 ; 249,97 ;   5,441685 ;   64,58
1300,77 ; 250,02 ;   6,629046 ;   78,28
1302,77 ; 250,04 ;   5,444418 ;   64,41
1304,77 ; 250,05 ;   5,780265 ;   68,17
1306,77 ; 249,95 ;   5,956007 ;   70,75
1308,77 ; 249,99 ;   7,564540 ;   89,14
1310,77 ; 249,95 ;   5,519816 ;   65,99
1312,77 ; 250,02 ;   6,880777 ;   81,21
1314,77 ; 249,98 ;   4,930697 ;   58,99
1316,78 ; 249,99 ;   6,800713 ;   80,88
1318,78 ; 249,98 ;   5,956972 ;   70,02
1320,78 ; 250,02 ;   6,377726 ;   75,53
1322,78 ; 249,99 ;   5,529594 ;   65,75
1324,78 ; 250,02 ;   6,456633 ;   76,70
1326,78 ; 249,98 ;   5,780605 ;   68,43
1328,78 ; 250,00 ;   6,716794 ;   79,54
1330,78 ; 250,05 ;   5,780875 ;   68,60
1332,78 ; 250,02 ;   5,441589 ;   64,08
1334,79 ; 249,91 ;   6,455106 ;   76,36
1336,79 ; 250,02 ;   7,815256 ;   92,25
1338,79 ; 249,99 ;   4,677995 ;   55,07
1340,79 ; 249,99 ;   6,464867 ;   76,70
1342,79 ; 249,99 ;   6,127406 ;   72,69
1344,79 ; 249,93 ;   6,116670 ;   72,70
1346,79 ; 249,95 ;   7,141175 ;   84,06
1348,79 ; 249,95 ;   5,953671 ;   70,54
1350,79 ; 249,98 ;   6,207623 ;   73,22
1352,80 ; 249,98 ;   5,701342 ;   67,54
1354,80 ; 250,05 ;   6,117137 ;   72,90
1356,80 ; 250,00 ;   5,103530 ;   60,11
1358,80 ; 250,06 ;   6,803154 ;   80,66
1360,80 ; 250,00 ;   5,193681 ;   61,27
1362,80 ; 250,00 ;   7,054689 ;   83,33
1364,80 ; 250,00 ;   6,116812 ;   72,63
1366,80 ; 249,97 ;   6,127937 ;   72,63
1368,81 ; 250,04 ;   6,627138 ;   78,32
1370,81 ; 250,02 ;   5,102339 ;   60,19
1372,81 ; 249,99 ;   6,457513 ;   76,47
1374,81 ; 250,00 ;   6,453356 ;   76,72
1376,81 ; 249,97 ;   6,041730 ;   71,29
1378,81 ; 249,97 ;   6,629290 ;   78,31
1380,81 ; 250,04 ;   6,127851 ;   72,97
1382,81 ; 249,99 ;   5,095325 ;   60,18
1384,81 ; 250,04 ;   6,803942 ;   80,73
1386,82 ; 249,97 ;   5,443636 ;   64,19
1388,82 ; 250,00 ;   7,141388 ;   85,00
1390,82 ; 249,98 ;   5,692989 ;   67,28
1392,82 ; 250,02 ;   6,455845 ;   76,90
1394,82 ; 250,00 ;   5,527965 ;   65,78
1396,82 ; 250,05 ;   6,380650 ;   75,30
1398,82 ; 249,99 ;   5,441653 ;   64,10
1400,82 ; 250,08 ;   6,967811 ;   82,06
1402,82 ; 249,99 ;   4,843524 ;   57,07
1404,83 ; 249,98 ;   7,400238 ;   87,41
1406,83 ; 250,00 ;   6,370842 ;   75,54
1408,83 ; 249,97 ;   5,780912 ;   68,61
1410,83 ; 249,99 ;   6,630439 ;   78,30
1412,83 ; 249,98 ;   5,779477 ;   68,70
1414,83 ; 250,02 ;   6,379632 ;   75,55
1416,83 ; 250,04 ;   5,434498 ;   64,35
1418,83 ; 249,98 ;   5,864851 ;   69,53
1420,84 ; 249,99 ;   7,055412 ;   83,56
1422,84 ; 250,05 ;   5,953523 ;   70,03
1424,84 ; 249,98 ;   5,277823 ;   62,76
1426,84 ; 249,95 ;   7,141065 ;   84,90
1428,84 ; 250,02 ;   6,543879 ;   77,14
1430,84 ; 249,91 ;   5,103874 ;   60,34
1432,84 ; 250,05 ;   7,905419 ;   93,69
1434,84 ; 249,95 ;   4,090838 ;   48,08
1436,84 ; 249,93 ;   7,652748 ;   90,60
1438,85 ; 250,06 ;   6,457697 ;   76,08
1440,85 ; 250,02 ;   4,168416 ;   49,25
1442,85 ; 250,02 ;   6,718960 ;   79,07
1444,85 ; 250,06 ;   6,118361 ;   72,38
1446,85 ; 249,99 ;   5,529257 ;   65,27
1448,85 ; 250,00 ;   7,131045 ;   84,74
1450,85 ; 250,04 ;   6,043693 ;   71,29
1452,85 ; 250,00 ;   5,528961 ;   65,52
1454,85 ; 249,99 ;   6,718346 ;   79,30
1456,86 ; 250,02 ;   6,291471 ;   74,04
1458,86 ; 249,89 ;   5,696103 ;   67,02
1460,86 ; 250,04 ;   8,153184 ;   96,53
1462,86 ; 250,04 ;   3,918215 ;   46,81
1464,86 ; 249,97 ;   6,118023 ;   72,20
1466,86 ; 250,02 ;   7,143263 ;   84,99
1468,86 ; 250,02 ;   5,441769 ;   64,43
1470,86 ; 249,98 ;   6,128433 ;   72,45
1472,86 ; 250,00 ;   6,708400 ;   79,56
1474,87 ; 249,95 ;   5,780149 ;   68,61
1476,87 ; 250,04 ;   6,890969 ;   81,15
1478,87 ; 249,99 ;   4,843549 ;   57,50
1480,87 ; 249,95 ;   6,803730 ;   80,73
1482,87 ; 249,98 ;   6,892285 ;   81,24
1484,87 ; 249,99 ;   5,694695 ;   67,54
1486,87 ; 249,99 ;   5,956306 ;   70,05
1488,87 ; 250,02 ;   6,117137 ;   72,73
1490,88 ; 250,05 ;   5,704478 ;   67,04
1492,88 ; 250,08 ;   5,780233 ;   68,12
1494,88 ; 249,97 ;   5,616052 ;   66,44
1496,88 ; 250,05 ;   7,732742 ;   91,67
1498,88 ; 250,00 ;   4,929479 ;   58,75
1500,88 ; 249,99 ;   6,805117 ;   80,63
1502,88 ; 250,02 ;   6,290521 ;   74,04
1504,88 ; 250,06 ;   5,778898 ;   68,44
1506,88 ; 249,97 ;   5,356872 ;   63,92
1508,89 ; 249,93 ;   7,478620 ;   89,00
1510,89 ; 249,98 ;   6,793521 ;   80,05
1512,89 ; 249,95 ;   5,434214 ;   64,86
1514,89 ; 249,99 ;   6,542138 ;   77,14
1516,89 ; 250,02 ;   5,606045 ;   66,03
1518,89 ; 249,99 ;   5,781382 ;   68,46
1520,89 ; 249,98 ;   6,461818 ;   76,73
1522,89 ; 250,02 ;   6,379871 ;   75,56
1524,89 ; 250,02 ;   5,521649 ;   65,79
1526,90 ; 250,00 ;   6,118589 ;   72,46
1528,90 ; 250,05 ;   6,368938 ;   75,30
1530,90 ; 250,02 ;   5,443871 ;   64,10
1532,90 ; 249,91 ;   6,545054 ;   77,80
1534,90 ; 249,95 ;   7,645542 ;   90,93
