Tempo total (s) ;Temperatura (ºC) ; Potencia atual (W) ; Saida
P:   9.00 I: 196.00 D:   0.00 Tensão:4.793 V Temperatura ambiente:     24.58 ºC
2,00 ; 250,87 ;   5,338253 ;   63,91
4,00 ; 250,78 ;   5,423879 ;   64,04
6,00 ; 250,65 ;   5,424401 ;   64,74
8,00 ; 250,63 ;   5,506977 ;   65,88
10,01 ; 250,61 ;   5,511799 ;   65,96
12,01 ; 250,46 ;   5,597752 ;   66,11
14,01 ; 250,38 ;   5,673235 ;   67,41
16,01 ; 250,33 ;   5,761285 ;   68,15
18,01 ; 250,30 ;   5,760753 ;   68,54
20,01 ; 250,17 ;   5,758885 ;   68,72
22,01 ; 250,06 ;   5,847205 ;   69,90
24,01 ; 249,97 ;   5,933999 ;   70,88
26,01 ; 249,93 ;   6,009220 ;   71,73
28,02 ; 249,82 ;   6,098753 ;   72,08
30,02 ; 249,69 ;   6,184087 ;   73,08
32,02 ; 249,71 ;   6,272814 ;   74,31
34,02 ; 249,59 ;   6,269892 ;   74,12
36,02 ; 249,50 ;   6,357564 ;   75,29
38,02 ; 249,45 ;   6,444627 ;   76,11
40,02 ; 249,34 ;   6,442566 ;   76,58
42,02 ; 249,29 ;   6,520667 ;   77,62
44,03 ; 249,29 ;   6,608636 ;   78,18
46,03 ; 249,20 ;   6,609312 ;   78,25
48,03 ; 249,06 ;   6,691927 ;   79,09
50,03 ; 249,07 ;   6,780062 ;   80,44
52,03 ; 249,07 ;   6,781914 ;   80,46
54,03 ; 249,06 ;   6,770805 ;   80,55
56,03 ; 249,02 ;   6,771261 ;   80,70
58,03 ; 248,91 ;   6,857584 ;   81,14
60,03 ; 248,98 ;   6,945804 ;   82,30
62,04 ; 248,99 ;   6,861485 ;   81,76
64,04 ; 248,99 ;   6,868271 ;   81,71
66,04 ; 248,93 ;   6,857580 ;   81,80
68,04 ; 249,00 ;   6,946316 ;   82,47
70,04 ; 249,00 ;   6,861017 ;   81,92
72,04 ; 249,04 ;   6,942555 ;   82,02
74,04 ; 249,05 ;   6,867644 ;   81,75
76,04 ; 249,07 ;   6,858466 ;   81,77
78,04 ; 249,15 ;   6,867939 ;   81,64
80,05 ; 249,18 ;   6,856451 ;   81,02
82,05 ; 249,20 ;   6,771474 ;   80,81
84,05 ; 249,27 ;   6,771752 ;   80,75
86,05 ; 249,31 ;   6,772170 ;   80,18
88,05 ; 249,41 ;   6,695879 ;   79,82
90,05 ; 249,33 ;   6,601180 ;   78,96
92,05 ; 249,48 ;   6,685148 ;   79,80
94,05 ; 249,50 ;   6,606291 ;   78,51
96,06 ; 249,53 ;   6,609744 ;   78,35
98,06 ; 249,57 ;   6,609144 ;   78,11
100,06 ; 249,65 ;   6,521491 ;   77,79
102,06 ; 249,70 ;   6,523839 ;   77,12
104,06 ; 249,80 ;   6,434311 ;   76,73
106,06 ; 249,80 ;   6,347171 ;   75,83
108,06 ; 249,89 ;   6,357379 ;   75,78
110,06 ; 249,91 ;   6,358698 ;   75,02
112,06 ; 250,04 ;   6,261380 ;   74,82
114,07 ; 250,00 ;   6,187395 ;   73,69
116,07 ; 250,13 ;   6,270516 ;   74,04
118,07 ; 250,19 ;   6,097997 ;   72,83
120,07 ; 250,21 ;   6,098534 ;   72,32
122,07 ; 250,15 ;   6,099968 ;   72,09
124,07 ; 250,26 ;   6,095874 ;   72,64
126,07 ; 250,30 ;   6,021726 ;   71,63
128,07 ; 250,30 ;   6,010672 ;   71,25
130,07 ; 250,33 ;   6,013087 ;   71,23
132,08 ; 250,39 ;   5,925234 ;   70,92
134,08 ; 250,41 ;   5,933985 ;   70,32
136,08 ; 250,48 ;   5,936597 ;   70,07
138,08 ; 250,43 ;   5,848270 ;   69,39
140,08 ; 250,41 ;   5,847658 ;   69,84
142,08 ; 250,41 ;   5,848316 ;   69,95
144,08 ; 250,41 ;   5,848631 ;   69,98
146,08 ; 250,39 ;   5,847679 ;   69,87
148,09 ; 250,46 ;   5,925239 ;   70,05
150,09 ; 250,37 ;   5,839140 ;   69,37
152,09 ; 250,37 ;   5,926274 ;   70,18
154,09 ; 250,43 ;   5,934318 ;   70,15
156,09 ; 250,37 ;   5,849401 ;   69,54
158,09 ; 250,35 ;   5,936872 ;   70,07
160,09 ; 250,32 ;   5,933110 ;   70,18
162,09 ; 250,28 ;   5,927193 ;   70,43
164,09 ; 250,23 ;   5,936600 ;   70,76
166,10 ; 250,13 ;   6,013659 ;   71,16
168,10 ; 250,20 ;   6,097427 ;   72,13
170,10 ; 250,13 ;   6,021700 ;   71,48
172,10 ; 250,04 ;   6,100679 ;   72,03
174,10 ; 249,99 ;   6,100400 ;   72,87
176,10 ; 250,09 ;   6,185143 ;   73,29
178,10 ; 249,93 ;   6,100399 ;   72,44
180,10 ; 249,91 ;   6,185307 ;   73,86
182,10 ; 249,89 ;   6,261302 ;   74,00
184,11 ; 249,88 ;   6,273600 ;   74,23
186,11 ; 249,84 ;   6,269924 ;   74,31
188,11 ; 249,82 ;   6,271688 ;   74,67
190,11 ; 249,87 ;   6,272726 ;   74,90
192,11 ; 249,75 ;   6,261310 ;   74,49
194,11 ; 249,71 ;   6,360081 ;   75,57
196,11 ; 249,69 ;   6,351065 ;   75,95
198,11 ; 249,70 ;   6,435651 ;   76,19
200,11 ; 249,62 ;   6,435075 ;   76,14
202,12 ; 249,59 ;   6,435822 ;   76,88
204,12 ; 249,62 ;   6,520859 ;   77,13
206,12 ; 249,64 ;   6,445597 ;   76,95
208,12 ; 249,62 ;   6,445439 ;   76,78
210,12 ; 249,62 ;   6,529723 ;   77,02
212,12 ; 249,59 ;   6,523493 ;   77,06
214,12 ; 249,57 ;   6,521197 ;   77,38
216,12 ; 249,59 ;   6,521141 ;   77,56
218,13 ; 249,50 ;   6,530165 ;   77,45
220,13 ; 249,63 ;   6,610652 ;   78,27
222,13 ; 249,60 ;   6,524319 ;   77,18
224,13 ; 249,65 ;   6,520749 ;   77,43
226,13 ; 249,63 ;   6,521484 ;   77,04
228,13 ; 249,64 ;   6,530278 ;   77,29
230,13 ; 249,63 ;   6,523567 ;   77,18
232,13 ; 249,66 ;   6,520956 ;   77,35
234,13 ; 249,71 ;   6,521812 ;   77,03
236,14 ; 249,70 ;   6,435635 ;   76,64
238,14 ; 249,73 ;   6,435774 ;   76,81
240,14 ; 249,77 ;   6,436468 ;   76,55
242,14 ; 249,76 ;   6,437246 ;   76,15
244,14 ; 249,76 ;   6,436730 ;   76,31
246,14 ; 249,82 ;   6,436683 ;   76,33
248,14 ; 249,80 ;   6,348889 ;   75,79
250,14 ; 249,84 ;   6,356502 ;   75,95
252,14 ; 249,91 ;   6,359770 ;   75,68
254,15 ; 249,80 ;   6,361080 ;   75,06
256,15 ; 249,88 ;   6,349839 ;   75,99
258,15 ; 249,93 ;   6,347603 ;   75,30
260,15 ; 249,97 ;   6,275053 ;   74,88
262,15 ; 249,99 ;   6,265029 ;   74,53
264,15 ; 249,97 ;   6,271951 ;   74,32
266,15 ; 249,95 ;   6,270999 ;   74,54
268,15 ; 250,05 ;   6,273842 ;   74,75
270,16 ; 250,04 ;   6,184890 ;   73,83
272,16 ; 250,11 ;   6,185106 ;   73,90
274,16 ; 250,00 ;   6,186316 ;   73,26
276,16 ; 250,11 ;   6,269767 ;   74,24
278,16 ; 250,02 ;   6,185861 ;   73,25
280,16 ; 250,16 ;   6,274504 ;   74,02
282,16 ; 250,13 ;   6,099612 ;   72,81
284,16 ; 250,19 ;   6,185149 ;   73,08
286,16 ; 250,13 ;   6,099147 ;   72,50
288,17 ; 250,13 ;   6,096445 ;   72,98
290,17 ; 250,17 ;   6,185601 ;   73,04
292,17 ; 250,15 ;   6,100720 ;   72,60
294,17 ; 250,15 ;   6,100645 ;   72,80
296,17 ; 250,17 ;   6,109016 ;   72,78
298,17 ; 250,15 ;   6,099998 ;   72,56
300,17 ; 250,19 ;   6,099302 ;   72,75
302,17 ; 250,15 ;   6,097614 ;   72,39
304,17 ; 250,19 ;   6,108703 ;   72,72
306,18 ; 250,19 ;   6,109104 ;   72,35
308,18 ; 250,16 ;   6,100317 ;   72,34
310,18 ; 250,20 ;   6,100289 ;   72,60
312,18 ; 250,11 ;   6,097765 ;   72,23
314,18 ; 250,08 ;   6,107133 ;   73,00
316,18 ; 250,11 ;   6,185361 ;   73,27
318,18 ; 250,10 ;   6,101110 ;   72,98
320,18 ; 250,05 ;   6,185814 ;   73,04
322,19 ; 250,08 ;   6,194079 ;   73,53
324,19 ; 250,02 ;   6,186023 ;   73,24
326,19 ; 250,05 ;   6,184764 ;   73,73
328,19 ; 250,06 ;   6,186387 ;   73,52
330,19 ; 249,98 ;   6,185884 ;   73,37
332,19 ; 250,02 ;   6,271451 ;   74,15
334,19 ; 250,00 ;   6,189746 ;   73,79
336,19 ; 249,99 ;   6,186705 ;   73,93
338,19 ; 250,00 ;   6,256443 ;   74,00
340,20 ; 249,89 ;   6,174093 ;   73,93
342,20 ; 249,91 ;   6,258929 ;   74,93
344,20 ; 249,95 ;   6,253368 ;   74,80
346,20 ; 249,95 ;   6,256254 ;   74,45
348,20 ; 249,84 ;   6,259821 ;   74,38
350,20 ; 249,88 ;   6,346895 ;   75,38
352,20 ; 249,82 ;   6,349122 ;   75,04
354,20 ; 249,89 ;   6,354479 ;   75,62
356,20 ; 249,77 ;   6,259408 ;   75,00
358,21 ; 249,87 ;   6,443072 ;   76,07
360,21 ; 249,82 ;   6,358386 ;   75,24
362,21 ; 249,84 ;   6,350937 ;   75,68
364,21 ; 249,86 ;   6,355657 ;   75,55
366,21 ; 249,84 ;   6,360465 ;   75,36
368,21 ; 249,78 ;   6,352000 ;   75,51
370,21 ; 249,86 ;   6,438690 ;   76,09
372,21 ; 249,76 ;   6,349552 ;   75,40
374,22 ; 249,80 ;   6,446319 ;   76,34
376,22 ; 249,77 ;   6,447662 ;   76,01
378,22 ; 249,86 ;   6,448592 ;   76,24
380,22 ; 249,80 ;   6,352429 ;   75,48
382,22 ; 249,82 ;   6,444949 ;   76,06
384,22 ; 249,77 ;   6,362344 ;   75,87
386,22 ; 249,87 ;   6,438412 ;   76,31
388,22 ; 249,76 ;   6,351241 ;   75,48
390,22 ; 249,86 ;   6,447316 ;   76,48
392,23 ; 249,80 ;   6,364061 ;   75,58
394,23 ; 249,80 ;   6,443729 ;   76,16
396,23 ; 249,86 ;   6,444219 ;   76,18
398,23 ; 249,82 ;   6,358614 ;   75,63
400,23 ; 249,84 ;   6,442934 ;   76,00
402,23 ; 249,87 ;   6,363648 ;   75,80
404,23 ; 249,89 ;   6,361433 ;   75,60
406,23 ; 249,86 ;   6,348851 ;   75,40
408,24 ; 249,89 ;   6,359370 ;   75,70
410,24 ; 249,87 ;   6,362531 ;   75,43
412,24 ; 249,95 ;   6,350669 ;   75,65
414,24 ; 249,95 ;   6,276315 ;   74,95
416,24 ; 249,93 ;   6,264733 ;   74,96
418,24 ; 249,98 ;   6,349152 ;   75,10
420,24 ; 250,00 ;   6,270895 ;   74,68
422,24 ; 250,04 ;   6,264252 ;   74,47
424,24 ; 250,04 ;   6,273038 ;   74,12
426,25 ; 250,08 ;   6,273042 ;   74,11
428,25 ; 250,02 ;   6,185193 ;   73,76
430,25 ; 250,10 ;   6,258560 ;   74,32
432,25 ; 250,02 ;   6,173973 ;   73,53
434,25 ; 250,10 ;   6,257740 ;   74,31
436,25 ; 250,10 ;   6,180675 ;   73,52
438,25 ; 250,13 ;   6,172810 ;   73,51
440,25 ; 250,11 ;   6,171310 ;   73,22
442,26 ; 250,09 ;   6,173059 ;   73,42
444,26 ; 250,17 ;   6,169456 ;   73,62
446,26 ; 250,13 ;   6,094368 ;   72,84
448,26 ; 250,13 ;   6,174115 ;   73,25
450,26 ; 250,13 ;   6,176407 ;   73,16
452,26 ; 250,06 ;   6,175728 ;   73,15
454,26 ; 250,19 ;   6,164147 ;   73,78
456,26 ; 250,15 ;   6,076314 ;   72,64
458,26 ; 250,11 ;   6,079128 ;   72,97
460,27 ; 250,19 ;   6,166041 ;   73,32
462,27 ; 250,13 ;   6,079997 ;   72,59
464,27 ; 250,16 ;   6,174504 ;   73,15
466,27 ; 250,02 ;   6,090711 ;   72,85
468,27 ; 250,05 ;   6,253048 ;   74,11
470,27 ; 250,02 ;   6,167846 ;   73,83
472,27 ; 250,06 ;   6,254464 ;   74,04
474,27 ; 250,09 ;   6,167152 ;   73,68
476,28 ; 250,10 ;   6,166882 ;   73,46
478,28 ; 250,04 ;   6,176500 ;   73,31
480,28 ; 250,04 ;   6,181818 ;   73,87
482,28 ; 249,98 ;   6,183662 ;   73,87
484,28 ; 250,06 ;   6,272938 ;   74,43
486,28 ; 250,02 ;   6,186491 ;   73,65
488,28 ; 250,04 ;   6,270072 ;   74,07
490,28 ; 249,95 ;   6,184634 ;   73,86
492,28 ; 250,02 ;   6,264192 ;   74,64
494,29 ; 249,87 ;   6,274652 ;   74,00
496,29 ; 249,91 ;   6,348805 ;   75,42
498,29 ; 249,95 ;   6,361137 ;   75,01
500,29 ; 249,87 ;   6,265004 ;   74,66
502,29 ; 249,95 ;   6,356761 ;   75,44
504,29 ; 249,95 ;   6,250077 ;   74,75
506,29 ; 249,91 ;   6,247035 ;   74,68
508,29 ; 249,91 ;   6,338139 ;   75,11
510,30 ; 249,87 ;   6,329873 ;   75,05
512,30 ; 249,88 ;   6,338038 ;   75,48
514,30 ; 249,89 ;   6,342341 ;   75,35
516,30 ; 249,89 ;   6,338882 ;   75,29
518,30 ; 249,93 ;   6,337297 ;   75,30
520,30 ; 249,80 ;   6,239829 ;   74,96
522,30 ; 249,84 ;   6,419179 ;   76,17
524,30 ; 249,88 ;   6,328094 ;   75,83
526,30 ; 249,89 ;   6,334955 ;   75,42
528,31 ; 249,88 ;   6,337653 ;   75,36
530,31 ; 249,84 ;   6,329402 ;   75,44
532,31 ; 249,84 ;   6,339133 ;   75,88
534,31 ; 249,91 ;   6,341420 ;   75,90
536,31 ; 249,84 ;   6,340044 ;   75,20
538,31 ; 249,84 ;   6,337346 ;   75,92
540,31 ; 249,87 ;   6,326934 ;   75,86
542,31 ; 249,87 ;   6,323247 ;   75,66
544,32 ; 249,89 ;   6,328887 ;   75,68
546,32 ; 249,97 ;   6,324406 ;   75,48
548,32 ; 249,89 ;   6,249163 ;   74,78
550,32 ; 249,93 ;   6,336376 ;   75,49
552,32 ; 249,93 ;   6,336690 ;   75,14
554,32 ; 250,00 ;   6,323077 ;   75,15
556,32 ; 249,95 ;   6,251267 ;   74,52
558,32 ; 249,97 ;   6,250462 ;   74,94
560,32 ; 250,02 ;   6,254113 ;   74,81
562,33 ; 249,95 ;   6,242062 ;   74,38
564,33 ; 249,99 ;   6,325089 ;   75,02
566,33 ; 250,02 ;   6,237755 ;   74,60
568,33 ; 250,09 ;   6,229626 ;   74,39
570,33 ; 250,04 ;   6,147428 ;   73,75
572,33 ; 249,95 ;   6,236397 ;   74,16
574,33 ; 249,99 ;   6,322845 ;   75,01
576,33 ; 250,00 ;   6,237745 ;   74,59
578,34 ; 250,04 ;   6,227057 ;   74,52
580,34 ; 249,97 ;   6,238555 ;   74,17
582,34 ; 249,99 ;   6,222528 ;   74,80
584,34 ; 250,11 ;   6,236974 ;   74,59
586,34 ; 249,99 ;   6,135175 ;   73,53
588,34 ; 249,99 ;   6,219276 ;   74,58
590,34 ; 249,99 ;   6,220125 ;   74,58
592,34 ; 250,10 ;   6,225657 ;   74,58
594,34 ; 249,98 ;   6,141332 ;   73,59
596,35 ; 249,97 ;   6,221867 ;   74,72
598,35 ; 250,04 ;   6,224742 ;   74,79
600,35 ; 250,02 ;   6,226283 ;   74,15
602,35 ; 250,02 ;   6,232223 ;   74,36
604,35 ; 250,02 ;   6,230847 ;   74,29
606,35 ; 249,97 ;   6,234416 ;   74,36
608,35 ; 250,05 ;   6,242091 ;   74,78
610,35 ; 250,04 ;   6,234249 ;   74,08
612,36 ; 250,00 ;   6,249875 ;   74,14
614,36 ; 250,02 ;   6,248384 ;   74,50
616,36 ; 249,95 ;   6,242687 ;   74,28
618,36 ; 249,95 ;   6,250405 ;   74,92
620,36 ; 250,00 ;   6,253006 ;   74,99
622,36 ; 249,98 ;   6,258090 ;   74,50
624,36 ; 249,95 ;   6,262400 ;   74,72
626,36 ; 249,93 ;   6,258287 ;   74,93
628,36 ; 249,99 ;   6,346341 ;   75,15
630,37 ; 249,93 ;   6,258659 ;   74,59
632,37 ; 249,98 ;   6,336465 ;   75,16
634,37 ; 249,98 ;   6,267843 ;   74,74
636,37 ; 249,95 ;   6,265824 ;   74,74
638,37 ; 250,02 ;   6,272081 ;   74,95
640,37 ; 250,00 ;   6,269956 ;   74,32
642,37 ; 249,95 ;   6,263446 ;   74,53
644,37 ; 250,00 ;   6,275291 ;   74,96
646,38 ; 250,02 ;   6,278110 ;   74,53
648,38 ; 249,99 ;   6,266718 ;   74,39
650,38 ; 249,98 ;   6,282163 ;   74,60
652,38 ; 249,93 ;   6,275762 ;   74,75
654,38 ; 249,99 ;   6,363604 ;   75,17
656,38 ; 249,98 ;   6,287049 ;   74,61
658,38 ; 249,98 ;   6,290387 ;   74,76
660,38 ; 249,95 ;   6,279445 ;   74,76
662,39 ; 249,93 ;   6,374201 ;   75,04
664,39 ; 249,97 ;   6,374255 ;   75,19
666,39 ; 249,95 ;   6,289519 ;   74,84
668,39 ; 249,91 ;   6,279443 ;   74,99
670,39 ; 250,02 ;   6,377560 ;   75,42
672,39 ; 250,00 ;   6,291463 ;   74,43
674,39 ; 250,02 ;   6,283904 ;   74,57
676,39 ; 250,00 ;   6,289634 ;   74,36
678,39 ; 249,99 ;   6,293055 ;   74,57
680,40 ; 250,00 ;   6,280781 ;   74,64
682,40 ; 250,02 ;   6,285194 ;   74,57
684,40 ; 249,95 ;   6,276151 ;   74,43
686,40 ; 250,00 ;   6,353962 ;   75,07
688,40 ; 250,00 ;   6,289042 ;   74,57
690,40 ; 250,10 ;   6,277570 ;   74,57
692,40 ; 250,05 ;   6,204860 ;   73,65
694,40 ; 250,09 ;   6,289284 ;   74,14
696,41 ; 250,06 ;   6,204825 ;   73,78
698,41 ; 250,00 ;   6,207542 ;   73,98
700,41 ; 250,13 ;   6,289057 ;   74,55
702,41 ; 250,06 ;   6,196434 ;   73,41
704,41 ; 250,02 ;   6,206313 ;   73,97
706,41 ; 250,05 ;   6,292980 ;   74,39
708,41 ; 250,11 ;   6,293047 ;   74,10
710,41 ; 250,08 ;   6,216262 ;   73,53
712,41 ; 250,16 ;   6,208878 ;   73,80
714,42 ; 250,05 ;   6,205958 ;   73,09
716,42 ; 250,11 ;   6,296038 ;   74,07
718,42 ; 250,09 ;   6,202831 ;   73,49
720,42 ; 250,06 ;   6,198921 ;   73,70
722,42 ; 250,15 ;   6,185966 ;   73,90
724,42 ; 250,08 ;   6,189761 ;   73,12
726,42 ; 250,06 ;   6,207087 ;   73,74
728,42 ; 250,04 ;   6,205798 ;   73,88
730,43 ; 250,13 ;   6,305577 ;   74,08
732,43 ; 250,02 ;   6,221615 ;   73,30
734,43 ; 250,05 ;   6,300140 ;   74,28
736,43 ; 250,02 ;   6,223092 ;   74,00
738,43 ; 250,13 ;   6,300294 ;   74,20
740,43 ; 250,05 ;   6,218295 ;   73,28
742,43 ; 250,02 ;   6,219905 ;   73,98
744,43 ; 250,11 ;   6,307582 ;   74,26
746,43 ; 250,09 ;   6,221893 ;   73,40
748,44 ; 250,04 ;   6,218511 ;   73,61
750,44 ; 250,06 ;   6,309925 ;   74,02
752,44 ; 250,09 ;   6,221324 ;   73,81
754,44 ; 250,05 ;   6,223341 ;   73,59
756,44 ; 250,08 ;   6,224465 ;   73,94
758,44 ; 250,02 ;   6,220335 ;   73,65
760,44 ; 250,06 ;   6,312840 ;   74,21
762,44 ; 250,02 ;   6,226480 ;   73,78
764,45 ; 250,02 ;   6,303344 ;   74,13
766,45 ; 250,04 ;   6,317296 ;   74,13
768,45 ; 250,11 ;   6,225090 ;   73,98
770,45 ; 250,05 ;   6,224684 ;   73,34
772,45 ; 250,02 ;   6,226058 ;   73,90
774,45 ; 250,00 ;   6,315883 ;   74,18
776,45 ; 250,00 ;   6,300965 ;   74,32
778,45 ; 250,06 ;   6,314737 ;   74,32
780,45 ; 250,09 ;   6,224169 ;   73,75
782,46 ; 250,09 ;   6,223975 ;   73,53
784,46 ; 250,02 ;   6,223841 ;   73,53
786,46 ; 249,99 ;   6,303759 ;   74,16
788,46 ; 250,00 ;   6,312940 ;   74,37
790,46 ; 250,04 ;   6,312208 ;   74,30
792,46 ; 250,02 ;   6,234812 ;   73,94
794,46 ; 250,04 ;   6,314641 ;   74,08
796,46 ; 250,06 ;   6,226802 ;   73,94
798,47 ; 250,02 ;   6,227177 ;   73,72
800,47 ; 250,04 ;   6,303980 ;   74,07
802,47 ; 250,05 ;   6,228830 ;   73,93
804,47 ; 250,02 ;   6,226869 ;   73,85
806,47 ; 250,02 ;   6,312041 ;   74,13
808,47 ; 250,09 ;   6,315729 ;   74,13
810,47 ; 250,04 ;   6,228499 ;   73,49
812,47 ; 250,09 ;   6,220802 ;   73,91
814,47 ; 250,02 ;   6,228153 ;   73,48
816,48 ; 250,06 ;   6,314250 ;   74,04
818,48 ; 250,06 ;   6,221058 ;   73,68
820,48 ; 249,97 ;   6,230552 ;   73,67
822,48 ; 250,08 ;   6,310548 ;   74,52
824,48 ; 250,02 ;   6,224568 ;   73,53
826,48 ; 250,02 ;   6,302109 ;   74,02
828,48 ; 250,08 ;   6,314260 ;   74,02
830,48 ; 250,06 ;   6,225737 ;   73,52
832,49 ; 250,08 ;   6,224196 ;   73,65
834,49 ; 250,05 ;   6,217353 ;   73,51
836,49 ; 250,00 ;   6,225312 ;   73,78
838,49 ; 250,09 ;   6,314533 ;   74,20
840,49 ; 250,09 ;   6,224867 ;   73,42
842,49 ; 249,99 ;   6,226136 ;   73,41
844,49 ; 250,00 ;   6,301901 ;   74,26
846,49 ; 250,04 ;   6,313046 ;   74,19
848,50 ; 250,06 ;   6,216586 ;   73,83
850,50 ; 250,08 ;   6,213789 ;   73,62
852,50 ; 250,04 ;   6,213629 ;   73,47
854,50 ; 250,05 ;   6,213621 ;   73,82
856,50 ; 250,06 ;   6,220227 ;   73,74
858,50 ; 250,00 ;   6,213106 ;   73,60
860,50 ; 250,05 ;   6,298812 ;   74,16
862,50 ; 250,04 ;   6,211036 ;   73,73
864,50 ; 250,02 ;   6,213784 ;   73,80
866,51 ; 250,05 ;   6,224751 ;   73,94
868,51 ; 250,02 ;   6,224007 ;   73,72
870,51 ; 250,02 ;   6,215954 ;   73,93
872,51 ; 250,04 ;   6,300445 ;   74,00
874,51 ; 250,04 ;   6,224767 ;   73,79
876,51 ; 250,04 ;   6,226969 ;   73,78
878,51 ; 249,95 ;   6,228794 ;   73,78
880,51 ; 250,06 ;   6,305652 ;   74,56
882,52 ; 250,00 ;   6,221974 ;   73,57
884,52 ; 249,99 ;   6,309143 ;   74,13
886,52 ; 250,02 ;   6,306405 ;   74,20
888,52 ; 249,98 ;   6,219049 ;   73,99
890,52 ; 250,02 ;   6,309681 ;   74,34
892,52 ; 249,98 ;   6,221184 ;   73,92
894,52 ; 250,02 ;   6,307499 ;   74,34
896,52 ; 249,97 ;   6,221361 ;   73,99
898,53 ; 249,98 ;   6,307507 ;   74,41
900,53 ; 250,00 ;   6,307737 ;   74,34
902,53 ; 250,02 ;   6,310304 ;   74,13
904,53 ; 249,93 ;   6,220123 ;   73,92
906,53 ; 250,02 ;   6,308114 ;   74,77
908,53 ; 250,02 ;   6,219302 ;   74,00
910,53 ; 250,02 ;   6,220412 ;   73,92
912,53 ; 249,95 ;   6,215731 ;   73,99
914,53 ; 249,97 ;   6,304685 ;   74,63
916,54 ; 249,99 ;   6,302551 ;   74,42
918,54 ; 250,04 ;   6,294628 ;   74,21
920,54 ; 250,02 ;   6,220571 ;   73,79
922,54 ; 249,95 ;   6,209751 ;   74,00
924,54 ; 250,02 ;   6,287076 ;   74,63
926,54 ; 250,04 ;   6,192218 ;   74,00
928,54 ; 250,02 ;   6,204878 ;   73,79
930,54 ; 249,98 ;   6,204301 ;   73,92
932,55 ; 250,02 ;   6,291053 ;   74,35
934,55 ; 250,05 ;   6,206353 ;   73,92
936,55 ; 250,02 ;   6,215850 ;   73,71
938,55 ; 249,99 ;   6,208519 ;   73,92
940,55 ; 249,98 ;   6,294209 ;   74,20
942,55 ; 249,99 ;   6,294385 ;   74,34
944,55 ; 249,97 ;   6,296010 ;   74,20
946,55 ; 249,97 ;   6,296242 ;   74,42
948,55 ; 250,05 ;   6,298419 ;   74,42
950,56 ; 249,97 ;   6,211027 ;   73,71
952,56 ; 249,93 ;   6,299085 ;   74,42
954,56 ; 249,97 ;   6,298261 ;   74,78
956,56 ; 249,99 ;   6,299943 ;   74,43
958,56 ; 250,00 ;   6,300121 ;   74,22
960,56 ; 250,02 ;   6,300315 ;   74,15
962,56 ; 249,98 ;   6,291155 ;   74,00
964,56 ; 249,95 ;   6,293661 ;   74,36
966,57 ; 249,95 ;   6,291959 ;   74,57
968,57 ; 249,95 ;   6,295764 ;   74,58
970,57 ; 249,98 ;   6,285010 ;   74,65
972,57 ; 250,02 ;   6,296243 ;   74,37
974,57 ; 249,95 ;   6,208586 ;   73,95
976,57 ; 250,02 ;   6,295635 ;   74,66
978,57 ; 249,97 ;   6,293590 ;   74,02
980,57 ; 250,06 ;   6,294362 ;   74,45
982,57 ; 249,98 ;   6,208799 ;   73,60
984,58 ; 249,95 ;   6,295216 ;   74,37
986,58 ; 250,00 ;   6,291671 ;   74,59
988,58 ; 249,98 ;   6,303610 ;   74,17
990,58 ; 249,99 ;   6,303078 ;   74,38
992,58 ; 250,02 ;   6,295922 ;   74,24
994,58 ; 250,06 ;   6,296730 ;   74,03
996,58 ; 250,09 ;   6,209125 ;   73,60
998,58 ; 250,02 ;   6,221800 ;   73,38
1000,59 ; 250,00 ;   6,215189 ;   73,94
1002,59 ; 250,02 ;   6,300796 ;   74,15
1004,59 ; 250,10 ;   6,214979 ;   73,94
1006,59 ; 249,97 ;   6,214336 ;   73,23
1008,59 ; 250,10 ;   6,301729 ;   74,43
1010,59 ; 250,09 ;   6,216595 ;   73,22
1012,59 ; 250,02 ;   6,216445 ;   73,35
1014,59 ; 250,04 ;   6,215966 ;   73,99
1016,59 ; 250,05 ;   6,219581 ;   73,77
1018,60 ; 250,00 ;   6,215553 ;   73,70
1020,60 ; 250,06 ;   6,304136 ;   74,12
1022,60 ; 250,02 ;   6,217520 ;   73,55
1024,60 ; 250,04 ;   6,226672 ;   73,90
1026,60 ; 250,11 ;   6,219326 ;   73,75
1028,60 ; 250,09 ;   6,219788 ;   73,11
1030,60 ; 250,05 ;   6,219094 ;   73,32
1032,60 ; 250,02 ;   6,218978 ;   73,66
1034,61 ; 250,02 ;   6,220178 ;   73,87
1036,61 ; 250,17 ;   6,219242 ;   73,87
1038,61 ; 250,09 ;   6,130321 ;   72,52
1040,61 ; 250,00 ;   6,220503 ;   73,28
1042,61 ; 250,05 ;   6,307474 ;   74,06
1044,61 ; 250,05 ;   6,220595 ;   73,63
1046,61 ; 249,45 ;   6,221810 ;   73,63
1048,61 ; 247,84 ;   6,730950 ;   79,02
1050,62 ; 245,80 ;   7,923912 ;   93,77
1052,62 ; 243,86 ;   9,545012 ;  112,44
1054,62 ; 242,14 ;   10,526964 ;  125,00
1056,62 ; 240,61 ;   6,077757 ;   71,46
1058,62 ; 239,36 ;   7,320408 ;   86,10
1060,62 ; 238,32 ;   8,348254 ;   98,33
1062,62 ; 237,42 ;   9,200692 ;  108,75
1064,62 ; 236,77 ;   9,966729 ;  118,00
1066,63 ; 236,27 ;   10,521825 ;  125,00
1068,63 ; 235,88 ;   10,552173 ;  124,87
1070,63 ; 235,41 ;   10,554160 ;  125,00
1072,63 ; 235,24 ;   10,553279 ;  125,00
1074,63 ; 235,26 ;   10,555226 ;  125,00
1076,63 ; 235,19 ;   10,554179 ;  125,00
1078,63 ; 235,32 ;   10,555326 ;  125,00
1080,63 ; 235,41 ;   10,545914 ;  125,00
1082,63 ; 235,59 ;   10,554154 ;  125,00
1084,64 ; 235,87 ;   10,545081 ;  125,00
1086,64 ; 236,09 ;   10,551780 ;  125,00
1088,64 ; 236,45 ;   10,551426 ;  125,00
1090,64 ; 236,86 ;   10,487527 ;  123,24
1092,64 ; 237,28 ;   10,228278 ;  120,72
1094,64 ; 237,70 ;   10,053705 ;  118,09
1096,64 ; 238,23 ;   9,799453 ;  115,49
1098,64 ; 238,72 ;   9,448534 ;  111,72
1100,65 ; 239,30 ;   9,200322 ;  108,40
1102,65 ; 239,92 ;   8,861447 ;  104,11
1104,65 ; 240,36 ;   8,434490 ;   99,48
1106,65 ; 240,91 ;   8,174292 ;   96,43
1108,65 ; 241,48 ;   7,846298 ;   92,34
1110,65 ; 242,13 ;   7,414474 ;   87,99
1112,65 ; 242,67 ;   6,999781 ;   82,81
1114,65 ; 243,29 ;   6,653645 ;   78,63
1116,66 ; 243,80 ;   6,236575 ;   73,70
1118,66 ; 244,38 ;   5,888142 ;   69,62
1120,66 ; 244,92 ;   5,461557 ;   64,94
1122,66 ; 245,39 ;   5,123740 ;   60,55
1124,66 ; 245,94 ;   4,787364 ;   56,76
1126,66 ; 246,31 ;   4,438356 ;   52,21
1128,66 ; 246,78 ;   4,185596 ;   49,17
1130,66 ; 247,15 ;   3,848193 ;   45,25
1132,67 ; 247,55 ;   3,596886 ;   42,21
1134,67 ; 247,88 ;   3,248063 ;   38,78
1136,67 ; 248,23 ;   3,075545 ;   36,09
1138,67 ; 248,58 ;   2,820465 ;   33,02
1140,67 ; 248,78 ;   2,567020 ;   30,05
1142,67 ; 249,00 ;   2,374147 ;   28,34
1144,67 ; 249,13 ;   2,199905 ;   26,46
1146,67 ; 249,27 ;   2,112696 ;   25,34
1148,67 ; 249,39 ;   2,023687 ;   24,22
1150,68 ; 249,48 ;   1,946786 ;   23,15
1152,68 ; 249,45 ;   1,867507 ;   22,35
1154,68 ; 249,51 ;   1,863699 ;   22,68
1156,68 ; 249,44 ;   1,855539 ;   22,24
1158,68 ; 249,33 ;   1,864791 ;   22,92
1160,68 ; 249,27 ;   1,954863 ;   23,97
1162,68 ; 249,23 ;   2,036244 ;   24,60
1164,68 ; 249,00 ;   2,037786 ;   24,95
1166,68 ; 248,80 ;   2,289541 ;   27,15
1168,69 ; 248,66 ;   2,453584 ;   29,02
1170,69 ; 248,30 ;   2,539399 ;   30,40
1172,69 ; 248,16 ;   2,789285 ;   33,87
1174,69 ; 247,93 ;   2,960357 ;   35,23
1176,69 ; 247,59 ;   3,126608 ;   37,53
1178,69 ; 247,37 ;   3,383461 ;   40,77
1180,69 ; 246,99 ;   3,642918 ;   43,06
1182,69 ; 246,75 ;   3,891466 ;   46,71
1184,70 ; 246,38 ;   4,141910 ;   49,18
1186,70 ; 246,16 ;   4,392258 ;   52,82
1188,70 ; 245,81 ;   4,648242 ;   55,14
1190,70 ; 245,50 ;   4,910778 ;   58,69
1192,70 ; 245,31 ;   5,159813 ;   61,92
1194,70 ; 244,91 ;   5,411841 ;   64,04
1196,70 ; 244,65 ;   5,757655 ;   68,16
1198,70 ; 244,29 ;   5,921409 ;   70,97
1200,70 ; 244,03 ;   6,256339 ;   74,73
1202,70 ; 243,78 ;   6,507126 ;   77,60
1204,71 ; 243,53 ;   6,765144 ;   80,42
1206,71 ; 243,28 ;   7,017297 ;   83,27
1208,71 ; 243,04 ;   7,277071 ;   86,13
1210,71 ; 242,89 ;   7,438884 ;   88,95
1212,71 ; 242,73 ;   7,612261 ;   90,94
1214,71 ; 242,56 ;   7,860063 ;   93,02
1216,71 ; 242,43 ;   8,034124 ;   95,25
1218,71 ; 242,34 ;   8,207720 ;   97,14
1220,72 ; 242,24 ;   8,284575 ;   98,69
1222,72 ; 242,13 ;   8,460053 ;  100,24
1224,72 ; 242,19 ;   8,532565 ;  101,95
1226,72 ; 242,05 ;   8,624678 ;  102,18
1228,72 ; 242,05 ;   8,793801 ;  104,10
1230,72 ; 242,05 ;   8,796519 ;  104,83
1232,72 ; 242,16 ;   8,883744 ;  105,63
1234,72 ; 242,16 ;   8,885241 ;  105,37
1236,72 ; 242,25 ;   8,964470 ;  106,09
1238,73 ; 242,34 ;   8,876029 ;  105,96
1240,73 ; 242,46 ;   8,877204 ;  105,89
1242,73 ; 242,59 ;   8,876728 ;  105,46
1244,73 ; 242,78 ;   8,887269 ;  105,01
1246,73 ; 243,04 ;   8,716030 ;  103,92
1248,73 ; 243,21 ;   8,627944 ;  102,24
1250,73 ; 243,41 ;   8,551611 ;  101,31
1252,73 ; 243,63 ;   8,456866 ;  100,09
1254,74 ; 243,88 ;   8,292153 ;   98,71
1256,74 ; 244,07 ;   8,202947 ;   97,09
1258,74 ; 244,34 ;   8,041799 ;   95,88
1260,74 ; 244,59 ;   7,947454 ;   94,01
1262,74 ; 244,97 ;   7,781927 ;   92,18
1264,74 ; 245,18 ;   7,531454 ;   89,27
1266,74 ; 245,48 ;   7,370877 ;   87,82
1268,74 ; 245,75 ;   7,188652 ;   85,49
1270,75 ; 246,07 ;   7,025818 ;   83,49
1272,75 ; 246,38 ;   6,766175 ;   80,97
1274,75 ; 246,58 ;   6,601177 ;   78,49
1276,75 ; 246,93 ;   6,516236 ;   77,04
1278,75 ; 247,13 ;   6,265621 ;   74,16
1280,75 ; 247,37 ;   6,103284 ;   72,60
1282,75 ; 247,62 ;   5,929010 ;   70,73
1284,75 ; 247,90 ;   5,755560 ;   68,70
1286,75 ; 248,06 ;   5,595274 ;   66,36
1288,76 ; 248,36 ;   5,509282 ;   65,06
1290,76 ; 248,50 ;   5,250416 ;   62,54
1292,76 ; 248,77 ;   5,162197 ;   61,41
1294,76 ; 248,93 ;   5,002004 ;   59,06
1296,76 ; 249,13 ;   4,826965 ;   57,76
1298,76 ; 249,22 ;   4,751919 ;   56,01
1300,76 ; 249,41 ;   4,662317 ;   55,31
1302,76 ; 249,48 ;   4,493169 ;   53,60
1304,77 ; 249,64 ;   4,491356 ;   53,09
1306,77 ; 249,73 ;   4,327769 ;   51,64
1308,77 ; 249,70 ;   4,241887 ;   50,90
1310,77 ; 249,71 ;   4,318527 ;   51,21
1312,77 ; 249,84 ;   4,319078 ;   51,09
1314,77 ; 249,70 ;   4,154493 ;   49,98
1316,77 ; 249,73 ;   4,318180 ;   51,28
1318,77 ; 249,70 ;   4,240085 ;   50,95
1320,77 ; 249,73 ;   4,328475 ;   51,33
1322,78 ; 249,73 ;   4,328872 ;   51,07
1324,78 ; 249,57 ;   4,319160 ;   51,03
1326,78 ; 249,56 ;   4,404363 ;   52,54
1328,78 ; 249,45 ;   4,405659 ;   52,65
1330,78 ; 249,44 ;   4,494084 ;   53,69
1332,78 ; 249,31 ;   4,490846 ;   53,88
1334,78 ; 249,20 ;   4,655727 ;   55,07
1336,78 ; 249,09 ;   4,740133 ;   56,12
1338,78 ; 248,93 ;   4,837628 ;   57,19
1340,79 ; 248,80 ;   4,915543 ;   58,77
1342,79 ; 248,67 ;   5,085384 ;   60,07
1344,79 ; 248,54 ;   5,174354 ;   61,32
1346,79 ; 248,36 ;   5,250273 ;   62,65
1348,79 ; 248,25 ;   5,422796 ;   64,42
1350,79 ; 248,10 ;   5,510262 ;   65,56
1352,79 ; 247,92 ;   5,683499 ;   67,07
1354,79 ; 247,77 ;   5,759208 ;   68,88
1356,80 ; 247,53 ;   5,934745 ;   70,42
1358,80 ; 247,57 ;   6,098205 ;   72,83
1360,80 ; 247,37 ;   6,097637 ;   72,70
1362,80 ; 247,28 ;   6,268929 ;   74,77
1364,80 ; 247,16 ;   6,347652 ;   75,79
1366,80 ; 247,00 ;   6,519630 ;   77,11
1368,80 ; 247,02 ;   6,606923 ;   78,86
1370,80 ; 246,82 ;   6,604759 ;   78,99
1372,80 ; 246,80 ;   6,856622 ;   81,04
1374,81 ; 246,69 ;   6,854811 ;   81,55
1376,81 ; 246,54 ;   6,949340 ;   82,84
1378,81 ; 246,53 ;   7,104447 ;   84,49
1380,81 ; 246,49 ;   7,104946 ;   84,88
1382,81 ; 246,40 ;   7,200922 ;   85,56
1384,81 ; 246,43 ;   7,274764 ;   86,73
1386,81 ; 246,34 ;   7,276822 ;   86,78
1388,81 ; 246,41 ;   7,370268 ;   87,96
1390,82 ; 246,29 ;   7,369958 ;   87,66
1392,82 ; 246,40 ;   7,531828 ;   89,05
1394,82 ; 246,41 ;   7,446438 ;   88,40
1396,82 ; 246,41 ;   7,449705 ;   88,66
1398,82 ; 246,47 ;   7,447233 ;   88,99
1400,82 ; 246,51 ;   7,456048 ;   88,75
1402,82 ; 246,55 ;   7,446134 ;   88,72
1404,82 ; 246,65 ;   7,402865 ;   88,61
1406,83 ; 246,77 ;   7,400299 ;   88,08
1408,83 ; 246,73 ;   7,335109 ;   87,25
1410,83 ; 246,82 ;   7,338359 ;   87,97
1412,83 ; 247,02 ;   7,338458 ;   87,42
1414,83 ; 247,13 ;   7,163418 ;   85,87
1416,83 ; 247,21 ;   7,180152 ;   85,14
1418,83 ; 247,39 ;   7,086257 ;   84,70
1420,83 ; 247,45 ;   7,013824 ;   83,32
1422,83 ; 247,59 ;   7,010682 ;   83,06
1424,84 ; 247,71 ;   6,839153 ;   81,95
1426,84 ; 247,92 ;   6,841306 ;   81,10
1428,84 ; 248,01 ;   6,678704 ;   79,40
1430,84 ; 248,04 ;   6,592072 ;   78,81
1432,84 ; 248,19 ;   6,575520 ;   78,71
1434,84 ; 248,34 ;   6,494353 ;   77,54
1436,84 ; 248,48 ;   6,408073 ;   76,35
1438,84 ; 248,65 ;   6,312272 ;   75,23
1440,85 ; 248,80 ;   6,156948 ;   73,80
1442,85 ; 248,87 ;   6,072662 ;   72,51
1444,85 ; 248,87 ;   6,071170 ;   72,05
1446,85 ; 249,13 ;   6,071422 ;   72,15
1448,85 ; 249,20 ;   5,824838 ;   69,84
1450,85 ; 249,29 ;   5,826942 ;   69,35
1452,85 ; 249,33 ;   5,746028 ;   68,58
1454,85 ; 249,48 ;   5,746298 ;   68,29
1456,85 ; 249,50 ;   5,574711 ;   66,93
1458,86 ; 249,59 ;   5,573967 ;   66,83
1460,86 ; 249,73 ;   5,582026 ;   66,10
1462,86 ; 249,77 ;   5,411808 ;   64,79
1464,86 ; 249,67 ;   5,410351 ;   64,45
1466,86 ; 249,78 ;   5,495959 ;   65,40
1468,86 ; 249,91 ;   5,411120 ;   64,43
1470,86 ; 249,86 ;   5,323985 ;   63,32
1472,86 ; 249,82 ;   5,325132 ;   63,75
1474,87 ; 249,91 ;   5,411416 ;   64,12
1476,87 ; 249,95 ;   5,324275 ;   63,36
1478,87 ; 249,98 ;   5,235858 ;   62,94
1480,87 ; 249,93 ;   5,239419 ;   62,73
1482,87 ; 249,87 ;   5,325709 ;   63,16
1484,87 ; 249,86 ;   5,323576 ;   63,73
1486,87 ; 249,80 ;   5,325124 ;   63,82
1488,87 ; 249,80 ;   5,409505 ;   64,33
1490,87 ; 249,84 ;   5,411560 ;   64,34
1492,88 ; 249,77 ;   5,410621 ;   64,01
1494,88 ; 249,73 ;   5,410243 ;   64,66
1496,88 ; 249,69 ;   5,497030 ;   65,04
1498,88 ; 249,53 ;   5,496159 ;   65,49
1500,88 ; 249,62 ;   5,586020 ;   66,94
1502,88 ; 249,42 ;   5,583774 ;   66,20
1504,88 ; 249,42 ;   5,746563 ;   68,01
1506,88 ; 249,23 ;   5,748743 ;   68,06
1508,89 ; 249,23 ;   5,834566 ;   69,82
1510,89 ; 249,24 ;   5,832685 ;   69,89
1512,89 ; 249,09 ;   5,834514 ;   69,89
1514,89 ; 249,17 ;   5,966168 ;   71,31
1516,89 ; 248,99 ;   5,920604 ;   70,68
1518,89 ; 249,02 ;   6,085419 ;   72,39
1520,89 ; 248,87 ;   6,091677 ;   72,20
1522,89 ; 248,93 ;   6,171956 ;   73,71
1524,89 ; 248,87 ;   6,170949 ;   73,25
1526,90 ; 248,84 ;   6,168808 ;   73,91
1528,90 ; 248,69 ;   6,260306 ;   74,23
1530,90 ; 248,66 ;   6,343478 ;   75,76
1532,90 ; 248,60 ;   6,427483 ;   76,09
1534,90 ; 248,54 ;   6,433170 ;   76,78
1536,90 ; 248,56 ;   6,509865 ;   77,48
1538,90 ; 248,49 ;   6,510676 ;   77,40
1540,90 ; 248,39 ;   6,602860 ;   78,17
1542,91 ; 248,45 ;   6,681156 ;   79,23
1544,91 ; 248,39 ;   6,592773 ;   78,81
1546,91 ; 248,41 ;   6,680520 ;   79,52
1548,91 ; 248,34 ;   6,674563 ;   79,53
1550,91 ; 248,36 ;   6,715089 ;   80,24
1552,91 ; 248,36 ;   6,723260 ;   80,25
1554,91 ; 248,45 ;   6,727877 ;   80,40
1556,91 ; 248,45 ;   6,657279 ;   79,77
1558,91 ; 248,34 ;   6,653010 ;   79,92
1560,92 ; 248,41 ;   6,732355 ;   80,98
1562,92 ; 248,54 ;   6,742040 ;   80,57
1564,92 ; 248,54 ;   6,648461 ;   79,51
1566,92 ; 248,54 ;   6,647561 ;   79,64
1568,92 ; 248,58 ;   6,648958 ;   79,77
1570,92 ; 248,65 ;   6,648162 ;   79,55
1572,92 ; 248,69 ;   6,648287 ;   79,05
1574,92 ; 248,72 ;   6,572607 ;   78,81
1576,93 ; 248,78 ;   6,572011 ;   78,65
1578,93 ; 248,72 ;   6,575297 ;   78,20
1580,93 ; 248,87 ;   6,566301 ;   78,88
1582,93 ; 248,94 ;   6,488770 ;   77,65
1584,93 ; 249,00 ;   6,490552 ;   77,11
1586,93 ; 248,96 ;   6,402438 ;   76,64
1588,93 ; 249,07 ;   6,488315 ;   77,09
1590,93 ; 249,15 ;   6,412655 ;   76,19
1592,93 ; 249,15 ;   6,327642 ;   75,57
1594,94 ; 249,26 ;   6,319779 ;   75,64
1596,94 ; 249,33 ;   6,232673 ;   74,73
1598,94 ; 249,44 ;   6,240377 ;   74,16
1600,94 ; 249,51 ;   6,141677 ;   73,22
1602,94 ; 249,48 ;   6,061356 ;   72,64
1604,94 ; 249,48 ;   6,062763 ;   72,97
1606,94 ; 249,53 ;   6,149358 ;   73,01
1608,94 ; 249,64 ;   6,064041 ;   72,56
1610,95 ; 249,66 ;   5,989084 ;   71,61
1612,95 ; 249,64 ;   5,979508 ;   71,43
1614,95 ; 249,67 ;   5,980995 ;   71,68
1616,95 ; 249,73 ;   5,990344 ;   71,43
1618,95 ; 249,73 ;   5,895512 ;   70,89
1620,95 ; 249,80 ;   5,905624 ;   70,91
1622,95 ; 249,87 ;   5,895184 ;   70,30
1624,95 ; 249,82 ;   5,821578 ;   69,75
1626,95 ; 249,91 ;   5,903788 ;   70,19
1628,96 ; 249,89 ;   5,810768 ;   69,42
1630,96 ; 249,89 ;   5,809061 ;   69,57
1632,96 ; 249,91 ;   5,810949 ;   69,58
1634,96 ; 249,95 ;   5,812937 ;   69,45
1636,96 ; 249,97 ;   5,824004 ;   69,10
1638,96 ; 249,91 ;   5,737546 ;   68,90
1640,96 ; 249,97 ;   5,823462 ;   69,40
1642,96 ; 249,93 ;   5,738944 ;   68,91
1644,97 ; 249,86 ;   5,815098 ;   69,26
1646,97 ; 250,00 ;   5,824046 ;   69,91
1648,97 ; 250,00 ;   5,738038 ;   68,64
1650,97 ; 249,88 ;   5,729679 ;   68,64
1652,97 ; 249,93 ;   5,814615 ;   69,71
1654,97 ; 249,86 ;   5,815833 ;   69,29
1656,97 ; 249,93 ;   5,823779 ;   69,94
1658,97 ; 249,78 ;   5,826697 ;   69,31
1660,97 ; 249,77 ;   5,908752 ;   70,67
1662,98 ; 249,73 ;   5,900661 ;   70,76
1664,98 ; 249,71 ;   5,997146 ;   71,14
1666,98 ; 249,71 ;   5,987747 ;   71,37
1668,98 ; 249,66 ;   5,986050 ;   71,40
1670,98 ; 249,67 ;   5,996694 ;   71,85
1672,98 ; 249,64 ;   5,988700 ;   71,81
1674,98 ; 249,64 ;   6,074214 ;   72,13
1676,98 ; 249,59 ;   6,075078 ;   72,16
1678,98 ; 249,59 ;   6,074270 ;   72,69
1680,99 ; 249,56 ;   6,075323 ;   72,73
1682,99 ; 249,51 ;   6,074561 ;   72,98
1684,99 ; 249,48 ;   6,161189 ;   73,52
1686,99 ; 249,45 ;   6,152557 ;   73,85
1688,99 ; 249,45 ;   6,248333 ;   74,11
1690,99 ; 249,42 ;   6,235885 ;   74,16
1692,99 ; 249,50 ;   6,248396 ;   74,49
1694,99 ; 249,35 ;   6,159066 ;   73,84
1697,00 ; 249,38 ;   6,333282 ;   75,23
1699,00 ; 249,40 ;   6,322903 ;   75,08
1701,00 ; 249,37 ;   6,244667 ;   74,92
1703,00 ; 249,31 ;   6,332822 ;   75,26
1705,00 ; 249,28 ;   6,332257 ;   75,82
1707,00 ; 249,29 ;   6,418464 ;   76,16
1709,00 ; 249,35 ;   6,418537 ;   76,16
1711,00 ; 249,37 ;   6,333529 ;   75,66
1713,01 ; 249,28 ;   6,323658 ;   75,57
1715,01 ; 249,34 ;   6,407933 ;   76,41
1717,01 ; 249,20 ;   6,321372 ;   75,91
1719,01 ; 249,35 ;   6,496863 ;   77,25
1721,01 ; 249,31 ;   6,323681 ;   75,97
1723,01 ; 249,28 ;   6,409510 ;   76,39
1725,01 ; 249,34 ;   6,408312 ;   76,74
1727,01 ; 249,38 ;   6,408800 ;   76,23
