Tempo total (s) ;Temperatura (ºC) ; Potencia atual (W) ; Saida
P:  10.70 I: 118.00 D:  29.50 Tensão:4.793 V Temperatura ambiente:     24.81 ºC
2,00 ; 249,97 ;   7,077100 ;   83,99
4,00 ; 250,00 ;   6,573899 ;   77,92
6,00 ; 250,00 ;   6,056762 ;   71,42
8,00 ; 250,00 ;   6,486678 ;   76,35
10,01 ; 250,00 ;   6,485121 ;   76,35
12,01 ; 249,98 ;   6,484993 ;   76,35
14,01 ; 249,95 ;   6,834852 ;   80,31
16,01 ; 249,98 ;   6,823959 ;   80,57
18,01 ; 250,10 ;   6,145386 ;   72,93
20,01 ; 250,02 ;   4,692987 ;   55,55
22,01 ; 249,98 ;   7,600632 ;   89,74
24,01 ; 249,97 ;   7,000482 ;   82,76
26,02 ; 250,04 ;   6,572652 ;   77,93
28,02 ; 250,04 ;   5,463195 ;   64,84
30,02 ; 250,08 ;   6,397229 ;   75,93
32,02 ; 250,02 ;   5,894399 ;   69,33
34,02 ; 250,02 ;   7,160970 ;   84,70
36,02 ; 250,02 ;   6,572635 ;   77,39
38,02 ; 250,00 ;   6,483181 ;   76,15
40,02 ; 250,00 ;   6,658978 ;   78,79
42,03 ; 250,00 ;   6,485438 ;   76,32
44,03 ; 249,95 ;   6,484358 ;   76,32
46,03 ; 250,02 ;   7,252159 ;   85,55
48,03 ; 250,00 ;   5,553244 ;   65,07
50,03 ; 249,95 ;   6,651269 ;   78,79
52,03 ; 249,99 ;   7,252091 ;   85,55
54,03 ; 250,08 ;   5,884173 ;   69,03
56,03 ; 250,09 ;   5,214946 ;   61,94
58,04 ; 250,05 ;   6,313674 ;   74,16
60,04 ; 250,11 ;   6,912698 ;   81,96
62,04 ; 250,04 ;   5,544776 ;   65,25
64,04 ; 250,00 ;   7,338642 ;   86,94
66,04 ; 250,06 ;   6,991718 ;   82,44
68,04 ; 249,98 ;   5,554556 ;   65,73
70,04 ; 250,04 ;   7,680088 ;   90,07
72,04 ; 250,06 ;   5,544887 ;   65,98
74,05 ; 250,08 ;   6,057035 ;   71,88
76,05 ; 249,93 ;   6,145758 ;   72,94
78,05 ; 250,06 ;   8,534275 ;  100,42
80,05 ; 249,98 ;   4,605159 ;   54,62
82,05 ; 250,05 ;   7,677550 ;   90,05
84,05 ; 250,02 ;   5,468374 ;   64,65
86,05 ; 250,08 ;   6,835337 ;   80,99
88,05 ; 250,08 ;   5,544039 ;   65,52
90,05 ; 250,06 ;   6,396066 ;   75,37
92,06 ; 250,00 ;   6,575499 ;   77,99
94,06 ; 250,08 ;   7,339423 ;   86,05
96,06 ; 250,00 ;   5,381374 ;   63,02
98,06 ; 249,99 ;   7,504198 ;   88,50
100,06 ; 249,95 ;   6,572349 ;   77,49
102,06 ; 250,05 ;   7,174957 ;   84,16
104,06 ; 249,99 ;   5,030600 ;   59,66
106,06 ; 250,00 ;   7,175554 ;   84,89
108,07 ; 250,02 ;   6,309511 ;   74,95
110,07 ; 250,02 ;   6,146827 ;   72,23
112,07 ; 249,95 ;   6,399911 ;   75,92
114,07 ; 250,00 ;   7,428255 ;   87,77
116,07 ; 250,05 ;   5,807189 ;   68,79
118,07 ; 250,02 ;   5,798756 ;   68,28
120,07 ; 250,04 ;   6,737196 ;   79,61
122,07 ; 250,05 ;   6,223174 ;   73,28
124,08 ; 250,11 ;   6,321935 ;   74,42
126,08 ; 250,13 ;   5,545976 ;   65,10
128,08 ; 250,04 ;   6,146328 ;   72,31
130,08 ; 250,04 ;   7,591430 ;   89,23
132,08 ; 250,04 ;   6,400389 ;   75,68
134,08 ; 249,99 ;   6,399074 ;   75,67
136,08 ; 250,02 ;   7,077958 ;   83,56
138,08 ; 250,09 ;   6,146353 ;   72,22
140,08 ; 250,05 ;   5,467666 ;   64,07
142,09 ; 250,08 ;   6,914268 ;   81,72
144,09 ; 249,98 ;   5,971322 ;   70,28
146,09 ; 250,02 ;   7,845153 ;   92,32
148,09 ; 249,93 ;   5,883973 ;   69,72
150,09 ; 250,04 ;   7,678067 ;   90,38
152,09 ; 250,02 ;   4,953566 ;   58,38
154,09 ; 250,08 ;   6,738620 ;   79,58
156,09 ; 250,09 ;   5,546253 ;   65,34
158,10 ; 250,04 ;   6,228245 ;   73,87
160,10 ; 249,99 ;   7,000027 ;   82,99
162,10 ; 250,00 ;   7,085478 ;   83,49
164,10 ; 250,00 ;   6,310002 ;   74,78
166,10 ; 250,06 ;   6,493147 ;   76,02
168,10 ; 250,06 ;   5,553848 ;   65,48
170,10 ; 250,02 ;   6,399547 ;   75,33
172,10 ; 250,08 ;   7,077728 ;   83,22
174,11 ; 250,10 ;   5,554900 ;   65,29
176,11 ; 250,02 ;   6,060183 ;   71,18
178,11 ; 250,10 ;   7,601437 ;   89,35
180,11 ; 250,04 ;   5,215438 ;   61,30
182,11 ; 250,04 ;   7,261014 ;   85,37
184,11 ; 250,00 ;   6,400394 ;   75,51
186,11 ; 250,08 ;   6,992262 ;   82,09
188,11 ; 250,10 ;   5,293222 ;   62,76
190,11 ; 250,06 ;   6,060965 ;   71,11
192,12 ; 249,97 ;   6,911662 ;   81,38
194,12 ; 250,02 ;   7,769524 ;   91,00
196,12 ; 250,00 ;   5,729632 ;   67,00
198,12 ; 249,98 ;   6,738524 ;   79,58
200,12 ; 250,08 ;   6,739136 ;   79,83
202,12 ; 250,02 ;   5,030954 ;   59,02
204,12 ; 250,05 ;   7,263517 ;   85,56
206,12 ; 250,04 ;   5,972025 ;   70,43
208,13 ; 250,06 ;   6,489949 ;   76,67
210,13 ; 250,04 ;   6,058945 ;   71,48
212,13 ; 250,05 ;   6,740002 ;   79,12
214,13 ; 250,10 ;   6,324001 ;   74,09
216,13 ; 250,02 ;   5,634747 ;   66,09
218,13 ; 250,08 ;   7,602926 ;   89,19
220,13 ; 250,13 ;   5,547192 ;   65,10
222,13 ; 250,04 ;   5,557014 ;   65,72
224,14 ; 250,08 ;   7,689087 ;   90,13
226,14 ; 249,98 ;   5,809523 ;   68,75
228,14 ; 250,08 ;   7,856670 ;   92,02
230,14 ; 250,09 ;   4,956690 ;   58,88
232,14 ; 250,06 ;   6,238303 ;   73,57
234,14 ; 249,97 ;   6,661016 ;   78,74
236,14 ; 250,11 ;   7,684238 ;   90,83
238,14 ; 250,06 ;   4,441789 ;   52,34
240,14 ; 250,09 ;   6,993281 ;   82,41
242,15 ; 249,98 ;   6,061239 ;   71,05
244,15 ; 250,13 ;   7,941447 ;   93,18
246,15 ; 250,09 ;   4,275248 ;   50,90
248,15 ; 250,06 ;   6,837941 ;   80,87
250,15 ; 249,99 ;   6,661251 ;   78,65
252,15 ; 249,95 ;   7,342159 ;   86,80
254,15 ; 249,98 ;   7,001880 ;   82,30
256,15 ; 250,02 ;   6,149007 ;   72,19
258,16 ; 250,02 ;   5,723022 ;   67,99
260,16 ; 250,04 ;   6,488455 ;   76,69
262,16 ; 249,98 ;   6,062671 ;   71,51
264,16 ; 250,04 ;   7,253174 ;   85,74
266,16 ; 249,98 ;   5,555999 ;   65,34
268,16 ; 249,98 ;   7,255232 ;   85,73
270,16 ; 249,97 ;   6,411102 ;   75,88
272,16 ; 250,02 ;   6,576649 ;   77,20
274,17 ; 249,91 ;   5,634103 ;   66,75
276,17 ; 250,02 ;   7,933199 ;   93,81
278,17 ; 250,02 ;   4,955256 ;   58,14
280,17 ; 250,04 ;   6,401494 ;   75,39
282,17 ; 250,04 ;   6,149331 ;   72,75
284,17 ; 250,04 ;   6,400907 ;   75,20
286,17 ; 250,02 ;   6,407549 ;   75,20
288,17 ; 250,06 ;   6,751349 ;   79,14
290,17 ; 250,00 ;   5,723807 ;   67,54
292,18 ; 250,10 ;   7,254770 ;   85,46
294,18 ; 249,98 ;   4,955211 ;   58,47
296,18 ; 250,02 ;   8,106233 ;   95,56
298,18 ; 250,06 ;   5,730573 ;   67,94
300,18 ; 250,02 ;   5,809891 ;   68,74
302,18 ; 250,04 ;   6,914478 ;   81,48
304,18 ; 250,02 ;   6,148848 ;   72,68
306,18 ; 250,08 ;   6,577567 ;   77,77
308,19 ; 250,09 ;   5,635045 ;   66,08
310,19 ; 250,06 ;   6,237993 ;   73,37
312,19 ; 250,00 ;   6,660602 ;   78,54
314,19 ; 250,05 ;   7,256605 ;   85,38
316,19 ; 250,09 ;   5,730735 ;   67,61
318,19 ; 250,02 ;   5,809364 ;   68,41
320,19 ; 250,11 ;   7,343223 ;   86,41
322,19 ; 250,05 ;   5,041058 ;   59,51
324,20 ; 250,09 ;   7,167153 ;   84,81
326,20 ; 250,08 ;   5,810695 ;   68,36
328,20 ; 250,11 ;   6,410647 ;   75,83
330,20 ; 249,98 ;   5,897108 ;   69,31
332,20 ; 250,06 ;   8,195434 ;   96,61
334,20 ; 250,00 ;   5,218750 ;   61,18
336,20 ; 250,02 ;   7,255285 ;   85,27
338,20 ; 250,00 ;   6,059946 ;   71,45
340,20 ; 250,02 ;   6,750512 ;   79,09
342,21 ; 249,97 ;   6,072057 ;   71,45
344,21 ; 249,98 ;   7,165607 ;   84,36
346,21 ; 250,02 ;   6,315474 ;   74,42
348,21 ; 250,05 ;   5,721399 ;   67,75
350,21 ; 249,89 ;   6,062171 ;   71,19
352,21 ; 249,98 ;   8,620932 ;  101,23
354,21 ; 249,98 ;   5,303173 ;   62,12
356,21 ; 250,02 ;   6,402694 ;   75,67
358,22 ; 250,02 ;   5,720652 ;   67,77
360,22 ; 249,91 ;   6,491356 ;   76,48
362,22 ; 250,08 ;   7,854265 ;   92,37
364,22 ; 250,05 ;   4,102660 ;   48,70
366,22 ; 249,99 ;   6,750603 ;   79,83
368,22 ; 250,02 ;   7,178206 ;   84,12
370,22 ; 250,09 ;   5,973816 ;   70,22
372,22 ; 250,04 ;   5,460717 ;   64,61
374,23 ; 250,04 ;   7,000567 ;   82,36
376,23 ; 250,08 ;   6,325671 ;   74,95
378,23 ; 250,05 ;   5,801014 ;   68,36
380,23 ; 250,05 ;   6,739477 ;   79,77
382,23 ; 250,11 ;   6,316220 ;   74,84
384,23 ; 250,10 ;   5,467909 ;   64,29
386,23 ; 250,06 ;   6,401831 ;   75,45
388,23 ; 250,02 ;   6,827040 ;   80,78
390,23 ; 250,05 ;   6,916498 ;   81,20
392,24 ; 250,02 ;   6,060575 ;   71,08
394,24 ; 249,93 ;   6,664130 ;   78,72
396,24 ; 250,00 ;   7,681280 ;   90,83
398,24 ; 249,99 ;   5,470728 ;   64,19
400,24 ; 249,98 ;   6,488695 ;   76,60
402,24 ; 250,02 ;   6,664943 ;   78,01
404,24 ; 250,08 ;   5,722103 ;   67,64
406,24 ; 249,97 ;   5,556856 ;   65,81
408,25 ; 249,97 ;   7,857086 ;   92,86
410,25 ; 249,91 ;   6,411608 ;   75,62
412,25 ; 250,02 ;   7,169648 ;   84,85
414,25 ; 250,04 ;   4,868090 ;   57,79
416,25 ; 250,04 ;   6,148443 ;   72,41
418,25 ; 250,05 ;   6,324361 ;   74,86
420,25 ; 249,97 ;   6,235931 ;   73,54
422,25 ; 250,05 ;   7,419919 ;   87,93
424,25 ; 250,05 ;   5,296375 ;   62,45
426,26 ; 250,04 ;   6,321783 ;   74,76
428,26 ; 249,99 ;   6,488448 ;   76,07
430,26 ; 249,99 ;   7,003315 ;   82,73
432,26 ; 250,13 ;   6,411994 ;   75,34
434,26 ; 250,05 ;   4,354312 ;   51,63
436,26 ; 250,02 ;   7,507581 ;   88,28
438,26 ; 249,97 ;   6,741163 ;   79,99
440,26 ; 250,04 ;   7,003280 ;   82,96
442,27 ; 249,97 ;   5,382339 ;   63,71
444,27 ; 249,98 ;   7,342501 ;   86,65
446,27 ; 250,02 ;   6,323983 ;   74,25
448,27 ; 250,04 ;   5,810376 ;   68,90
450,27 ; 250,02 ;   6,060366 ;   71,11
452,27 ; 249,97 ;   6,576852 ;   77,43
454,27 ; 250,00 ;   7,175284 ;   84,18
456,27 ; 249,98 ;   5,974100 ;   70,29
458,27 ; 250,02 ;   6,750921 ;   79,17
460,28 ; 250,00 ;   5,731625 ;   67,57
462,28 ; 249,98 ;   6,663052 ;   78,92
464,28 ; 250,02 ;   6,746904 ;   79,18
466,28 ; 250,04 ;   5,810631 ;   68,90
468,28 ; 250,00 ;   6,062747 ;   71,10
470,28 ; 250,02 ;   6,913168 ;   81,38
472,28 ; 249,95 ;   6,063105 ;   71,27
474,28 ; 250,00 ;   7,508736 ;   88,13
476,29 ; 249,99 ;   5,634417 ;   66,60
478,29 ; 250,00 ;   6,488492 ;   76,54
480,29 ; 249,93 ;   6,234500 ;   73,99
482,29 ; 250,02 ;   7,423779 ;   87,08
484,29 ; 250,00 ;   5,129562 ;   60,19
486,29 ; 250,00 ;   6,655706 ;   78,93
488,29 ; 250,05 ;   6,402380 ;   75,23
490,29 ; 250,02 ;   5,722529 ;   67,33
492,30 ; 250,00 ;   6,664954 ;   78,66
494,30 ; 250,00 ;   6,664474 ;   78,92
496,30 ; 250,00 ;   6,403298 ;   75,22
498,30 ; 250,02 ;   6,401352 ;   75,22
500,30 ; 250,06 ;   6,060388 ;   71,27
502,30 ; 250,02 ;   5,810534 ;   68,38
504,30 ; 250,04 ;   6,917342 ;   81,11
506,30 ; 249,95 ;   6,150869 ;   72,31
508,30 ; 250,00 ;   7,596143 ;   89,25
510,31 ; 250,02 ;   5,721610 ;   67,81
512,31 ; 250,05 ;   6,063573 ;   71,25
514,31 ; 250,00 ;   5,973104 ;   70,99
516,31 ; 249,95 ;   7,002328 ;   82,58
518,31 ; 250,04 ;   7,167563 ;   84,41
520,31 ; 250,04 ;   5,045254 ;   59,99
522,31 ; 250,04 ;   6,322018 ;   74,77
524,31 ; 250,04 ;   6,324554 ;   74,76
526,32 ; 250,00 ;   6,313774 ;   74,75
528,32 ; 250,05 ;   6,917117 ;   81,33
530,32 ; 250,06 ;   5,720786 ;   67,27
532,32 ; 250,00 ;   6,149897 ;   72,02
534,32 ; 250,08 ;   7,265783 ;   85,01
536,32 ; 250,05 ;   5,218988 ;   61,98
538,32 ; 250,08 ;   6,740551 ;   79,56
540,32 ; 250,02 ;   5,887350 ;   69,35
542,32 ; 250,02 ;   7,167637 ;   84,80
544,33 ; 250,06 ;   6,238714 ;   73,62
546,33 ; 249,99 ;   5,807650 ;   68,27
548,33 ; 250,04 ;   7,343075 ;   86,27
550,33 ; 250,02 ;   5,724371 ;   67,28
552,33 ; 250,04 ;   6,575699 ;   77,30
554,33 ; 250,02 ;   6,150053 ;   72,20
556,33 ; 250,00 ;   6,664631 ;   78,60
558,33 ; 250,05 ;   6,574535 ;   77,54
560,34 ; 250,02 ;   5,731363 ;   67,17
562,34 ; 249,95 ;   6,741315 ;   79,83
564,34 ; 249,91 ;   7,253686 ;   85,43
566,34 ; 249,97 ;   7,003151 ;   82,17
568,34 ; 249,95 ;   5,644469 ;   66,80
570,34 ; 249,99 ;   6,664691 ;   78,07
572,34 ; 249,97 ;   5,896532 ;   69,03
574,34 ; 250,05 ;   6,743460 ;   79,14
576,34 ; 249,99 ;   5,304419 ;   62,28
578,35 ; 250,05 ;   7,090885 ;   83,81
580,35 ; 250,06 ;   5,558156 ;   65,97
582,35 ; 250,05 ;   6,072490 ;   71,95
584,35 ; 249,97 ;   6,575360 ;   77,04
586,35 ; 250,02 ;   7,429457 ;   87,73
588,35 ; 250,13 ;   5,722669 ;   67,52
590,35 ; 249,99 ;   4,781561 ;   56,46
592,35 ; 250,05 ;   8,196980 ;   96,08
594,36 ; 249,99 ;   5,559933 ;   65,92
596,36 ; 250,02 ;   7,092398 ;   83,76
598,36 ; 250,06 ;   6,061408 ;   71,18
600,36 ; 250,06 ;   5,645655 ;   66,98
602,36 ; 250,06 ;   6,322450 ;   74,35
604,36 ; 250,02 ;   6,325242 ;   74,34
606,36 ; 249,91 ;   7,003185 ;   82,24
608,36 ; 250,09 ;   7,943537 ;   93,28
610,36 ; 249,95 ;   3,849639 ;   45,75
612,37 ; 250,02 ;   8,273412 ;   97,79
614,37 ; 250,02 ;   5,374816 ;   63,76
616,37 ; 250,06 ;   6,322028 ;   74,85
618,37 ; 250,08 ;   5,645135 ;   66,94
620,37 ; 250,05 ;   6,063113 ;   71,69
622,37 ; 250,02 ;   6,742204 ;   79,41
624,37 ; 250,02 ;   6,741496 ;   79,74
626,37 ; 250,00 ;   6,313268 ;   74,81
628,38 ; 250,05 ;   6,578410 ;   77,44
630,38 ; 249,98 ;   5,722312 ;   67,07
632,38 ; 250,04 ;   7,345443 ;   86,31
634,38 ; 250,02 ;   5,468851 ;   64,68
636,38 ; 250,04 ;   6,664524 ;   78,49
638,38 ; 249,93 ;   5,973914 ;   70,84
640,38 ; 249,99 ;   7,857755 ;   92,96
642,38 ; 250,06 ;   5,547792 ;   65,19
644,39 ; 250,00 ;   5,383292 ;   63,19
646,39 ; 250,02 ;   7,168184 ;   84,82
648,39 ; 250,04 ;   6,150092 ;   72,32
650,39 ; 250,04 ;   5,984720 ;   70,83
652,39 ; 250,05 ;   6,313305 ;   74,52
654,39 ; 249,95 ;   6,239392 ;   73,20
656,39 ; 250,02 ;   7,683663 ;   90,23
658,39 ; 249,98 ;   5,382663 ;   63,59
660,39 ; 249,95 ;   7,003805 ;   82,58
662,40 ; 249,97 ;   6,752739 ;   79,15
664,40 ; 249,95 ;   6,150808 ;   72,82
666,40 ; 250,05 ;   6,750571 ;   79,24
668,40 ; 249,99 ;   4,956579 ;   58,43
670,40 ; 249,95 ;   7,094245 ;   83,67
672,40 ; 250,05 ;   6,914754 ;   81,63
674,40 ; 249,98 ;   5,044075 ;   59,67
676,40 ; 249,99 ;   7,345463 ;   86,30
678,41 ; 250,00 ;   6,147694 ;   72,58
680,41 ; 250,02 ;   6,238459 ;   73,73
682,41 ; 250,02 ;   6,150529 ;   72,33
684,41 ; 249,91 ;   6,235622 ;   73,47
686,41 ; 250,10 ;   7,935543 ;   93,15
688,41 ; 250,00 ;   3,755467 ;   44,30
690,41 ; 250,04 ;   7,682281 ;   90,97
692,41 ; 250,06 ;   5,809069 ;   68,37
694,42 ; 250,04 ;   5,975167 ;   70,57
696,42 ; 250,02 ;   6,664493 ;   78,20
698,42 ; 250,13 ;   6,661349 ;   78,45
700,42 ; 249,98 ;   4,790830 ;   56,32
702,42 ; 249,98 ;   8,359903 ;   98,58
704,42 ; 250,13 ;   6,413237 ;   75,16
706,42 ; 249,98 ;   4,102725 ;   48,80
708,42 ; 249,95 ;   8,450414 ;   99,79
710,42 ; 250,04 ;   6,750138 ;   79,10
712,43 ; 250,00 ;   5,122098 ;   60,92
714,43 ; 249,97 ;   6,917503 ;   81,05
716,43 ; 249,97 ;   6,827928 ;   80,16
718,43 ; 249,98 ;   6,412559 ;   75,24
720,43 ; 249,98 ;   6,227315 ;   73,93
722,43 ; 250,00 ;   6,411378 ;   75,16
724,43 ; 250,10 ;   6,060669 ;   71,21
726,43 ; 250,02 ;   4,870377 ;   57,78
728,44 ; 250,04 ;   7,509340 ;   88,28
730,44 ; 250,04 ;   5,975461 ;   70,77
732,44 ; 250,10 ;   6,325367 ;   74,46
734,44 ; 250,02 ;   5,383916 ;   63,91
736,44 ; 250,02 ;   7,342720 ;   86,92
738,44 ; 250,00 ;   6,403288 ;   75,92
740,44 ; 250,00 ;   6,576341 ;   77,32
742,44 ; 250,00 ;   6,326281 ;   74,85
744,44 ; 250,00 ;   6,313272 ;   74,85
746,45 ; 249,97 ;   6,325659 ;   74,85
748,45 ; 250,02 ;   6,828628 ;   80,12
750,45 ; 249,97 ;   5,721978 ;   67,29
752,45 ; 249,98 ;   7,004722 ;   82,58
754,45 ; 249,97 ;   6,236729 ;   73,88
756,45 ; 250,00 ;   6,491709 ;   76,44
758,45 ; 250,02 ;   5,897113 ;   69,94
760,45 ; 249,91 ;   5,974036 ;   70,92
762,46 ; 249,97 ;   7,933749 ;   93,05
764,46 ; 250,04 ;   5,635096 ;   66,59
766,46 ; 250,02 ;   5,373876 ;   63,37
768,46 ; 249,99 ;   6,578667 ;   77,09
770,46 ; 250,10 ;   6,741111 ;   79,89
772,46 ; 249,99 ;   4,781080 ;   56,53
774,46 ; 250,05 ;   7,857518 ;   92,20
776,46 ; 250,00 ;   5,547791 ;   65,72
778,47 ; 250,06 ;   7,000590 ;   82,24
780,47 ; 250,00 ;   5,471251 ;   64,32
782,47 ; 250,05 ;   7,168660 ;   84,70
784,47 ; 250,04 ;   5,636964 ;   66,94
786,47 ; 250,04 ;   6,402155 ;   75,64
788,47 ; 249,98 ;   6,322969 ;   74,40
790,47 ; 250,00 ;   7,168396 ;   84,93
792,47 ; 250,02 ;   6,070884 ;   71,13
794,47 ; 250,02 ;   5,975482 ;   70,87
796,48 ; 249,99 ;   6,326824 ;   74,56
798,48 ; 250,00 ;   6,742947 ;   79,83
800,48 ; 250,06 ;   6,227020 ;   73,58
802,48 ; 250,09 ;   5,471875 ;   64,27
804,48 ; 250,00 ;   5,974461 ;   70,17
806,48 ; 250,00 ;   7,519281 ;   88,34
808,48 ; 249,98 ;   6,312884 ;   74,79
810,48 ; 250,00 ;   6,665006 ;   78,74
812,49 ; 250,02 ;   6,064566 ;   71,09
814,49 ; 250,00 ;   6,149887 ;   72,16
816,49 ; 250,00 ;   6,575450 ;   77,25
818,49 ; 250,06 ;   6,316635 ;   74,79
820,49 ; 250,04 ;   5,469395 ;   64,25
822,49 ; 249,95 ;   6,664581 ;   78,05
824,49 ; 250,04 ;   7,510895 ;   88,84
826,49 ; 249,95 ;   5,128350 ;   60,80
828,49 ; 250,04 ;   7,691505 ;   90,15
830,50 ; 250,08 ;   5,043323 ;   59,56
832,50 ; 250,04 ;   5,723591 ;   67,76
834,50 ; 250,02 ;   6,827951 ;   80,50
836,50 ; 249,98 ;   6,661006 ;   78,28
838,50 ; 250,02 ;   6,917174 ;   81,17
840,50 ; 250,06 ;   5,722474 ;   67,10
842,50 ; 249,98 ;   5,723484 ;   67,91
844,50 ; 249,95 ;   7,506825 ;   88,55
846,51 ; 250,06 ;   6,665181 ;   78,95
848,51 ; 250,02 ;   4,793225 ;   56,82
850,51 ; 249,97 ;   6,828698 ;   80,65
852,51 ; 250,00 ;   7,080508 ;   83,70
854,51 ; 250,02 ;   5,886922 ;   69,81
856,51 ; 250,05 ;   6,150459 ;   72,11
858,51 ; 249,93 ;   5,887881 ;   69,30
860,51 ; 249,95 ;   7,935970 ;   93,98
862,51 ; 250,05 ;   6,062933 ;   71,56
864,52 ; 250,06 ;   5,043207 ;   59,46
866,52 ; 249,98 ;   6,061129 ;   71,60
868,52 ; 249,97 ;   7,519980 ;   88,54
870,52 ; 250,00 ;   6,489739 ;   76,31
872,52 ; 249,97 ;   5,899207 ;   69,81
874,52 ; 250,00 ;   6,838943 ;   80,01
876,52 ; 249,99 ;   5,897116 ;   69,82
878,52 ; 250,04 ;   6,489595 ;   76,06
880,53 ; 250,06 ;   5,636843 ;   66,93
882,53 ; 250,02 ;   5,985611 ;   70,37
884,53 ; 250,02 ;   6,916352 ;   81,95
886,53 ; 250,08 ;   6,239512 ;   73,24
888,53 ; 250,00 ;   5,548955 ;   65,25
890,53 ; 250,00 ;   7,429821 ;   87,03
892,53 ; 250,02 ;   6,317396 ;   74,71
894,53 ; 250,02 ;   5,982760 ;   70,76
896,53 ; 249,97 ;   6,402871 ;   75,77
898,54 ; 249,99 ;   7,001626 ;   82,44
900,54 ; 249,93 ;   6,063513 ;   71,10
902,54 ; 249,91 ;   7,257624 ;   85,33
904,54 ; 250,02 ;   6,663151 ;   78,12
906,54 ; 250,00 ;   4,956618 ;   58,55
908,54 ; 250,05 ;   6,575759 ;   77,20
910,54 ; 250,04 ;   5,636821 ;   66,83
912,54 ; 249,95 ;   6,402959 ;   75,53
914,55 ; 249,95 ;   7,515774 ;   88,78
916,55 ; 250,08 ;   6,412479 ;   75,24
918,55 ; 249,99 ;   4,614249 ;   54,17
920,55 ; 250,08 ;   7,519506 ;   88,36
922,55 ; 249,99 ;   5,122140 ;   60,32
924,55 ; 249,99 ;   7,518805 ;   88,34
926,55 ; 249,93 ;   6,326582 ;   74,80
928,55 ; 249,99 ;   7,254218 ;   85,34
930,56 ; 250,05 ;   5,471730 ;   64,95
932,56 ; 250,06 ;   5,549189 ;   65,58
934,56 ; 249,97 ;   6,063067 ;   71,57
936,56 ; 249,97 ;   7,594279 ;   89,83
938,56 ; 250,05 ;   6,413509 ;   75,05
940,56 ; 249,98 ;   5,216034 ;   61,88
942,56 ; 250,05 ;   7,343405 ;   86,05
944,56 ; 249,98 ;   5,384918 ;   63,11
946,56 ; 250,05 ;   7,343817 ;   86,05
948,57 ; 250,02 ;   5,383443 ;   63,11
950,57 ; 250,02 ;   6,655804 ;   78,14
952,57 ; 250,05 ;   6,401489 ;   75,76
954,57 ; 250,08 ;   5,899856 ;   69,25
956,57 ; 250,04 ;   5,808937 ;   68,90
958,57 ; 250,10 ;   6,839745 ;   80,41
960,57 ; 249,99 ;   5,383642 ;   63,70
962,57 ; 250,13 ;   7,771134 ;   91,97
964,58 ; 250,04 ;   4,441858 ;   52,34
966,58 ; 250,08 ;   7,429747 ;   87,75
968,58 ; 250,02 ;   5,724455 ;   67,61
970,58 ; 249,97 ;   7,002336 ;   82,97
972,58 ; 250,10 ;   7,091289 ;   83,56
974,58 ; 249,98 ;   4,444437 ;   52,55
976,58 ; 250,09 ;   8,022012 ;   94,57
978,58 ; 250,02 ;   4,781707 ;   56,41
980,58 ; 250,02 ;   7,179936 ;   84,18
982,59 ; 249,98 ;   6,400735 ;   75,63
984,59 ; 249,98 ;   6,831170 ;   80,98
986,59 ; 250,09 ;   6,314904 ;   74,83
988,59 ; 250,04 ;   4,792595 ;   56,40
990,59 ; 249,97 ;   6,916267 ;   81,53
992,59 ; 250,02 ;   7,257461 ;   85,98
994,59 ; 249,95 ;   5,646090 ;   66,99
996,59 ; 249,95 ;   7,180152 ;   84,92
998,60 ; 250,00 ;   6,403386 ;   75,07
1000,60 ; 249,93 ;   5,721771 ;   67,18
1002,60 ; 249,99 ;   7,351882 ;   86,43
1004,60 ; 250,00 ;   5,471883 ;   64,82
1006,60 ; 249,99 ;   6,236784 ;   73,35
1008,60 ; 250,04 ;   6,413169 ;   75,90
1010,60 ; 249,93 ;   5,636925 ;   66,77
1012,60 ; 249,93 ;   7,859902 ;   92,59
1014,61 ; 249,97 ;   6,412117 ;   75,36
1016,61 ; 249,97 ;   5,810903 ;   68,78
1018,61 ; 249,99 ;   6,314650 ;   74,95
1020,61 ; 250,05 ;   6,063121 ;   71,01
1022,61 ; 249,99 ;   5,557785 ;   65,48
1024,61 ; 249,93 ;   7,082383 ;   83,32
1026,61 ; 250,00 ;   7,267110 ;   85,23
1028,61 ; 249,99 ;   5,377629 ;   63,53
1030,61 ; 250,02 ;   6,403737 ;   75,94
1032,62 ; 250,02 ;   5,983870 ;   70,76
1034,62 ; 250,04 ;   6,314508 ;   74,45
1036,62 ; 249,98 ;   5,986411 ;   70,50
1038,62 ; 250,02 ;   7,168061 ;   84,73
1040,62 ; 250,05 ;   5,646692 ;   66,97
1042,62 ; 250,06 ;   5,983023 ;   70,41
1044,62 ; 249,99 ;   6,064274 ;   71,46
1046,62 ; 250,04 ;   7,255494 ;   85,77
1048,62 ; 250,02 ;   5,645650 ;   66,78
1050,63 ; 250,02 ;   6,490093 ;   76,80
1052,63 ; 249,99 ;   6,403212 ;   75,65
1054,63 ; 250,02 ;   6,662806 ;   78,36
1056,63 ; 250,04 ;   5,987001 ;   70,72
1058,63 ; 249,97 ;   5,974757 ;   70,46
1060,63 ; 250,02 ;   7,344573 ;   86,00
1062,63 ; 250,02 ;   5,558949 ;   65,70
1064,63 ; 250,05 ;   6,413377 ;   75,64
1066,64 ; 250,06 ;   5,899226 ;   69,13
1068,64 ; 250,09 ;   6,064305 ;   71,42
1070,64 ; 249,97 ;   5,890261 ;   69,92
1072,64 ; 250,04 ;   7,945902 ;   93,36
1074,64 ; 250,02 ;   5,385141 ;   63,03
1076,64 ; 250,00 ;   6,490189 ;   76,75
1078,64 ; 250,02 ;   6,655408 ;   78,23
1080,64 ; 249,95 ;   6,061753 ;   71,90
1082,65 ; 249,95 ;   7,180058 ;   84,89
1084,65 ; 250,00 ;   6,402729 ;   75,05
1086,65 ; 249,88 ;   5,722259 ;   67,15
1088,65 ; 249,97 ;   8,032399 ;   94,31
1090,65 ; 249,98 ;   5,218730 ;   61,36
1092,65 ; 250,02 ;   6,237239 ;   73,59
1094,65 ; 249,95 ;   5,646419 ;   66,93
1096,65 ; 250,02 ;   7,340625 ;   86,18
1098,65 ; 250,02 ;   5,472737 ;   64,56
1100,66 ; 250,02 ;   6,237446 ;   73,09
1102,66 ; 250,05 ;   6,412079 ;   75,63
1104,66 ; 250,08 ;   5,900976 ;   69,13
1106,66 ; 250,02 ;   5,808841 ;   68,78
1108,66 ; 250,13 ;   7,179824 ;   84,24
1110,66 ; 250,02 ;   4,694942 ;   55,93
1112,66 ; 249,97 ;   7,683545 ;   90,28
1114,66 ; 249,95 ;   7,081628 ;   83,48
1116,67 ; 250,02 ;   6,577374 ;   77,50
1118,67 ; 250,10 ;   5,472345 ;   64,50
1120,67 ; 249,97 ;   5,043331 ;   59,87
1122,67 ; 250,02 ;   8,113264 ;   95,80
1124,67 ; 250,02 ;   5,644815 ;   66,95
1126,67 ; 249,97 ;   6,326294 ;   74,34
1128,67 ; 249,95 ;   6,996693 ;   82,24
1130,67 ; 250,04 ;   6,570000 ;   77,49
1132,67 ; 249,95 ;   5,129982 ;   60,54
1134,68 ; 250,02 ;   7,519501 ;   88,58
1136,68 ; 250,00 ;   5,469271 ;   64,50
1138,68 ; 250,04 ;   6,492230 ;   76,99
1140,68 ; 250,00 ;   5,722975 ;   67,94
1142,68 ; 250,02 ;   6,838781 ;   80,67
1144,68 ; 249,99 ;   5,985761 ;   70,56
1146,68 ; 250,02 ;   6,742263 ;   79,53
1148,68 ; 250,02 ;   5,974150 ;   70,65
1150,69 ; 250,02 ;   6,326350 ;   74,34
1152,69 ; 249,98 ;   6,237800 ;   73,02
1154,69 ; 249,98 ;   7,003630 ;   82,15
1156,69 ; 250,02 ;   6,322562 ;   74,76
1158,69 ; 250,02 ;   5,646325 ;   66,86
1160,69 ; 250,02 ;   6,326492 ;   74,25
1162,69 ; 250,02 ;   6,402951 ;   75,57
1164,69 ; 250,02 ;   6,315718 ;   74,33
1166,69 ; 249,93 ;   6,327221 ;   74,33
1168,70 ; 250,02 ;   7,507910 ;   88,82
1170,70 ; 250,02 ;   5,043097 ;   59,47
1172,70 ; 250,04 ;   6,325830 ;   74,25
1174,70 ; 249,98 ;   6,064930 ;   71,61
1176,70 ; 250,02 ;   7,169719 ;   84,60
1178,70 ; 250,08 ;   5,811216 ;   68,16
1180,70 ; 250,04 ;   5,374704 ;   63,78
1182,70 ; 250,06 ;   6,832872 ;   80,21
1184,71 ; 250,10 ;   5,975747 ;   70,09
1186,71 ; 249,97 ;   5,724393 ;   67,19
1188,71 ; 250,02 ;   8,109320 ;   95,73
1190,71 ; 249,93 ;   5,558175 ;   65,57
1192,71 ; 250,02 ;   7,604535 ;   90,00
1194,71 ; 249,98 ;   5,132345 ;   60,73
1196,71 ; 249,97 ;   6,829374 ;   80,87
1198,71 ; 249,93 ;   6,491359 ;   76,03
1200,71 ; 249,98 ;   6,926840 ;   81,39
1202,72 ; 249,97 ;   5,723170 ;   67,34
1204,72 ; 249,99 ;   6,493185 ;   76,05
1206,72 ; 249,95 ;   5,975002 ;   70,87
1208,72 ; 250,13 ;   6,917962 ;   81,16
1210,72 ; 250,06 ;   3,928907 ;   46,02
1212,72 ; 249,98 ;   7,095109 ;   83,65
1214,72 ; 250,05 ;   7,516992 ;   88,27
1216,72 ; 249,98 ;   5,305831 ;   62,86
1218,73 ; 250,06 ;   7,266039 ;   85,80
1220,73 ; 250,09 ;   5,121010 ;   60,23
1222,73 ; 250,02 ;   5,899650 ;   69,82
1224,73 ; 250,02 ;   7,179601 ;   84,04
1226,73 ; 250,02 ;   6,403347 ;   75,49
1228,73 ; 249,98 ;   6,150882 ;   72,94
1230,73 ; 250,02 ;   7,003662 ;   82,07
1232,73 ; 250,08 ;   5,812403 ;   68,10
1234,73 ; 249,98 ;   5,386752 ;   63,72
1236,74 ; 249,95 ;   7,683378 ;   90,69
1238,74 ; 250,02 ;   6,658173 ;   78,62
1240,74 ; 250,00 ;   5,469311 ;   64,39
1242,74 ; 250,02 ;   6,489802 ;   76,88
1244,74 ; 249,99 ;   6,072459 ;   71,79
1246,74 ; 250,02 ;   6,658405 ;   78,20
1248,74 ; 250,00 ;   5,975713 ;   70,55
1250,74 ; 249,97 ;   6,499067 ;   76,88
1252,75 ; 250,06 ;   6,754958 ;   79,69
1254,75 ; 249,95 ;   4,956853 ;   58,95
1256,75 ; 249,99 ;   7,860576 ;   92,17
1258,75 ; 250,00 ;   5,812635 ;   68,34
1260,75 ; 250,05 ;   6,238440 ;   73,19
1262,75 ; 250,02 ;   5,637676 ;   66,52
1264,75 ; 250,04 ;   6,743826 ;   79,17
1266,75 ; 249,98 ;   5,976166 ;   70,29
1268,75 ; 250,02 ;   7,181290 ;   84,52
1270,76 ; 250,02 ;   5,810177 ;   68,07
1272,76 ; 250,00 ;   6,327889 ;   74,23
1274,76 ; 249,97 ;   6,491125 ;   76,87
1276,76 ; 249,98 ;   6,753075 ;   79,67
1278,76 ; 249,97 ;   6,230513 ;   73,43
1280,76 ; 250,02 ;   6,413494 ;   75,98
1282,76 ; 250,02 ;   5,551979 ;   65,53
1284,76 ; 249,98 ;   6,403668 ;   75,47
1286,77 ; 250,02 ;   6,831298 ;   80,83
1288,77 ; 250,09 ;   5,803506 ;   68,08
1290,77 ; 249,97 ;   5,297603 ;   62,38
1292,77 ; 250,02 ;   7,936618 ;   93,21
1294,77 ; 250,06 ;   5,550283 ;   65,52
1296,77 ; 250,02 ;   5,722422 ;   67,55
1298,77 ; 249,89 ;   6,831436 ;   80,29
1300,77 ; 250,05 ;   8,199420 ;   96,52
1302,77 ; 250,05 ;   4,191573 ;   49,23
1304,78 ; 249,95 ;   6,238773 ;   73,88
1306,78 ; 249,99 ;   7,595868 ;   89,68
1308,78 ; 250,02 ;   5,811175 ;   68,32
1310,78 ; 250,02 ;   5,898352 ;   69,21
1312,78 ; 250,08 ;   6,322564 ;   74,13
1314,78 ; 250,09 ;   5,471451 ;   64,91
1316,78 ; 249,98 ;   6,150592 ;   72,20
1318,78 ; 250,04 ;   7,770741 ;   91,86
1320,79 ; 250,06 ;   5,462812 ;   64,08
1322,79 ; 249,99 ;   5,897889 ;   69,98
1324,79 ; 250,02 ;   7,255536 ;   85,52
1326,79 ; 250,00 ;   5,986964 ;   70,48
1328,79 ; 250,10 ;   6,490783 ;   76,80
1330,79 ; 250,06 ;   4,870872 ;   57,21
1332,79 ; 250,02 ;   6,751761 ;   79,80
1334,79 ; 250,00 ;   6,915850 ;   81,53
1336,80 ; 250,00 ;   6,491396 ;   76,77
1338,80 ; 250,00 ;   6,326730 ;   74,31
1340,80 ; 249,95 ;   6,322837 ;   74,31
1342,80 ; 249,95 ;   7,093031 ;   83,53
1344,80 ; 250,06 ;   6,327525 ;   74,91
1346,80 ; 249,95 ;   4,695981 ;   55,16
1348,80 ; 249,91 ;   7,851286 ;   92,08
1350,80 ; 250,00 ;   7,006069 ;   82,74
1352,80 ; 249,89 ;   5,044502 ;   59,55
1354,81 ; 250,02 ;   7,859464 ;   92,79
1356,81 ; 249,95 ;   4,616652 ;   54,47
1358,81 ; 249,95 ;   7,345875 ;   86,04
1360,81 ; 250,00 ;   6,327153 ;   74,96
1362,81 ; 250,02 ;   5,549014 ;   65,75
1364,81 ; 249,98 ;   6,064985 ;   71,74
1366,81 ; 249,97 ;   6,830154 ;   80,79
1368,81 ; 249,95 ;   6,404160 ;   75,95
1370,82 ; 250,05 ;   6,577639 ;   77,36
1372,82 ; 250,06 ;   5,045291 ;   59,10
1374,82 ; 249,99 ;   6,073469 ;   71,24
1376,82 ; 250,02 ;   7,260166 ;   85,55
1378,82 ; 250,02 ;   5,897683 ;   69,19
1380,82 ; 250,05 ;   6,316198 ;   74,12
1382,82 ; 250,00 ;   5,987631 ;   70,16
1384,82 ; 250,05 ;   6,917021 ;   81,76
1386,82 ; 250,05 ;   5,646858 ;   66,46
1388,83 ; 250,02 ;   6,238373 ;   73,84
1390,83 ; 250,02 ;   6,742370 ;   79,10
1392,83 ; 250,02 ;   6,315592 ;   74,17
1394,83 ; 250,02 ;   6,151501 ;   72,85
1396,83 ; 250,00 ;   6,413118 ;   75,39
1398,83 ; 249,97 ;   6,490769 ;   76,79
1400,83 ; 249,95 ;   6,743705 ;   79,60
1402,83 ; 250,06 ;   6,656965 ;   78,63
1404,83 ; 250,04 ;   4,704510 ;   55,18
1406,84 ; 250,05 ;   6,578369 ;   77,61
1408,84 ; 250,04 ;   6,160462 ;   72,58
1410,84 ; 250,13 ;   6,414139 ;   75,12
1412,84 ; 249,95 ;   5,045870 ;   59,39
1414,84 ; 250,02 ;   8,627438 ;  101,90
1416,84 ; 250,08 ;   5,298367 ;   62,95
1418,84 ; 249,93 ;   5,463678 ;   64,82
1420,84 ; 249,95 ;   8,363130 ;   98,46
1422,85 ; 249,98 ;   6,066218 ;   71,11
1424,85 ; 250,00 ;   5,976351 ;   70,86
1426,85 ; 249,95 ;   5,988252 ;   70,60
1428,85 ; 250,00 ;   7,003651 ;   82,21
1430,85 ; 249,91 ;   5,639111 ;   66,92
1432,85 ; 249,98 ;   7,517347 ;   88,80
1434,85 ; 250,05 ;   5,472749 ;   64,72
1436,85 ; 249,99 ;   5,297032 ;   62,73
1438,86 ; 250,06 ;   7,090356 ;   83,03
1440,86 ; 250,05 ;   5,297926 ;   62,55
1442,86 ; 250,02 ;   6,490023 ;   76,27
1444,86 ; 250,02 ;   6,742467 ;   79,06
1446,86 ; 250,04 ;   6,315815 ;   74,13
1448,86 ; 249,98 ;   5,987620 ;   70,18
1450,86 ; 250,02 ;   7,168797 ;   84,41
1452,86 ; 250,06 ;   5,725093 ;   67,97
1454,86 ; 250,09 ;   5,636932 ;   66,22
1456,87 ; 249,97 ;   5,898589 ;   69,65
1458,87 ; 250,09 ;   7,936821 ;   93,09
1460,87 ; 250,00 ;   4,616902 ;   54,86
1462,87 ; 249,97 ;   7,432067 ;   87,81
1464,87 ; 249,95 ;   6,743403 ;   79,53
1466,87 ; 249,99 ;   6,577357 ;   77,24
1468,87 ; 249,91 ;   5,812777 ;   68,19
1470,87 ; 250,02 ;   7,521514 ;   88,85
1472,88 ; 250,02 ;   4,782747 ;   56,87
1474,88 ; 250,02 ;   6,151681 ;   72,80
1476,88 ; 249,97 ;   6,328301 ;   74,03
1478,88 ; 249,93 ;   7,084221 ;   83,24
1480,88 ; 250,02 ;   6,920588 ;   81,21
1482,88 ; 250,05 ;   5,122124 ;   60,57
1484,88 ; 250,02 ;   5,811732 ;   68,85
1486,88 ; 250,04 ;   6,577672 ;   77,73
1488,88 ; 249,95 ;   6,065464 ;   71,39
1490,89 ; 250,05 ;   7,598849 ;   89,66
1492,89 ; 249,99 ;   4,871789 ;   57,75
1494,89 ; 250,06 ;   7,003745 ;   82,99
1496,89 ; 250,06 ;   5,299593 ;   62,51
1498,89 ; 250,02 ;   6,240259 ;   73,58
1500,89 ; 250,02 ;   6,830051 ;   80,16
1502,89 ; 250,09 ;   6,229007 ;   73,99
1504,89 ; 250,02 ;   5,385550 ;   63,45
1506,90 ; 250,04 ;   7,257811 ;   85,15
1508,90 ; 250,02 ;   5,988132 ;   70,10
1510,90 ; 249,95 ;   6,491522 ;   76,43
1512,90 ; 249,98 ;   7,431567 ;   87,13
1514,90 ; 250,05 ;   5,890928 ;   69,55
1516,90 ; 249,95 ;   5,298541 ;   62,63
1518,90 ; 250,00 ;   7,607912 ;   89,52
1520,90 ; 249,95 ;   5,647235 ;   66,84
1522,91 ; 250,09 ;   7,003312 ;   82,13
1524,91 ; 249,99 ;   4,451938 ;   52,36
1526,91 ; 249,95 ;   7,607828 ;   89,10
1528,91 ; 250,02 ;   6,840972 ;   80,90
1530,91 ; 249,95 ;   5,297422 ;   62,89
1532,91 ; 250,02 ;   7,257017 ;   85,82
1534,91 ; 249,97 ;   5,472293 ;   64,21
1536,91 ; 250,00 ;   6,917243 ;   81,97
1538,91 ; 249,91 ;   5,899051 ;   69,31
1540,92 ; 250,00 ;   7,687718 ;   90,05
1542,92 ; 250,05 ;   5,045509 ;   59,47
1544,92 ; 250,11 ;   5,637857 ;   66,35
1546,92 ; 250,06 ;   5,386309 ;   63,20
1548,92 ; 250,02 ;   6,830893 ;   80,94
1550,92 ; 250,00 ;   6,830289 ;   80,13
1552,92 ; 250,00 ;   6,580621 ;   77,91
1554,92 ; 250,02 ;   6,316902 ;   74,21
1556,93 ; 250,02 ;   6,064991 ;   71,58
1558,93 ; 249,97 ;   6,327548 ;   74,04
1560,93 ; 250,09 ;   6,918198 ;   81,94
1562,93 ; 249,95 ;   4,618777 ;   54,79
1564,93 ; 250,02 ;   8,200149 ;   96,98
1566,93 ; 249,91 ;   5,297941 ;   62,95
1568,93 ; 250,00 ;   7,848997 ;   92,48
1570,93 ; 249,97 ;   5,021242 ;   59,42
1572,93 ; 248,84 ;   6,719299 ;   79,49
1574,94 ; 246,80 ;   10,503710 ;  125,00
1576,94 ; 244,47 ;   10,526938 ;  125,00
1578,94 ; 242,36 ;   10,528548 ;  125,00
1580,94 ; 240,44 ;   10,530555 ;  125,00
1582,94 ; 238,96 ;   10,529925 ;  125,00
1584,94 ; 237,50 ;   10,532428 ;  125,00
1586,94 ; 236,42 ;   10,524683 ;  125,00
1588,95 ; 235,78 ;   10,533251 ;  125,00
1590,95 ; 235,02 ;   10,529819 ;  125,00
1592,95 ; 234,61 ;   10,528779 ;  125,00
1594,95 ; 234,27 ;   10,526337 ;  125,00
1596,95 ; 234,10 ;   10,517205 ;  125,00
1598,95 ; 234,03 ;   10,524591 ;  125,00
1600,95 ; 234,13 ;   10,524077 ;  125,00
1602,95 ; 234,23 ;   10,524938 ;  125,00
1604,95 ; 234,34 ;   10,514876 ;  125,00
1606,96 ; 234,67 ;   10,521432 ;  125,00
1608,96 ; 235,05 ;   9,785135 ;  115,06
1610,96 ; 235,41 ;   9,007436 ;  106,34
1612,96 ; 235,77 ;   9,004373 ;  106,26
1614,96 ; 236,27 ;   9,082016 ;  107,57
1616,96 ; 236,81 ;   6,707780 ;   79,98
1618,96 ; 237,34 ;   6,032159 ;   71,72
1620,96 ; 237,84 ;   5,957609 ;   70,84
1622,97 ; 238,38 ;   5,946827 ;   70,08
1624,97 ; 239,11 ;   5,273037 ;   62,85
1626,97 ; 239,55 ;   2,048039 ;   24,88
1628,97 ; 240,09 ;   5,783330 ;   68,93
1630,97 ; 240,69 ;   4,093162 ;   48,98
1632,97 ; 241,18 ;   2,894526 ;   34,29
1634,97 ; 241,57 ;   4,008224 ;   47,92
1636,97 ; 241,98 ;   5,195755 ;   61,29
1638,97 ; 242,48 ;   4,597204 ;   54,65
1640,98 ; 242,88 ;   3,244827 ;   38,39
1642,98 ; 243,17 ;   4,086462 ;   48,89
1644,98 ; 243,55 ;   5,533945 ;   65,53
1646,98 ; 243,85 ;   4,173551 ;   49,16
1648,98 ; 244,01 ;   4,945147 ;   58,08
1650,98 ; 244,35 ;   6,807883 ;   80,91
1652,98 ; 244,60 ;   4,095145 ;   48,68
1654,98 ; 244,87 ;   5,195505 ;   61,77
1656,99 ; 245,01 ;   4,858401 ;   57,39
1658,99 ; 245,27 ;   6,472925 ;   76,53
1660,99 ; 245,40 ;   4,769932 ;   56,13
1662,99 ; 245,48 ;   6,384011 ;   75,26
1664,99 ; 245,74 ;   7,072686 ;   83,88
1666,99 ; 245,75 ;   4,432905 ;   52,23
1668,99 ; 245,91 ;   7,910395 ;   93,58
1670,99 ; 245,97 ;   5,697485 ;   67,92
1672,99 ; 246,09 ;   7,234107 ;   85,32
1675,00 ; 246,27 ;   6,211219 ;   73,61
1677,00 ; 246,38 ;   5,358015 ;   63,73
1679,00 ; 246,51 ;   6,296485 ;   74,31
1681,00 ; 246,65 ;   6,045384 ;   71,14
1683,00 ; 246,73 ;   5,708843 ;   67,77
1685,00 ; 246,86 ;   6,557387 ;   77,39
1687,00 ; 246,95 ;   5,697024 ;   67,91
1689,00 ; 247,02 ;   6,208291 ;   73,63
1691,01 ; 247,06 ;   6,644610 ;   78,43
1693,01 ; 247,20 ;   6,808564 ;   80,92
1695,01 ; 247,30 ;   5,619882 ;   66,44
1697,01 ; 247,39 ;   5,956277 ;   70,80
1699,01 ; 247,47 ;   6,045506 ;   71,49
1701,01 ; 247,48 ;   6,220881 ;   73,58
1703,01 ; 247,64 ;   7,058267 ;   83,73
1705,01 ; 247,70 ;   5,109079 ;   60,30
1707,01 ; 247,86 ;   6,296638 ;   74,84
1709,02 ; 247,88 ;   4,945940 ;   58,78
1711,02 ; 247,95 ;   6,894783 ;   81,17
1713,02 ; 248,06 ;   6,131229 ;   72,17
1715,02 ; 248,02 ;   5,358351 ;   63,86
1717,02 ; 248,09 ;   7,656722 ;   90,61
1719,02 ; 248,31 ;   5,958427 ;   70,40
1721,02 ; 248,28 ;   3,921774 ;   46,18
1723,02 ; 248,32 ;   7,311475 ;   86,26
1725,02 ; 248,39 ;   6,385509 ;   75,06
1727,03 ; 248,45 ;   5,871421 ;   69,67
1729,03 ; 248,48 ;   5,967869 ;   70,51
1731,03 ; 248,54 ;   6,467089 ;   76,70
1733,03 ; 248,63 ;   5,958869 ;   70,14
1735,03 ; 248,67 ;   5,542642 ;   65,76
1737,03 ; 248,66 ;   6,045245 ;   71,67
1739,03 ; 248,80 ;   6,808284 ;   80,62
1741,03 ; 248,74 ;   4,859775 ;   57,25
1743,04 ; 248,83 ;   7,405759 ;   87,63
1745,04 ; 248,87 ;   5,454250 ;   64,74
1747,04 ; 248,95 ;   6,035885 ;   71,92
1749,04 ; 248,91 ;   5,370136 ;   63,80
1751,04 ; 248,96 ;   7,147280 ;   84,13
1753,04 ; 249,04 ;   5,957322 ;   70,26
1755,04 ; 249,06 ;   5,447554 ;   64,67
1757,04 ; 249,09 ;   6,216639 ;   73,21
1759,04 ; 249,11 ;   6,212056 ;   73,13
1761,05 ; 249,18 ;   6,208878 ;   73,04
1763,05 ; 249,18 ;   5,534727 ;   65,05
1765,05 ; 249,24 ;   6,460093 ;   76,28
1767,05 ; 249,28 ;   5,534358 ;   65,89
1769,05 ; 249,27 ;   5,869421 ;   69,30
1771,05 ; 249,33 ;   6,642340 ;   78,23
1773,05 ; 249,27 ;   5,533505 ;   65,36
1775,05 ; 249,28 ;   7,233677 ;   85,88
1777,06 ; 249,29 ;   6,206995 ;   73,52
1779,06 ; 249,31 ;   6,303781 ;   74,80
1781,06 ; 249,41 ;   6,130811 ;   72,21
1783,06 ; 249,39 ;   4,944144 ;   58,90
1785,06 ; 249,41 ;   6,633861 ;   78,98
1787,06 ; 249,48 ;   6,034946 ;   71,44
1789,06 ; 249,52 ;   5,456804 ;   64,71
1791,06 ; 249,52 ;   5,620151 ;   66,76
1793,06 ; 249,44 ;   6,297206 ;   74,24
1795,07 ; 249,44 ;   7,485413 ;   88,81
1797,07 ; 249,55 ;   6,381965 ;   75,36
1799,07 ; 249,55 ;   4,856374 ;   57,02
1801,07 ; 249,57 ;   6,296469 ;   74,35
1803,07 ; 249,60 ;   5,957447 ;   70,48
1805,07 ; 249,60 ;   5,792252 ;   68,99
1807,07 ; 249,59 ;   6,220365 ;   73,99
1809,07 ; 249,53 ;   6,468378 ;   76,70
1811,07 ; 249,52 ;   7,070319 ;   83,53
1813,08 ; 249,65 ;   6,470122 ;   76,31
1815,08 ; 249,62 ;   4,607972 ;   54,08
1817,08 ; 249,71 ;   6,721781 ;   79,14
1819,08 ; 249,59 ;   4,933551 ;   58,47
1821,08 ; 249,66 ;   7,921121 ;   93,07
1823,08 ; 249,80 ;   5,282128 ;   62,80
1825,08 ; 249,69 ;   4,346997 ;   51,57
1827,08 ; 249,77 ;   7,657433 ;   90,99
1829,09 ; 249,77 ;   5,031533 ;   59,30
1831,09 ; 249,76 ;   6,122116 ;   72,90
1833,09 ; 249,73 ;   6,383619 ;   75,57
1835,09 ; 249,73 ;   6,643529 ;   78,42
1837,09 ; 249,75 ;   6,133612 ;   72,22
1839,09 ; 249,75 ;   5,959663 ;   70,87
1841,09 ; 249,73 ;   6,209729 ;   73,38
1843,09 ; 249,77 ;   6,471160 ;   76,06
1845,09 ; 249,73 ;   5,706702 ;   67,06
1847,10 ; 249,75 ;   6,722138 ;   79,85
1849,10 ; 249,76 ;   6,045035 ;   71,10
1851,10 ; 249,76 ;   6,131818 ;   72,29
1853,10 ; 249,80 ;   6,219483 ;   73,57
1855,10 ; 249,77 ;   5,543156 ;   65,71
1857,10 ; 249,76 ;   6,640965 ;   78,41
1859,10 ; 249,80 ;   6,472405 ;   76,15
1861,10 ; 249,80 ;   5,705468 ;   67,14
1863,11 ; 249,89 ;   6,130440 ;   72,02
1865,11 ; 249,84 ;   4,934372 ;   58,81
1867,11 ; 249,84 ;   6,808907 ;   80,28
1869,11 ; 249,93 ;   6,298615 ;   74,23
1871,11 ; 249,89 ;   4,859142 ;   57,23
1873,11 ; 249,91 ;   6,647191 ;   78,61
1875,11 ; 249,89 ;   5,785658 ;   68,52
1877,11 ; 249,95 ;   6,469549 ;   76,18
1879,11 ; 249,91 ;   5,370419 ;   63,28
1881,12 ; 249,88 ;   6,644643 ;   78,51
1883,12 ; 249,91 ;   6,472312 ;   76,31
1885,12 ; 249,87 ;   5,699741 ;   67,37
1887,12 ; 249,88 ;   6,809683 ;   80,21
1889,12 ; 249,93 ;   5,958068 ;   70,21
1891,12 ; 249,95 ;   5,447977 ;   64,79
1893,12 ; 249,97 ;   5,793140 ;   68,25
1895,12 ; 249,97 ;   5,871971 ;   69,32
1897,13 ; 249,91 ;   6,047097 ;   71,79
1899,13 ; 249,93 ;   6,985583 ;   82,34
1901,13 ; 249,99 ;   5,786006 ;   68,54
1903,13 ; 249,91 ;   5,197319 ;   61,72
1905,13 ; 249,98 ;   7,146995 ;   84,75
1907,13 ; 249,91 ;   5,197034 ;   61,90
1909,13 ; 249,95 ;   6,982605 ;   82,30
1911,13 ; 249,93 ;   5,533840 ;   65,87
1913,13 ; 249,95 ;   6,386172 ;   75,99
1915,14 ; 249,91 ;   5,871668 ;   69,67
1917,14 ; 249,84 ;   6,645649 ;   78,73
1919,14 ; 249,93 ;   7,071339 ;   83,13
1921,14 ; 249,91 ;   4,937949 ;   58,81
1923,14 ; 249,98 ;   6,471503 ;   76,33
1925,14 ; 249,93 ;   5,109427 ;   60,80
1927,14 ; 249,86 ;   6,725044 ;   79,79
1929,14 ; 249,98 ;   7,147680 ;   84,27
1931,14 ; 249,97 ;   4,513076 ;   53,45
1933,15 ; 249,93 ;   6,211008 ;   73,25
1935,15 ; 249,93 ;   6,639304 ;   78,61
1937,15 ; 249,95 ;   6,124787 ;   72,46
1939,15 ; 249,91 ;   5,798265 ;   68,52
1941,15 ; 249,88 ;   6,636709 ;   78,81
1943,15 ; 249,93 ;   6,549211 ;   77,93
1945,15 ; 249,95 ;   5,535448 ;   65,12
1947,15 ; 249,97 ;   5,790360 ;   68,58
1949,16 ; 249,95 ;   5,875315 ;   69,65
1951,16 ; 249,95 ;   6,300413 ;   74,75
1953,16 ; 250,00 ;   6,212977 ;   73,61
1955,16 ; 250,02 ;   5,361762 ;   63,17
1957,16 ; 249,98 ;   5,709631 ;   67,85
1959,16 ; 249,89 ;   6,725050 ;   79,44
1961,16 ; 249,97 ;   7,325587 ;   86,55
1963,16 ; 249,97 ;   5,022876 ;   59,83
1965,16 ; 249,89 ;   6,135498 ;   72,16
1967,17 ; 249,93 ;   7,235374 ;   85,34
1969,17 ; 249,95 ;   5,613830 ;   66,45
1971,17 ; 249,98 ;   5,785349 ;   68,68
1973,17 ; 249,95 ;   5,786767 ;   68,43
1975,17 ; 249,99 ;   6,471813 ;   76,08
1977,17 ; 249,95 ;   5,534914 ;   65,80
1979,17 ; 250,00 ;   6,647014 ;   78,55
1981,17 ; 250,02 ;   5,449794 ;   64,49
1983,18 ; 249,95 ;   5,873556 ;   69,26
1985,18 ; 249,98 ;   6,986717 ;   82,25
1987,18 ; 249,95 ;   5,785841 ;   68,46
1989,18 ; 249,95 ;   6,469554 ;   76,11
1991,18 ; 249,99 ;   6,135580 ;   72,42
1993,18 ; 250,05 ;   5,533439 ;   65,84
1995,18 ; 250,06 ;   5,286038 ;   62,78
1997,18 ; 250,05 ;   5,797933 ;   68,77
1999,18 ; 250,00 ;   6,211420 ;   73,85
2001,19 ; 249,95 ;   6,727327 ;   79,29
2003,19 ; 249,99 ;   6,723928 ;   79,80
2005,19 ; 250,02 ;   5,538589 ;   65,83
2007,19 ; 249,99 ;   5,797943 ;   68,03
2009,19 ; 249,97 ;   6,385915 ;   75,68
2011,19 ; 250,06 ;   6,377864 ;   75,94
2013,19 ; 249,95 ;   4,776512 ;   56,44
2015,19 ; 249,95 ;   7,575616 ;   89,67
2017,20 ; 249,99 ;   6,215003 ;   73,73
2019,20 ; 250,02 ;   5,449508 ;   64,60
2021,20 ; 249,99 ;   5,798768 ;   68,05
2023,20 ; 249,91 ;   6,386214 ;   75,69
2025,20 ; 249,98 ;   7,316652 ;   86,48
2027,20 ; 249,93 ;   5,198094 ;   61,09
2029,20 ; 250,00 ;   6,803606 ;   80,09
2031,20 ; 249,95 ;   5,111688 ;   60,86
2033,20 ; 249,91 ;   6,723449 ;   79,85
2035,21 ; 250,00 ;   6,813224 ;   80,37
2037,21 ; 249,98 ;   4,860558 ;   57,19
2039,21 ; 250,10 ;   6,388382 ;   75,92
2041,21 ; 249,97 ;   4,345289 ;   51,15
2043,21 ; 250,00 ;   7,915595 ;   93,26
2045,21 ; 250,05 ;   5,700371 ;   67,03
2047,21 ; 249,95 ;   5,448882 ;   64,06
2049,21 ; 250,02 ;   7,412780 ;   87,25
2051,21 ; 249,95 ;   5,111020 ;   60,62
2053,22 ; 249,95 ;   7,151112 ;   84,87
2055,22 ; 249,91 ;   6,038647 ;   71,25
2057,22 ; 249,95 ;   6,812714 ;   80,39
2059,22 ; 250,02 ;   5,622340 ;   66,43
2061,22 ; 249,95 ;   5,023471 ;   59,43
2063,22 ; 250,02 ;   7,150417 ;   84,92
2065,22 ; 249,98 ;   5,111272 ;   60,75
2067,22 ; 250,02 ;   6,641035 ;   78,42
2069,23 ; 250,02 ;   5,536212 ;   65,68
2071,23 ; 249,99 ;   5,961863 ;   70,52
2073,23 ; 249,99 ;   6,560333 ;   77,02
2075,23 ; 249,97 ;   6,135873 ;   72,09
2077,23 ; 250,02 ;   6,465192 ;   76,05
2079,23 ; 250,06 ;   5,362609 ;   63,13
2081,23 ; 250,02 ;   5,535820 ;   65,17
2083,23 ; 249,95 ;   6,561101 ;   77,91
2085,23 ; 250,06 ;   7,071858 ;   83,60
2087,24 ; 249,97 ;   4,598424 ;   54,07
2089,24 ; 249,97 ;   7,412449 ;   87,12
2091,24 ; 250,00 ;   6,129477 ;   72,34
2093,24 ; 249,95 ;   5,700908 ;   67,07
2095,24 ; 249,99 ;   6,723235 ;   79,91
2097,24 ; 249,86 ;   5,528494 ;   65,93
2099,24 ; 249,99 ;   7,999185 ;   94,49
2101,24 ; 249,99 ;   4,348490 ;   51,18
2103,25 ; 249,97 ;   6,129823 ;   72,12
2105,25 ; 249,97 ;   6,472019 ;   76,08
2107,25 ; 249,98 ;   6,136085 ;   72,39
2109,25 ; 249,93 ;   6,039234 ;   71,07
2111,25 ; 249,91 ;   6,813716 ;   80,22
2113,25 ; 249,91 ;   6,386678 ;   75,47
2115,25 ; 250,05 ;   6,302935 ;   74,34
2117,25 ; 249,99 ;   4,173891 ;   49,41
2119,25 ; 250,05 ;   6,811862 ;   80,80
2121,26 ; 249,91 ;   5,285978 ;   62,96
2123,26 ; 249,97 ;   7,923937 ;   93,97
2125,26 ; 250,02 ;   5,363761 ;   63,81
2127,26 ; 250,06 ;   5,450674 ;   64,54
2129,26 ; 250,05 ;   5,451988 ;   64,03
2131,26 ; 250,04 ;   6,300039 ;   74,05
2133,26 ; 250,02 ;   6,125589 ;   72,89
2135,26 ; 250,05 ;   6,301191 ;   74,29
2137,26 ; 250,02 ;   5,713270 ;   67,87
2139,27 ; 250,05 ;   6,473914 ;   76,83
2141,27 ; 250,04 ;   5,624418 ;   66,62
2143,27 ; 249,99 ;   6,128788 ;   72,86
2145,27 ; 249,97 ;   6,725613 ;   79,53
2147,27 ; 250,05 ;   6,475738 ;   76,08
2149,27 ; 250,04 ;   5,026234 ;   59,22
2151,27 ; 250,00 ;   6,126386 ;   72,85
2153,27 ; 250,05 ;   6,640741 ;   78,20
2155,28 ; 250,00 ;   5,449321 ;   64,13
2157,28 ; 249,93 ;   6,724307 ;   79,42
2159,28 ; 250,02 ;   7,065772 ;   83,88
2161,28 ; 249,97 ;   4,948167 ;   58,32
2163,28 ; 249,98 ;   6,726484 ;   79,77
2165,28 ; 250,02 ;   6,048657 ;   71,07
2167,28 ; 249,95 ;   5,535890 ;   65,72
2169,28 ; 249,93 ;   7,064922 ;   83,73
2171,28 ; 249,93 ;   6,389499 ;   75,29
2173,29 ; 249,98 ;   6,125546 ;   72,83
2175,29 ; 249,99 ;   5,452315 ;   64,95
2177,29 ; 249,93 ;   5,873297 ;   69,71
2179,29 ; 249,99 ;   6,985526 ;   82,71
2181,29 ; 249,97 ;   5,278373 ;   62,33
2183,29 ; 250,10 ;   6,476107 ;   76,14
2185,29 ; 250,02 ;   4,261741 ;   50,04
2187,29 ; 249,97 ;   7,155863 ;   84,16
2189,29 ; 250,02 ;   6,898224 ;   81,05
2191,30 ; 250,00 ;   5,360725 ;   63,21
2193,30 ; 250,05 ;   6,389481 ;   75,78
2195,30 ; 249,95 ;   5,450399 ;   64,18
2197,30 ; 249,97 ;   7,413183 ;   87,38
2199,30 ; 250,02 ;   5,875973 ;   69,96
2201,30 ; 250,02 ;   5,450670 ;   64,53
2203,30 ; 250,00 ;   5,954396 ;   70,60
2205,30 ; 250,02 ;   6,385995 ;   75,78
2207,31 ; 249,98 ;   5,799646 ;   68,13
2209,31 ; 249,86 ;   6,725286 ;   79,73
2211,31 ; 249,99 ;   7,836877 ;   92,10
2213,31 ; 249,99 ;   4,349936 ;   51,25
2215,31 ; 249,95 ;   6,138112 ;   72,20
2217,31 ; 250,09 ;   6,640825 ;   78,78
2219,31 ; 249,98 ;   4,262129 ;   50,24
2221,31 ; 249,95 ;   7,577482 ;   89,61
2223,31 ; 249,98 ;   6,466276 ;   76,32
2225,32 ; 250,10 ;   5,787445 ;   68,68
2227,32 ; 250,00 ;   4,340031 ;   51,29
2229,32 ; 249,98 ;   7,491610 ;   88,13
2231,32 ; 250,06 ;   6,466308 ;   76,05
2233,32 ; 249,97 ;   4,860066 ;   57,87
2235,32 ; 250,05 ;   7,403601 ;   87,23
2237,32 ; 249,93 ;   5,025690 ;   59,28
2239,32 ; 249,99 ;   7,741674 ;   91,35
2241,33 ; 249,95 ;   5,274963 ;   62,33
2243,33 ; 250,02 ;   6,641293 ;   78,78
2245,33 ; 249,97 ;   5,110986 ;   60,77
2247,33 ; 250,02 ;   6,891426 ;   81,08
2249,33 ; 249,97 ;   5,450347 ;   64,55
2251,33 ; 249,99 ;   6,728105 ;   79,85
2253,33 ; 250,02 ;   5,798902 ;   68,51
2255,33 ; 249,91 ;   5,622910 ;   66,94
2257,33 ; 250,05 ;   7,665224 ;   90,31
2259,34 ; 249,98 ;   4,261420 ;   50,67
2261,34 ; 249,95 ;   7,066199 ;   83,47
2263,34 ; 249,91 ;   6,466789 ;   76,34
2265,34 ; 250,04 ;   6,813359 ;   80,55
2267,34 ; 250,00 ;   4,261978 ;   50,77
2269,34 ; 249,99 ;   6,639381 ;   78,31
2271,34 ; 249,95 ;   6,222529 ;   73,47
2273,34 ; 250,02 ;   6,639677 ;   78,82
2275,35 ; 249,99 ;   5,288775 ;   62,13
2277,35 ; 250,09 ;   6,390228 ;   75,94
2279,35 ; 250,02 ;   4,772745 ;   56,43
2281,35 ; 250,04 ;   7,063779 ;   83,06
2283,35 ; 249,95 ;   5,798463 ;   68,02
2285,35 ; 249,98 ;   7,401340 ;   87,52
2287,35 ; 249,93 ;   5,709974 ;   67,47
2289,35 ; 250,02 ;   6,815436 ;   80,31
2291,35 ; 250,02 ;   4,862820 ;   57,11
2293,36 ; 250,02 ;   6,215300 ;   73,22
2295,36 ; 249,93 ;   5,963591 ;   70,66
2297,36 ; 250,04 ;   7,404753 ;   87,70
2299,36 ; 250,00 ;   4,598715 ;   54,49
2301,36 ; 250,11 ;   6,647983 ;   78,31
2303,36 ; 250,02 ;   4,522165 ;   53,72
2305,36 ; 249,95 ;   7,327366 ;   86,75
2307,36 ; 249,98 ;   6,988701 ;   82,50
2309,37 ; 249,91 ;   5,789079 ;   68,69
2311,37 ; 250,02 ;   6,981007 ;   82,94
2313,37 ; 250,02 ;   4,685425 ;   55,97
2315,37 ; 249,98 ;   5,962557 ;   70,67
2317,37 ; 249,97 ;   6,727237 ;   79,80
2319,37 ; 250,06 ;   6,215762 ;   73,73
2321,37 ; 249,95 ;   4,772260 ;   56,70
2323,37 ; 249,95 ;   7,567969 ;   89,91
2325,37 ; 249,95 ;   6,137775 ;   72,67
2327,38 ; 249,98 ;   6,127091 ;   72,68
2329,38 ; 249,93 ;   5,791264 ;   68,73
2331,38 ; 249,95 ;   6,806195 ;   80,34
2333,38 ; 249,97 ;   5,962330 ;   70,32
2335,38 ; 250,06 ;   5,788013 ;   68,85
2337,38 ; 249,99 ;   4,774778 ;   56,74
2339,38 ; 250,09 ;   7,073954 ;   83,37
2341,38 ; 250,02 ;   4,765098 ;   56,47
2343,38 ; 249,97 ;   7,066183 ;   83,10
2345,39 ; 250,00 ;   6,726383 ;   79,91
2347,39 ; 249,93 ;   5,711810 ;   67,26
2349,39 ; 249,99 ;   7,152431 ;   84,04
2351,39 ; 249,97 ;   5,286825 ;   62,42
2353,39 ; 250,02 ;   6,468224 ;   76,24
2355,39 ; 249,97 ;   5,451338 ;   64,64
2357,39 ; 249,97 ;   6,720304 ;   79,93
2359,39 ; 250,05 ;   6,127228 ;   72,55
2361,40 ; 250,02 ;   5,025856 ;   59,38
2363,40 ; 249,99 ;   6,477755 ;   76,96
2365,40 ; 249,98 ;   6,381406 ;   75,98
2367,40 ; 249,98 ;   6,301439 ;   74,92
2369,40 ; 249,98 ;   6,127535 ;   72,46
2371,40 ; 249,95 ;   6,137722 ;   72,47
2373,40 ; 250,06 ;   6,464652 ;   76,43
2375,40 ; 250,11 ;   4,600743 ;   54,30
2377,40 ; 250,02 ;   5,365624 ;   63,63
2379,41 ; 249,91 ;   7,316377 ;   86,81
2381,41 ; 249,97 ;   7,578187 ;   89,14
2383,41 ; 250,04 ;   5,363134 ;   63,92
2385,41 ; 250,09 ;   5,113149 ;   60,70
2387,41 ; 249,99 ;   5,364252 ;   63,88
2389,41 ; 250,02 ;   7,404790 ;   87,06
2391,41 ; 250,00 ;   5,790087 ;   68,32
2393,41 ; 250,00 ;   6,304028 ;   74,65
2395,42 ; 249,99 ;   6,134841 ;   72,19
2397,42 ; 249,91 ;   6,216054 ;   73,50
2399,42 ; 250,00 ;   7,230746 ;   85,45
2401,42 ; 249,97 ;   4,948380 ;   58,66
2403,42 ; 250,00 ;   6,553498 ;   77,47
2405,42 ; 250,02 ;   5,702607 ;   67,28
2407,42 ; 249,97 ;   5,877176 ;   69,58
2409,42 ; 250,02 ;   6,726209 ;   79,94
2411,42 ; 249,89 ;   5,451055 ;   64,65
2413,43 ; 249,91 ;   7,914467 ;   93,12
2415,43 ; 249,98 ;   5,885577 ;   69,47
2417,43 ; 249,99 ;   5,277264 ;   62,64
2419,43 ; 249,91 ;   5,874991 ;   69,87
2421,43 ; 249,97 ;   7,241456 ;   85,51
2423,43 ; 249,95 ;   5,363906 ;   63,98
2425,43 ; 250,04 ;   6,473289 ;   76,57
2427,43 ; 249,91 ;   4,863197 ;   57,08
2429,44 ; 249,99 ;   7,829989 ;   92,93
2431,44 ; 250,02 ;   5,111659 ;   60,05
2433,44 ; 250,02 ;   5,713353 ;   67,11
2435,44 ; 250,02 ;   6,216111 ;   73,35
2437,44 ; 250,00 ;   6,137956 ;   72,12
2439,44 ; 249,97 ;   6,300733 ;   74,75
2441,44 ; 249,99 ;   6,553959 ;   77,55
2443,44 ; 250,04 ;   5,789642 ;   68,68
2445,44 ; 250,00 ;   5,452895 ;   64,47
