Tempo total (s) ;Temperatura (ºC) ; Potencia atual (W) ; Saida
P:  10.70 I: 118.00 D:  29.50 Tensão:4.793 V Temperatura ambiente:     24.58 ºC
2,00 ; 249,91 ;   7,166324 ;   85,89
4,00 ; 249,91 ;   6,416367 ;   76,04
6,00 ; 249,93 ;   6,245973 ;   74,74
8,00 ; 249,95 ;   6,156814 ;   73,35
10,01 ; 249,98 ;   6,161426 ;   73,20
12,01 ; 250,04 ;   5,907727 ;   70,40
14,01 ; 250,00 ;   5,401340 ;   64,80
16,01 ; 250,02 ;   6,827384 ;   81,24
18,01 ; 250,00 ;   6,064899 ;   72,44
20,01 ; 249,93 ;   6,493644 ;   77,54
22,01 ; 250,02 ;   7,250999 ;   86,93
24,01 ; 250,06 ;   5,153820 ;   61,36
26,01 ; 250,00 ;   5,652884 ;   67,01
28,02 ; 249,93 ;   7,078558 ;   84,93
30,02 ; 250,04 ;   7,259890 ;   86,92
32,02 ; 249,97 ;   4,811064 ;   57,40
34,02 ; 249,98 ;   7,251715 ;   86,51
36,02 ; 249,95 ;   6,244104 ;   74,10
38,02 ; 249,89 ;   6,743891 ;   80,61
40,02 ; 250,00 ;   7,090791 ;   84,91
42,02 ; 249,99 ;   4,808579 ;   57,85
44,03 ; 249,97 ;   6,409132 ;   76,43
46,03 ; 249,99 ;   6,669536 ;   79,15
48,03 ; 249,99 ;   5,986447 ;   71,51
50,03 ; 249,93 ;   6,332810 ;   75,21
52,03 ; 249,91 ;   7,176665 ;   85,75
54,03 ; 249,98 ;   6,573052 ;   78,54
56,03 ; 249,97 ;   5,480393 ;   65,55
58,03 ; 250,08 ;   6,410353 ;   76,73
60,04 ; 249,99 ;   4,807734 ;   57,07
62,04 ; 249,98 ;   7,426806 ;   88,80
64,04 ; 249,95 ;   6,502958 ;   77,87
66,04 ; 249,99 ;   6,667986 ;   79,36
68,04 ; 249,99 ;   5,824578 ;   69,09
70,04 ; 249,97 ;   6,323911 ;   75,25
72,04 ; 250,11 ;   6,668071 ;   79,20
74,04 ; 250,05 ;   4,311453 ;   51,80
76,04 ; 249,95 ;   7,090439 ;   84,50
78,05 ; 249,98 ;   7,588350 ;   90,44
80,05 ; 249,95 ;   5,997938 ;   71,71
82,05 ; 250,02 ;   6,743581 ;   80,68
84,05 ; 250,05 ;   5,316171 ;   63,90
86,05 ; 250,08 ;   5,826022 ;   69,73
88,05 ; 249,93 ;   5,823496 ;   69,37
90,05 ; 250,00 ;   8,342984 ;   99,31
92,05 ; 250,04 ;   5,403613 ;   64,06
94,05 ; 249,97 ;   5,738452 ;   68,57
96,06 ; 250,00 ;   7,252779 ;   86,57
98,06 ; 249,95 ;   5,901589 ;   70,22
100,06 ; 249,98 ;   7,004237 ;   83,05
102,06 ; 249,88 ;   5,988437 ;   71,72
104,06 ; 250,02 ;   7,675510 ;   91,24
106,06 ; 250,00 ;   4,558615 ;   54,07
108,06 ; 250,02 ;   6,498105 ;   77,65
110,06 ; 249,95 ;   6,074882 ;   72,55
112,07 ; 249,98 ;   7,168880 ;   85,55
114,07 ; 250,00 ;   5,989054 ;   71,75
116,07 ; 250,02 ;   5,988351 ;   71,50
118,07 ; 250,00 ;   6,073855 ;   72,56
120,07 ; 249,99 ;   6,495272 ;   77,66
122,07 ; 250,04 ;   6,410868 ;   76,51
124,07 ; 250,05 ;   5,653779 ;   67,37
126,07 ; 250,00 ;   6,158946 ;   73,44
128,08 ; 250,02 ;   6,918871 ;   82,57
130,08 ; 250,00 ;   6,075338 ;   72,54
132,08 ; 250,05 ;   6,497510 ;   77,64
134,08 ; 250,11 ;   5,652434 ;   67,27
136,08 ; 250,08 ;   5,396482 ;   64,12
138,08 ; 250,13 ;   6,660245 ;   79,22
140,08 ; 250,08 ;   5,567741 ;   66,38
142,08 ; 250,10 ;   6,833090 ;   81,65
144,08 ; 250,09 ;   5,903826 ;   70,29
146,09 ; 250,06 ;   6,419506 ;   76,60
148,09 ; 250,00 ;   6,585463 ;   78,08
150,09 ; 250,06 ;   7,094258 ;   84,91
152,09 ; 250,00 ;   5,396198 ;   64,51
154,09 ; 250,04 ;   7,089995 ;   84,90
156,09 ; 250,00 ;   5,731770 ;   68,45
158,09 ; 250,00 ;   6,832215 ;   81,19
160,09 ; 250,05 ;   6,326945 ;   75,03
162,09 ; 250,02 ;   5,655352 ;   67,13
164,10 ; 250,04 ;   6,660928 ;   79,78
166,10 ; 249,99 ;   5,907052 ;   70,89
168,10 ; 250,04 ;   6,917374 ;   82,49
170,10 ; 249,95 ;   5,662523 ;   67,20
172,10 ; 250,02 ;   7,505507 ;   89,07
174,10 ; 250,00 ;   5,318513 ;   63,67
176,10 ; 249,98 ;   6,586384 ;   78,71
178,10 ; 249,91 ;   6,576327 ;   78,96
180,11 ; 250,00 ;   7,340665 ;   87,13
182,11 ; 250,04 ;   5,058630 ;   60,24
184,11 ; 249,99 ;   5,741616 ;   68,45
186,11 ; 249,98 ;   6,919075 ;   82,51
188,11 ; 250,02 ;   6,496790 ;   77,75
190,11 ; 250,00 ;   5,655821 ;   67,38
192,11 ; 250,00 ;   6,582612 ;   78,72
194,11 ; 249,98 ;   6,334978 ;   75,03
196,11 ; 249,93 ;   6,584830 ;   78,98
198,12 ; 249,99 ;   7,006538 ;   83,19
200,12 ; 249,95 ;   5,488519 ;   65,27
202,12 ; 249,95 ;   6,834359 ;   81,71
204,12 ; 250,04 ;   6,326781 ;   75,56
206,12 ; 250,04 ;   5,145350 ;   61,07
208,12 ; 250,00 ;   6,251239 ;   74,63
210,12 ; 250,02 ;   6,836343 ;   81,21
212,12 ; 250,02 ;   6,076501 ;   72,41
214,13 ; 250,02 ;   6,163603 ;   73,56
216,13 ; 250,05 ;   6,246547 ;   74,78
218,13 ; 250,02 ;   5,915439 ;   70,83
220,13 ; 249,97 ;   6,583775 ;   78,47
222,13 ; 250,11 ;   7,009593 ;   83,99
224,13 ; 250,06 ;   4,310008 ;   51,64
226,13 ; 250,09 ;   6,835241 ;   81,72
228,13 ; 250,04 ;   5,902583 ;   70,37
230,13 ; 250,09 ;   6,844139 ;   81,95
232,14 ; 250,05 ;   5,567209 ;   66,64
234,14 ; 250,02 ;   6,747398 ;   80,61
236,14 ; 250,11 ;   6,661308 ;   79,71
238,14 ; 250,09 ;   4,898181 ;   58,97
240,14 ; 249,98 ;   6,497490 ;   77,69
242,14 ; 250,06 ;   7,764704 ;   92,41
244,14 ; 250,02 ;   5,068544 ;   60,68
246,14 ; 249,97 ;   6,916892 ;   82,13
248,14 ; 250,05 ;   6,921052 ;   82,64
250,15 ; 249,89 ;   5,242121 ;   62,07
252,15 ; 249,98 ;   8,438422 ;  100,74
254,15 ; 250,00 ;   5,146028 ;   61,62
256,15 ; 249,98 ;   6,000588 ;   71,23
258,15 ; 249,98 ;   6,584455 ;   78,88
260,15 ; 249,97 ;   6,333228 ;   75,18
262,15 ; 250,04 ;   6,420958 ;   76,50
264,15 ; 250,02 ;   5,321700 ;   63,42
266,16 ; 249,97 ;   6,583023 ;   78,46
268,16 ; 249,95 ;   6,929016 ;   82,67
270,16 ; 249,93 ;   6,497235 ;   77,91
272,16 ; 250,02 ;   6,671009 ;   79,40
274,16 ; 249,99 ;   4,982543 ;   59,91
276,16 ; 250,04 ;   6,672288 ;   79,97
278,16 ; 250,05 ;   5,656521 ;   67,14
280,16 ; 249,93 ;   6,162588 ;   73,20
282,16 ; 250,08 ;   7,939762 ;   94,19
284,17 ; 250,00 ;   4,225109 ;   50,68
286,17 ; 250,08 ;   7,345172 ;   87,26
288,17 ; 250,02 ;   5,153304 ;   61,75
290,17 ; 250,10 ;   7,006133 ;   83,29
292,17 ; 250,02 ;   5,157287 ;   61,49
294,17 ; 250,04 ;   7,255616 ;   86,97
296,17 ; 250,10 ;   6,078382 ;   72,00
298,17 ; 250,04 ;   5,319777 ;   63,93
300,17 ; 250,02 ;   7,094938 ;   84,30
302,18 ; 250,09 ;   6,583510 ;   78,39
304,18 ; 250,15 ;   5,241827 ;   62,84
306,18 ; 250,02 ;   5,326791 ;   63,37
308,18 ; 250,02 ;   7,935549 ;   94,29
310,18 ; 249,99 ;   6,336620 ;   75,87
312,18 ; 250,02 ;   6,586285 ;   78,59
314,18 ; 249,98 ;   5,904665 ;   70,94
316,18 ; 249,95 ;   6,843230 ;   81,22
318,18 ; 250,00 ;   6,669707 ;   79,02
320,19 ; 249,89 ;   5,653220 ;   67,43
322,19 ; 250,02 ;   7,851060 ;   93,26
324,19 ; 250,00 ;   4,484105 ;   53,63
326,19 ; 250,05 ;   6,585819 ;   78,53
328,19 ; 249,95 ;   5,568523 ;   66,94
330,19 ; 250,02 ;   7,680123 ;   91,45
332,19 ; 250,02 ;   5,233704 ;   62,26
334,19 ; 249,98 ;   6,248831 ;   74,58
336,20 ; 249,91 ;   6,921856 ;   82,47
338,20 ; 249,99 ;   7,180466 ;   85,63
340,20 ; 250,02 ;   5,231314 ;   62,61
342,20 ; 249,97 ;   5,825824 ;   69,67
344,20 ; 249,93 ;   7,006568 ;   83,81
346,20 ; 249,97 ;   6,833924 ;   81,78
348,20 ; 250,02 ;   5,827360 ;   69,05
350,20 ; 250,02 ;   5,664137 ;   67,30
352,20 ; 250,00 ;   6,163139 ;   73,38
354,21 ; 250,00 ;   6,584208 ;   78,56
356,21 ; 250,02 ;   6,247537 ;   74,86
358,21 ; 250,00 ;   5,905036 ;   70,91
360,21 ; 250,04 ;   6,585741 ;   78,55
362,21 ; 250,04 ;   5,739880 ;   68,27
364,21 ; 250,02 ;   6,247522 ;   74,43
366,21 ; 250,10 ;   6,586183 ;   78,37
368,21 ; 250,00 ;   5,059464 ;   60,18
370,21 ; 250,05 ;   7,600297 ;   90,84
372,22 ; 250,02 ;   5,577762 ;   66,92
374,22 ; 250,06 ;   6,585693 ;   78,26
376,22 ; 249,93 ;   5,654946 ;   67,97
378,22 ; 250,04 ;   8,101570 ;   96,50
380,22 ; 250,05 ;   4,820111 ;   57,13
382,22 ; 249,99 ;   6,162073 ;   73,06
384,22 ; 250,05 ;   7,007660 ;   83,51
386,22 ; 250,04 ;   5,492428 ;   65,67
388,22 ; 249,93 ;   6,336742 ;   75,60
390,23 ; 249,93 ;   7,765211 ;   92,81
392,23 ; 249,95 ;   6,323886 ;   75,56
394,23 ; 249,91 ;   5,991963 ;   71,62
396,23 ; 249,91 ;   7,006663 ;   83,23
398,23 ; 249,95 ;   6,336853 ;   75,85
400,23 ; 250,08 ;   5,654836 ;   67,97
402,23 ; 249,99 ;   4,563141 ;   54,30
404,23 ; 250,04 ;   7,430732 ;   88,49
406,24 ; 250,02 ;   5,653691 ;   67,03
408,24 ; 250,13 ;   6,500415 ;   77,05
410,24 ; 250,02 ;   4,725070 ;   56,13
412,24 ; 250,02 ;   7,676757 ;   91,80
414,24 ; 250,02 ;   6,336107 ;   75,87
416,24 ; 249,99 ;   6,165512 ;   73,32
418,24 ; 249,97 ;   6,663390 ;   79,81
420,24 ; 249,95 ;   6,585822 ;   78,84
422,24 ; 250,04 ;   6,498791 ;   77,78
424,25 ; 250,02 ;   5,067605 ;   60,83
426,25 ; 250,00 ;   6,506779 ;   77,02
428,25 ; 250,00 ;   6,588038 ;   78,50
430,25 ; 250,02 ;   6,250542 ;   74,80
432,25 ; 250,04 ;   5,911703 ;   70,85
434,25 ; 250,02 ;   5,992174 ;   71,91
436,25 ; 250,06 ;   6,584599 ;   78,32
438,25 ; 250,00 ;   5,578626 ;   66,72
440,25 ; 249,97 ;   7,095906 ;   84,64
442,26 ; 250,04 ;   6,749453 ;   80,05
444,26 ; 249,98 ;   5,320113 ;   63,27
446,26 ; 249,99 ;   7,092504 ;   84,89
448,26 ; 249,99 ;   6,077220 ;   72,40
450,26 ; 250,02 ;   6,247284 ;   74,87
452,26 ; 250,05 ;   5,827368 ;   69,60
454,26 ; 250,00 ;   5,915951 ;   70,57
456,26 ; 250,05 ;   6,919494 ;   82,17
458,27 ; 250,06 ;   5,577331 ;   66,87
460,27 ; 249,99 ;   5,992294 ;   71,62
462,27 ; 250,02 ;   7,172326 ;   85,93
464,27 ; 250,00 ;   5,905163 ;   70,89
466,27 ; 249,93 ;   6,500151 ;   77,21
468,27 ; 250,13 ;   7,257923 ;   86,61
470,27 ; 249,99 ;   3,557318 ;   42,61
472,27 ; 249,99 ;   8,012093 ;   95,79
474,27 ; 250,02 ;   6,250240 ;   74,83
476,27 ; 250,00 ;   5,819632 ;   69,56
478,28 ; 249,93 ;   6,583211 ;   78,44
480,28 ; 249,98 ;   7,256446 ;   86,59
482,28 ; 249,91 ;   5,664509 ;   67,61
484,28 ; 249,95 ;   7,258123 ;   86,87
486,28 ; 249,98 ;   5,818284 ;   69,21
488,28 ; 250,00 ;   5,903558 ;   70,11
490,28 ; 249,99 ;   6,001608 ;   71,09
492,28 ; 249,97 ;   6,414614 ;   76,10
494,29 ; 250,05 ;   6,586797 ;   78,82
496,29 ; 250,02 ;   5,144839 ;   61,96
498,29 ; 249,99 ;   6,671136 ;   79,54
500,29 ; 249,99 ;   6,587304 ;   78,56
502,29 ; 250,02 ;   6,241731 ;   74,87
504,29 ; 249,98 ;   5,912276 ;   70,92
506,29 ; 250,00 ;   6,834705 ;   81,20
508,29 ; 249,93 ;   5,992879 ;   71,09
510,29 ; 249,99 ;   7,265586 ;   86,64
512,30 ; 250,06 ;   5,483481 ;   65,02
514,30 ; 249,95 ;   5,319887 ;   63,03
516,30 ; 249,98 ;   7,767627 ;   92,55
518,30 ; 250,02 ;   5,993067 ;   71,36
520,30 ; 250,02 ;   5,653355 ;   67,15
522,30 ; 250,09 ;   6,250440 ;   74,54
524,30 ; 250,00 ;   5,318292 ;   64,00
526,30 ; 250,00 ;   7,422065 ;   88,33
528,30 ; 250,04 ;   6,249261 ;   74,78
530,31 ; 250,02 ;   5,742262 ;   68,19
532,31 ; 249,97 ;   6,412336 ;   76,98
534,31 ; 250,02 ;   7,006110 ;   83,73
536,31 ; 250,04 ;   5,485109 ;   65,89
538,31 ; 249,99 ;   5,991961 ;   71,88
540,31 ; 250,05 ;   6,920265 ;   82,24
542,31 ; 250,00 ;   5,493291 ;   65,63
544,31 ; 250,00 ;   6,923701 ;   82,15
546,31 ; 249,99 ;   6,252144 ;   74,75
548,32 ; 250,05 ;   6,412597 ;   76,07
550,32 ; 249,95 ;   5,483841 ;   65,62
552,32 ; 250,02 ;   7,592805 ;   90,05
554,32 ; 249,97 ;   5,318913 ;   63,41
556,32 ; 250,02 ;   7,008800 ;   83,71
558,32 ; 250,00 ;   5,657467 ;   67,19
560,32 ; 249,95 ;   6,500508 ;   77,22
562,32 ; 249,98 ;   7,009585 ;   83,98
564,33 ; 250,05 ;   5,916005 ;   70,09
566,33 ; 250,02 ;   5,319669 ;   63,17
568,33 ; 250,00 ;   6,673626 ;   79,52
570,33 ; 250,02 ;   6,502008 ;   77,22
572,33 ; 250,06 ;   5,914364 ;   70,80
574,33 ; 250,06 ;   5,656772 ;   67,91
576,33 ; 250,00 ;   6,252239 ;   74,06
578,33 ; 250,11 ;   7,084907 ;   84,59
580,33 ; 250,02 ;   4,736944 ;   56,29
582,34 ; 250,06 ;   7,428946 ;   88,02
584,34 ; 249,91 ;   5,666164 ;   67,87
586,34 ; 250,02 ;   8,438833 ;  100,36
588,34 ; 250,05 ;   4,814113 ;   57,29
590,34 ; 250,02 ;   5,826965 ;   69,27
592,34 ; 250,02 ;   6,589782 ;   78,14
594,34 ; 250,04 ;   6,337632 ;   75,76
596,34 ; 249,97 ;   5,914990 ;   70,57
598,34 ; 250,00 ;   7,258757 ;   86,11
600,35 ; 250,05 ;   5,829634 ;   69,76
602,35 ; 250,00 ;   5,579625 ;   66,79
604,35 ; 250,00 ;   6,922746 ;   82,08
606,35 ; 250,06 ;   6,244185 ;   74,68
608,35 ; 250,02 ;   5,405680 ;   64,14
610,35 ; 249,99 ;   6,751649 ;   80,58
612,35 ; 250,02 ;   6,673382 ;   79,68
614,35 ; 250,02 ;   5,821946 ;   69,48
616,35 ; 250,08 ;   6,251944 ;   74,41
618,36 ; 249,99 ;   5,491428 ;   65,18
620,36 ; 250,02 ;   7,432728 ;   88,29
622,36 ; 250,06 ;   5,820206 ;   69,46
624,36 ; 250,02 ;   5,656352 ;   67,80
626,36 ; 250,02 ;   6,760138 ;   80,54
628,36 ; 249,99 ;   6,254408 ;   74,37
630,36 ; 250,00 ;   6,665139 ;   79,64
632,36 ; 249,97 ;   6,165430 ;   73,39
634,36 ; 249,99 ;   6,664976 ;   79,90
636,37 ; 249,97 ;   5,995520 ;   71,02
638,37 ; 249,99 ;   6,587787 ;   78,67
640,37 ; 249,95 ;   6,003336 ;   71,03
642,37 ; 249,98 ;   6,837734 ;   81,31
644,37 ; 249,97 ;   5,994629 ;   71,21
646,37 ; 249,99 ;   6,416179 ;   76,22
648,37 ; 249,97 ;   5,995801 ;   71,05
650,37 ; 249,99 ;   6,586840 ;   78,70
652,38 ; 250,00 ;   6,004428 ;   71,05
654,38 ; 249,98 ;   6,165889 ;   73,43
656,38 ; 250,02 ;   6,587607 ;   78,62
658,38 ; 250,00 ;   5,657535 ;   67,02
660,38 ; 250,09 ;   6,582875 ;   78,36
662,38 ; 250,00 ;   5,070441 ;   60,17
664,38 ; 250,00 ;   7,436177 ;   88,20
666,38 ; 249,98 ;   6,246382 ;   74,65
668,38 ; 250,05 ;   6,587973 ;   78,60
670,39 ; 249,99 ;   5,322264 ;   63,05
672,39 ; 250,02 ;   7,012978 ;   83,35
674,39 ; 250,02 ;   5,831739 ;   69,46
676,39 ; 250,02 ;   6,336896 ;   75,71
678,39 ; 250,04 ;   6,166337 ;   73,15
680,39 ; 250,02 ;   6,005374 ;   71,75
682,39 ; 250,02 ;   6,415926 ;   76,84
684,39 ; 250,02 ;   6,251037 ;   74,37
686,39 ; 249,98 ;   6,254740 ;   74,37
688,40 ; 250,00 ;   6,922806 ;   82,27
690,40 ; 250,04 ;   5,918511 ;   70,93
692,40 ; 249,93 ;   5,744075 ;   68,03
694,40 ; 249,99 ;   7,770971 ;   92,63
696,40 ; 250,09 ;   5,400383 ;   64,85
698,40 ; 250,06 ;   4,899469 ;   58,90
700,40 ; 250,06 ;   6,503366 ;   77,63
702,40 ; 250,09 ;   6,166592 ;   73,92
704,40 ; 250,02 ;   5,831033 ;   69,96
706,41 ; 250,05 ;   7,172762 ;   85,50
708,41 ; 250,00 ;   5,833121 ;   69,13
710,41 ; 250,06 ;   6,846100 ;   81,96
712,41 ; 250,02 ;   5,408348 ;   64,02
714,41 ; 249,97 ;   6,848089 ;   81,77
716,41 ; 249,95 ;   6,925728 ;   82,29
718,41 ; 250,00 ;   6,502012 ;   77,53
720,41 ; 249,98 ;   5,659680 ;   67,17
722,42 ; 249,95 ;   6,590552 ;   78,51
724,42 ; 249,91 ;   6,582064 ;   78,77
726,42 ; 250,02 ;   6,926669 ;   82,99
728,42 ; 250,02 ;   4,649540 ;   55,85
730,42 ; 249,89 ;   6,255140 ;   74,33
732,42 ; 249,95 ;   8,106178 ;   96,72
734,42 ; 249,97 ;   5,495105 ;   65,25
736,42 ; 250,04 ;   6,079627 ;   72,49
738,42 ; 249,98 ;   5,324669 ;   63,11
740,43 ; 250,02 ;   7,087207 ;   84,72
742,43 ; 250,02 ;   5,753851 ;   68,28
744,43 ; 250,04 ;   6,166960 ;   73,12
746,43 ; 250,08 ;   5,994826 ;   71,72
748,43 ; 250,08 ;   5,668424 ;   67,59
750,43 ; 250,06 ;   6,167677 ;   73,74
752,43 ; 250,02 ;   6,414640 ;   76,36
754,43 ; 249,95 ;   6,840582 ;   81,79
756,43 ; 250,05 ;   7,088151 ;   84,93
758,44 ; 249,98 ;   4,987992 ;   59,28
760,44 ; 249,97 ;   7,185351 ;   85,90
762,44 ; 250,00 ;   6,416703 ;   76,13
764,44 ; 249,99 ;   5,832467 ;   69,64
766,44 ; 250,00 ;   6,338067 ;   75,89
768,44 ; 249,89 ;   6,167704 ;   73,34
770,44 ; 249,97 ;   7,857668 ;   93,01
772,44 ; 250,00 ;   5,246727 ;   62,61
774,44 ; 250,02 ;   5,822333 ;   69,67
776,45 ; 250,02 ;   5,909947 ;   70,64
778,45 ; 249,95 ;   6,256142 ;   74,34
780,45 ; 249,95 ;   7,262124 ;   86,19
782,45 ; 250,06 ;   6,423490 ;   76,42
784,45 ; 250,02 ;   4,652159 ;   55,45
786,45 ; 250,05 ;   6,762320 ;   80,50
788,45 ; 249,99 ;   5,917809 ;   70,38
790,45 ; 249,91 ;   7,014384 ;   83,29
792,46 ; 249,99 ;   7,517602 ;   89,17
794,46 ; 250,02 ;   5,160245 ;   61,13
796,46 ; 249,95 ;   5,916010 ;   70,73
798,46 ; 249,98 ;   7,262592 ;   86,28
800,46 ; 249,95 ;   5,823059 ;   69,94
802,46 ; 250,06 ;   6,587908 ;   78,82
804,46 ; 250,09 ;   4,738334 ;   56,69
806,46 ; 249,99 ;   5,831478 ;   69,98
808,46 ; 249,59 ;   7,515583 ;   89,47
810,47 ; 247,52 ;   10,431912 ;  125,00
812,47 ; 244,65 ;   10,454376 ;  125,00
814,47 ; 241,72 ;   10,453965 ;  125,00
816,47 ; 238,98 ;   10,452116 ;  125,00
818,47 ; 236,31 ;   10,452933 ;  125,00
820,47 ; 234,15 ;   10,451510 ;  125,00
822,47 ; 232,18 ;   10,450559 ;  125,00
824,47 ; 230,45 ;   10,437626 ;  125,00
826,48 ; 228,90 ;   10,445521 ;  125,00
828,48 ; 227,58 ;   10,443979 ;  125,00
830,48 ; 226,43 ;   10,443841 ;  125,00
832,48 ; 225,45 ;   10,443930 ;  125,00
834,48 ; 224,57 ;   10,442900 ;  125,00
836,48 ; 223,87 ;   10,442209 ;  125,00
838,48 ; 223,27 ;   10,442149 ;  125,00
840,48 ; 222,71 ;   10,442694 ;  125,00
842,48 ; 222,30 ;   10,442584 ;  125,00
844,49 ; 221,98 ;   10,434928 ;  125,00
846,49 ; 221,77 ;   10,435439 ;  125,00
848,49 ; 221,55 ;   10,444639 ;  125,00
850,49 ; 221,37 ;   10,444504 ;  125,00
852,49 ; 221,47 ;   10,442208 ;  125,00
854,49 ; 221,41 ;   10,442440 ;  125,00
856,49 ; 221,45 ;   10,436066 ;  125,00
858,49 ; 221,52 ;   10,445161 ;  125,00
860,50 ; 221,73 ;   10,443659 ;  125,00
862,50 ; 221,91 ;   10,443683 ;  125,00
864,50 ; 222,13 ;   10,437797 ;  125,00
866,50 ; 222,34 ;   10,446716 ;  125,00
868,50 ; 222,63 ;   10,448576 ;  125,00
870,50 ; 222,93 ;   10,449658 ;  125,00
872,50 ; 223,29 ;   10,448586 ;  125,00
874,50 ; 223,70 ;   10,448702 ;  125,00
876,51 ; 224,03 ;   10,449399 ;  125,00
878,51 ; 224,42 ;   10,450007 ;  125,00
880,51 ; 224,84 ;   10,450115 ;  125,00
882,51 ; 225,30 ;   10,450572 ;  125,00
884,51 ; 225,82 ;   10,451207 ;  125,00
886,51 ; 226,23 ;   10,450755 ;  125,00
888,51 ; 226,73 ;   10,451532 ;  125,00
890,51 ; 227,23 ;   10,453011 ;  125,00
892,52 ; 227,63 ;   10,453619 ;  125,00
894,52 ; 228,24 ;   10,445100 ;  125,00
896,52 ; 228,78 ;   10,452716 ;  125,00
898,52 ; 229,19 ;   10,453407 ;  125,00
900,52 ; 229,79 ;   10,455059 ;  125,00
902,52 ; 230,43 ;   10,455850 ;  125,00
904,52 ; 230,98 ;   9,390650 ;  111,95
906,52 ; 231,48 ;   10,433793 ;  124,24
908,53 ; 232,05 ;   10,454253 ;  125,00
910,53 ; 232,56 ;   8,887678 ;  105,44
912,53 ; 233,13 ;   9,368872 ;  111,62
914,53 ; 233,68 ;   8,440861 ;  100,04
916,53 ; 234,26 ;   8,434279 ;  100,80
918,53 ; 234,91 ;   7,767906 ;   92,59
920,53 ; 235,38 ;   6,338775 ;   75,94
922,53 ; 235,96 ;   8,779756 ;  104,43
924,54 ; 236,47 ;   6,833169 ;   81,03
926,54 ; 237,05 ;   7,600599 ;   90,41
928,54 ; 237,54 ;   6,249855 ;   74,13
930,54 ; 238,13 ;   7,338204 ;   87,23
932,54 ; 238,55 ;   5,649556 ;   67,14
934,54 ; 238,96 ;   7,586163 ;   90,54
936,54 ; 239,36 ;   7,504532 ;   89,34
938,54 ; 239,87 ;   7,510559 ;   89,51
940,55 ; 240,20 ;   5,738239 ;   68,63
942,55 ; 240,58 ;   8,006496 ;   95,21
944,55 ; 241,00 ;   7,077681 ;   84,26
946,55 ; 241,27 ;   6,330757 ;   75,19
948,55 ; 241,70 ;   8,263675 ;   98,58
950,55 ; 242,02 ;   5,734858 ;   68,32
952,55 ; 242,29 ;   7,090063 ;   84,79
954,55 ; 242,67 ;   7,671325 ;   91,98
956,56 ; 242,88 ;   5,900739 ;   70,76
958,56 ; 243,17 ;   8,103641 ;   96,87
960,56 ; 243,52 ;   6,916442 ;   82,70
962,56 ; 243,75 ;   5,908827 ;   70,22
964,56 ; 244,00 ;   7,422493 ;   88,70
966,56 ; 244,34 ;   7,002922 ;   83,39
968,56 ; 244,59 ;   5,651121 ;   67,27
970,56 ; 244,76 ;   6,493179 ;   77,84
972,57 ; 245,05 ;   7,673109 ;   91,80
974,57 ; 245,20 ;   5,747234 ;   68,60
976,57 ; 245,35 ;   7,672479 ;   91,27
978,57 ; 245,63 ;   7,586514 ;   90,53
980,57 ; 245,79 ;   5,658575 ;   67,36
982,57 ; 245,98 ;   7,250209 ;   86,18
984,57 ; 246,21 ;   6,582680 ;   78,63
986,57 ; 246,38 ;   5,987589 ;   71,98
988,57 ; 246,49 ;   6,668934 ;   79,44
990,58 ; 246,71 ;   7,424460 ;   88,75
992,58 ; 246,93 ;   5,826501 ;   69,75
994,58 ; 247,09 ;   5,664023 ;   67,99
996,58 ; 247,23 ;   6,416975 ;   76,68
998,58 ; 247,33 ;   6,419947 ;   76,83
1000,58 ; 247,45 ;   7,094430 ;   84,95
1002,58 ; 247,60 ;   6,751904 ;   80,45
1004,58 ; 247,77 ;   6,164305 ;   73,04
1006,59 ; 247,91 ;   5,827337 ;   69,15
1008,59 ; 247,99 ;   6,252479 ;   74,28
1010,59 ; 248,06 ;   6,837893 ;   81,11
1012,59 ; 248,19 ;   7,008425 ;   83,18
1014,59 ; 248,30 ;   6,163474 ;   73,55
1016,59 ; 248,39 ;   6,328987 ;   75,14
1018,59 ; 248,50 ;   6,415456 ;   76,90
1020,59 ; 248,63 ;   6,156242 ;   73,54
1022,60 ; 248,74 ;   5,742749 ;   68,67
1024,60 ; 248,84 ;   5,993328 ;   71,41
1026,60 ; 248,85 ;   5,998610 ;   71,78
1028,60 ; 248,99 ;   7,258545 ;   86,69
1030,60 ; 248,96 ;   5,396844 ;   64,42
1032,60 ; 249,09 ;   7,766682 ;   92,05
1034,60 ; 249,15 ;   5,580227 ;   66,23
1036,60 ; 249,17 ;   6,337195 ;   75,58
1038,60 ; 249,33 ;   6,844856 ;   81,64
1040,61 ; 249,31 ;   4,984190 ;   59,14
1042,61 ; 249,39 ;   7,257563 ;   86,54
1044,61 ; 249,42 ;   5,990196 ;   71,03
1046,61 ; 249,51 ;   6,587278 ;   78,19
1048,61 ; 249,53 ;   5,740811 ;   68,74
1050,61 ; 249,56 ;   6,585300 ;   78,43
1052,61 ; 249,63 ;   6,413017 ;   76,94
1054,61 ; 249,59 ;   5,989692 ;   71,42
1056,62 ; 249,75 ;   7,256323 ;   86,61
1058,62 ; 249,67 ;   4,648248 ;   55,41
1060,62 ; 249,77 ;   7,851625 ;   93,27
1062,62 ; 249,80 ;   5,318938 ;   63,88
1064,62 ; 249,86 ;   6,337388 ;   75,99
1066,62 ; 249,91 ;   5,826224 ;   69,18
1068,62 ; 249,95 ;   5,988735 ;   71,17
1070,62 ; 249,91 ;   6,001174 ;   71,99
1072,63 ; 250,11 ;   6,998870 ;   83,43
1074,63 ; 250,05 ;   3,795873 ;   45,60
1076,63 ; 250,06 ;   7,257267 ;   86,91
1078,63 ; 250,04 ;   6,247224 ;   74,41
1080,63 ; 250,06 ;   6,758914 ;   80,81
1082,63 ; 250,09 ;   6,163090 ;   73,16
1084,63 ; 250,05 ;   6,076844 ;   72,89
1086,63 ; 250,13 ;   7,006359 ;   83,17
1088,63 ; 250,22 ;   5,319066 ;   63,82
1090,64 ; 250,15 ;   5,059331 ;   60,32
1092,64 ; 250,10 ;   7,266009 ;   86,92
1094,64 ; 250,13 ;   6,997817 ;   83,70
1096,64 ; 250,13 ;   6,077652 ;   72,34
1098,64 ; 250,26 ;   6,247344 ;   74,69
1100,64 ; 250,22 ;   4,570244 ;   54,82
1102,64 ; 250,23 ;   6,832907 ;   81,08
1104,64 ; 250,23 ;   6,085918 ;   72,25
1106,65 ; 250,15 ;   6,241836 ;   74,67
1108,65 ; 250,19 ;   7,512235 ;   89,12
1110,65 ; 250,24 ;   5,741729 ;   68,95
1112,65 ; 250,27 ;   5,483340 ;   65,85
1114,65 ; 250,24 ;   5,905167 ;   70,48
1116,65 ; 250,22 ;   6,587155 ;   78,08
1118,65 ; 250,27 ;   6,583343 ;   78,30
1120,65 ; 250,27 ;   5,576853 ;   66,65
1122,65 ; 250,16 ;   6,250932 ;   74,00
1124,66 ; 250,30 ;   7,764430 ;   92,40
1126,66 ; 250,13 ;   4,225263 ;   50,08
1128,66 ; 250,27 ;   8,608957 ;  102,44
1130,66 ; 250,27 ;   4,388760 ;   52,89
1132,66 ; 250,27 ;   6,162663 ;   73,80
1134,66 ; 250,20 ;   6,154181 ;   73,75
1136,66 ; 250,27 ;   7,180065 ;   85,55
1138,66 ; 250,27 ;   5,231896 ;   62,57
1140,67 ; 250,24 ;   6,163081 ;   73,62
1142,67 ; 250,24 ;   6,498413 ;   77,52
1144,67 ; 250,26 ;   6,163030 ;   73,78
1146,67 ; 250,28 ;   5,999868 ;   71,10
1148,67 ; 250,26 ;   5,819032 ;   69,56
1150,67 ; 250,33 ;   6,498868 ;   77,16
1152,67 ; 250,21 ;   5,156909 ;   61,57
1154,67 ; 250,26 ;   7,762574 ;   92,36
1156,68 ; 250,30 ;   5,490889 ;   65,93
1158,68 ; 250,26 ;   5,568016 ;   66,69
1160,68 ; 250,27 ;   6,662899 ;   79,38
1162,68 ; 250,22 ;   5,990015 ;   71,86
1164,68 ; 250,30 ;   6,757818 ;   80,94
1166,68 ; 250,23 ;   5,070291 ;   60,34
1168,68 ; 250,23 ;   7,006823 ;   83,15
1170,68 ; 250,23 ;   6,163101 ;   73,25
1172,68 ; 250,22 ;   6,162255 ;   73,20
1174,69 ; 250,20 ;   6,324657 ;   75,79
1176,69 ; 250,23 ;   6,499990 ;   77,24
1178,69 ; 250,24 ;   5,577176 ;   66,92
1180,69 ; 250,15 ;   5,997825 ;   71,73
1182,69 ; 250,21 ;   7,419834 ;   88,72
1184,69 ; 250,16 ;   5,318719 ;   63,37
1186,69 ; 250,22 ;   6,923166 ;   82,41
1188,69 ; 250,15 ;   5,318742 ;   63,22
1190,70 ; 250,21 ;   7,095852 ;   84,90
1192,70 ; 250,19 ;   5,319064 ;   63,24
1194,70 ; 250,15 ;   6,508512 ;   77,01
1196,70 ; 250,13 ;   6,672691 ;   79,86
1198,70 ; 250,22 ;   6,420896 ;   76,31
1200,70 ; 250,21 ;   4,987280 ;   59,34
1202,70 ; 250,17 ;   6,248164 ;   74,16
1204,70 ; 250,19 ;   6,662702 ;   79,48
1206,70 ; 250,05 ;   5,904671 ;   70,65
1208,71 ; 250,19 ;   8,108403 ;   96,78
1210,71 ; 250,15 ;   4,224237 ;   50,88
1212,71 ; 250,16 ;   6,671236 ;   79,63
1214,71 ; 250,15 ;   6,085217 ;   72,12
1216,71 ; 250,09 ;   6,238643 ;   74,64
1218,71 ; 250,13 ;   7,006952 ;   83,92
1220,71 ; 250,08 ;   5,664055 ;   67,46
1222,71 ; 250,04 ;   6,833604 ;   81,50
1224,72 ; 250,17 ;   6,747709 ;   80,68
1226,72 ; 250,04 ;   4,399176 ;   52,12
1228,72 ; 250,00 ;   8,024494 ;   95,43
1230,72 ; 250,05 ;   6,836879 ;   81,06
1232,72 ; 250,02 ;   5,576190 ;   66,99
1234,72 ; 250,05 ;   6,668884 ;   79,65
1236,72 ; 250,08 ;   5,816421 ;   69,45
1238,72 ; 250,13 ;   5,818126 ;   69,10
1240,72 ; 250,08 ;   5,405532 ;   64,79
1242,73 ; 250,16 ;   6,910262 ;   82,62
1244,73 ; 250,20 ;   5,061650 ;   60,80
1246,73 ; 250,15 ;   5,567791 ;   66,52
1248,73 ; 250,13 ;   6,747455 ;   80,54
1250,73 ; 250,13 ;   6,334951 ;   75,76
1252,73 ; 250,24 ;   6,250545 ;   74,59
1254,73 ; 250,13 ;   4,476353 ;   53,57
1256,73 ; 250,06 ;   7,675560 ;   91,77
1258,74 ; 250,10 ;   6,997009 ;   83,80
1260,74 ; 250,11 ;   5,655261 ;   67,35
1262,74 ; 250,06 ;   6,075791 ;   72,17
1264,74 ; 250,02 ;   6,833422 ;   81,29
1266,74 ; 250,05 ;   6,748935 ;   80,47
1268,74 ; 249,99 ;   5,906494 ;   70,35
1270,74 ; 250,05 ;   7,004944 ;   83,26
1272,74 ; 249,99 ;   5,483607 ;   65,41
1274,74 ; 250,04 ;   6,995690 ;   83,25
1276,75 ; 250,05 ;   5,569043 ;   66,73
1278,75 ; 249,97 ;   6,076549 ;   72,80
1280,75 ; 250,11 ;   7,344368 ;   87,19
1282,75 ; 249,99 ;   4,310333 ;   51,15
1284,75 ; 250,02 ;   7,850915 ;   93,08
1286,75 ; 250,02 ;   5,914138 ;   70,65
1288,75 ; 250,05 ;   6,237921 ;   74,34
1290,75 ; 250,06 ;   5,826954 ;   69,07
1292,76 ; 250,02 ;   5,991925 ;   71,36
1294,76 ; 250,00 ;   6,844419 ;   81,72
1296,76 ; 249,99 ;   6,411351 ;   76,95
1298,76 ; 249,99 ;   6,332473 ;   75,80
1300,76 ; 250,05 ;   6,250937 ;   74,57
1302,76 ; 250,06 ;   5,481931 ;   65,35
1304,76 ; 250,08 ;   5,989812 ;   71,34
1306,76 ; 249,95 ;   5,999056 ;   71,16
1308,76 ; 250,02 ;   7,925370 ;   94,69
1310,77 ; 250,04 ;   5,318280 ;   63,12
1312,77 ; 250,04 ;   5,999163 ;   71,57
1314,77 ; 250,11 ;   6,246997 ;   74,03
1316,77 ; 250,04 ;   5,234046 ;   62,17
1318,77 ; 250,02 ;   7,171703 ;   85,09
1320,77 ; 249,98 ;   6,420838 ;   76,63
1322,77 ; 250,02 ;   6,921579 ;   82,07
1324,77 ; 250,05 ;   5,741097 ;   68,09
1326,77 ; 249,99 ;   5,740611 ;   68,98
1328,78 ; 250,06 ;   7,005157 ;   83,12
1330,78 ; 249,99 ;   5,231767 ;   62,64
1332,78 ; 249,99 ;   7,168378 ;   85,58
1334,78 ; 250,05 ;   6,249970 ;   74,49
1336,78 ; 250,02 ;   5,483558 ;   65,26
1338,78 ; 250,02 ;   6,492757 ;   77,84
1340,78 ; 250,02 ;   6,246957 ;   74,13
1342,78 ; 250,04 ;   6,250405 ;   74,13
1344,79 ; 249,97 ;   5,991185 ;   71,49
1346,79 ; 250,08 ;   7,169230 ;   85,80
1348,79 ; 249,99 ;   4,734934 ;   56,28
1350,79 ; 250,02 ;   7,420422 ;   88,01
1352,79 ; 250,04 ;   5,827082 ;   69,18
1354,79 ; 250,10 ;   5,988631 ;   71,47
1356,79 ; 250,05 ;   5,321338 ;   63,40
1358,79 ; 250,02 ;   6,920484 ;   82,45
1360,79 ; 250,08 ;   6,496668 ;   77,77
1362,80 ; 250,00 ;   5,396434 ;   64,85
1364,80 ; 250,00 ;   7,256641 ;   86,63
1366,80 ; 250,04 ;   6,239148 ;   74,31
1368,80 ; 249,99 ;   5,656366 ;   67,72
1370,80 ; 250,02 ;   6,833834 ;   81,78
1372,80 ; 249,95 ;   5,829856 ;   69,12
1374,80 ; 250,00 ;   7,342438 ;   87,22
1376,80 ; 249,93 ;   5,483234 ;   65,68
1378,81 ; 249,95 ;   7,257362 ;   86,16
1380,81 ; 249,97 ;   6,085462 ;   72,45
1382,81 ; 249,99 ;   5,912443 ;   70,97
1384,81 ; 249,97 ;   5,914897 ;   70,73
1386,81 ; 250,02 ;   6,583446 ;   78,38
1388,81 ; 249,97 ;   5,491836 ;   65,47
1390,81 ; 249,93 ;   7,007366 ;   83,31
1392,81 ; 249,97 ;   6,835311 ;   81,27
1394,81 ; 249,93 ;   5,740977 ;   68,54
1396,82 ; 250,02 ;   6,833920 ;   81,29
1398,82 ; 249,99 ;   4,986035 ;   59,33
1400,82 ; 249,99 ;   6,670335 ;   79,39
1402,82 ; 250,06 ;   6,247236 ;   74,46
1404,82 ; 250,04 ;   5,241149 ;   62,61
1406,82 ; 250,04 ;   6,499439 ;   77,64
1408,82 ; 249,99 ;   6,162843 ;   73,93
1410,82 ; 250,06 ;   6,832889 ;   81,83
1412,83 ; 250,05 ;   5,241689 ;   62,58
1414,83 ; 249,98 ;   6,420880 ;   76,30
1416,83 ; 250,02 ;   7,180622 ;   85,68
1418,83 ; 250,00 ;   5,741097 ;   68,00
1420,83 ; 249,93 ;   6,410509 ;   76,80
1422,83 ; 250,00 ;   7,256109 ;   86,19
1424,83 ; 249,99 ;   5,318221 ;   63,26
1426,83 ; 249,95 ;   6,327480 ;   75,66
1428,83 ; 250,00 ;   6,834167 ;   81,02
1430,84 ; 250,08 ;   5,570104 ;   66,97
1432,84 ; 250,02 ;   5,145168 ;   61,18
1434,84 ; 249,99 ;   7,094607 ;   84,03
1436,84 ; 249,97 ;   6,581621 ;   78,12
1438,84 ; 250,00 ;   6,585899 ;   78,38
1440,84 ; 250,02 ;   5,817968 ;   69,42
1442,84 ; 249,95 ;   6,001456 ;   71,71
1444,84 ; 250,08 ;   7,256938 ;   86,03
1446,85 ; 249,97 ;   4,389405 ;   52,55
1448,85 ; 250,00 ;   7,676197 ;   91,92
1450,85 ; 249,97 ;   5,827392 ;   69,42
1452,85 ; 250,00 ;   6,671061 ;   79,61
1454,85 ; 250,00 ;   5,827812 ;   69,42
1456,85 ; 249,99 ;   6,249628 ;   74,35
1458,85 ; 250,02 ;   6,326600 ;   75,67
1460,85 ; 249,95 ;   5,903471 ;   70,48
1462,85 ; 249,98 ;   7,256121 ;   86,03
1464,86 ; 250,04 ;   5,817258 ;   69,68
1466,86 ; 250,06 ;   5,405458 ;   64,08
1468,86 ; 250,00 ;   5,826064 ;   69,98
1470,86 ; 249,97 ;   7,082604 ;   84,20
1472,86 ; 250,00 ;   6,671727 ;   79,61
1474,86 ; 249,99 ;   5,825796 ;   69,42
1476,86 ; 249,99 ;   6,327319 ;   75,67
1478,86 ; 249,95 ;   6,240292 ;   74,44
1480,87 ; 249,99 ;   6,832325 ;   81,03
1482,87 ; 249,98 ;   5,741657 ;   68,28
1484,87 ; 249,95 ;   6,492109 ;   77,08
1486,87 ; 249,88 ;   6,662551 ;   79,89
1488,87 ; 249,95 ;   7,170823 ;   85,51
1490,87 ; 249,95 ;   5,318202 ;   63,82
1492,87 ; 249,93 ;   6,249233 ;   74,92
1494,87 ; 250,05 ;   6,582893 ;   78,88
1496,87 ; 249,97 ;   4,648269 ;   55,43
1498,88 ; 249,95 ;   7,343475 ;   87,08
1500,88 ; 250,00 ;   6,576343 ;   78,72
1502,88 ; 249,91 ;   5,483365 ;   65,81
1504,88 ; 250,00 ;   7,591857 ;   90,24
1506,88 ; 250,06 ;   4,973981 ;   59,67
1508,88 ; 249,95 ;   5,320966 ;   63,91
1510,88 ; 250,06 ;   7,841397 ;   93,52
1512,88 ; 249,93 ;   4,639005 ;   55,29
1514,89 ; 250,04 ;   8,090929 ;   96,15
1516,89 ; 249,95 ;   4,736193 ;   56,77
1518,89 ; 249,97 ;   7,505472 ;   89,84
1520,89 ; 250,00 ;   5,989727 ;   71,10
1522,89 ; 249,99 ;   5,827663 ;   69,53
1524,89 ; 250,00 ;   6,326453 ;   75,78
1526,89 ; 249,97 ;   6,166172 ;   73,23
1528,89 ; 250,02 ;   6,662394 ;   79,73
1530,89 ; 249,97 ;   5,482984 ;   65,59
1532,90 ; 249,99 ;   6,997280 ;   83,43
1534,90 ; 250,08 ;   5,914356 ;   70,86
1536,90 ; 249,95 ;   5,068078 ;   60,06
1538,90 ; 249,99 ;   8,091108 ;   96,01
1540,90 ; 250,05 ;   5,663825 ;   67,16
1542,90 ; 249,98 ;   5,482913 ;   65,33
1544,90 ; 249,99 ;   7,168627 ;   85,80
1546,90 ; 249,95 ;   6,075472 ;   72,08
1548,91 ; 249,93 ;   6,835689 ;   81,13
1550,91 ; 250,00 ;   6,585487 ;   78,94
1552,91 ; 249,97 ;   5,317470 ;   63,39
1554,91 ; 249,95 ;   6,669981 ;   79,76
1556,91 ; 249,98 ;   6,499637 ;   77,47
1558,91 ; 250,02 ;   5,989242 ;   71,06
1560,91 ; 250,04 ;   5,741644 ;   68,17
1562,91 ; 249,99 ;   5,904237 ;   70,38
1564,91 ; 249,95 ;   6,836329 ;   81,97
1566,92 ; 249,93 ;   6,919812 ;   82,49
1568,92 ; 249,95 ;   6,499702 ;   77,74
1570,92 ; 249,95 ;   5,988511 ;   71,33
1572,92 ; 249,95 ;   6,419412 ;   76,35
1574,92 ; 249,95 ;   6,162671 ;   73,82
1576,92 ; 249,95 ;   6,414553 ;   76,37
1578,92 ; 250,02 ;   6,326128 ;   75,15
1580,92 ; 249,97 ;   5,318193 ;   63,30
1582,92 ; 250,04 ;   6,920705 ;   82,30
1584,93 ; 249,98 ;   5,318048 ;   63,05
1586,93 ; 250,04 ;   7,095361 ;   84,67
1588,93 ; 250,02 ;   5,403851 ;   64,28
1590,93 ; 249,99 ;   6,585976 ;   78,09
1592,93 ; 249,95 ;   6,586099 ;   78,34
1594,93 ; 249,99 ;   6,833032 ;   81,23
1596,93 ; 249,97 ;   5,741724 ;   68,49
1598,93 ; 250,02 ;   6,584962 ;   78,60
1600,94 ; 249,91 ;   5,654388 ;   67,00
1602,94 ; 249,99 ;   7,678753 ;   91,52
1604,94 ; 249,91 ;   5,232591 ;   62,35
1606,94 ; 249,99 ;   7,506381 ;   89,16
1608,94 ; 249,97 ;   5,146860 ;   61,14
1610,94 ; 250,10 ;   6,583870 ;   78,64
1612,94 ; 250,02 ;   4,398903 ;   52,56
1614,94 ; 249,97 ;   7,345167 ;   87,97
1616,94 ; 250,05 ;   6,921489 ;   82,32
1618,95 ; 249,97 ;   5,154467 ;   61,76
1620,95 ; 249,98 ;   7,341908 ;   87,26
1622,95 ; 250,00 ;   6,162511 ;   73,62
1624,95 ; 249,98 ;   5,914284 ;   70,90
1626,95 ; 249,99 ;   6,583066 ;   78,55
1628,95 ; 249,99 ;   6,078004 ;   72,22
1630,95 ; 250,02 ;   6,249440 ;   74,69
1632,95 ; 250,05 ;   5,911463 ;   70,74
1634,96 ; 250,02 ;   5,818630 ;   69,16
1636,96 ; 250,06 ;   6,585160 ;   78,04
1638,96 ; 250,02 ;   5,654303 ;   67,75
1640,96 ; 250,08 ;   6,758207 ;   80,48
1642,96 ; 249,99 ;   5,491952 ;   65,10
1644,96 ; 249,97 ;   7,430570 ;   88,20
1646,96 ; 249,98 ;   6,582372 ;   78,60
1648,96 ; 250,02 ;   6,165150 ;   73,59
1650,96 ; 250,04 ;   5,567801 ;   66,92
1652,97 ; 250,04 ;   5,995768 ;   71,68
1654,97 ; 249,99 ;   6,239692 ;   74,13
1656,97 ; 250,04 ;   6,919675 ;   82,03
1658,97 ; 249,99 ;   5,567755 ;   66,74
1660,97 ; 250,06 ;   6,920387 ;   82,03
1662,97 ; 250,04 ;   5,231006 ;   62,77
1664,97 ; 250,05 ;   6,500657 ;   77,81
1666,97 ; 250,02 ;   6,075033 ;   72,79
1668,98 ; 250,06 ;   6,668062 ;   79,28
1670,98 ; 250,02 ;   5,576715 ;   66,44
1672,98 ; 250,02 ;   6,759436 ;   80,41
1674,98 ; 249,91 ;   6,325157 ;   75,57
1676,98 ; 249,99 ;   7,679167 ;   91,45
1678,98 ; 249,93 ;   5,232238 ;   62,28
1680,98 ; 249,97 ;   7,168656 ;   85,14
1682,98 ; 250,02 ;   5,741612 ;   68,71
1684,99 ; 249,97 ;   5,569241 ;   66,97
1686,99 ; 249,98 ;   6,920598 ;   82,27
1688,99 ; 249,99 ;   6,163063 ;   73,56
1690,99 ; 249,97 ;   6,078706 ;   72,16
1692,99 ; 249,97 ;   6,582573 ;   78,58
1694,99 ; 249,99 ;   6,251744 ;   74,89
1696,99 ; 249,98 ;   5,903873 ;   70,94
1698,99 ; 249,97 ;   6,507224 ;   77,28
1700,99 ; 249,93 ;   6,414994 ;   76,13
1703,00 ; 249,99 ;   6,833212 ;   81,50
1705,00 ; 250,04 ;   5,406207 ;   64,81
1707,00 ; 249,97 ;   5,567466 ;   66,76
1709,00 ; 250,02 ;   7,253035 ;   86,00
1711,00 ; 250,00 ;   5,655447 ;   67,02
1713,00 ; 250,04 ;   6,498570 ;   77,04
1715,00 ; 249,99 ;   5,664213 ;   67,99
1717,00 ; 250,04 ;   6,919739 ;   82,05
1719,01 ; 249,95 ;   5,579284 ;   66,75
1721,01 ; 249,95 ;   7,426683 ;   88,63
1723,01 ; 249,91 ;   6,413596 ;   76,40
1725,01 ; 250,00 ;   6,756649 ;   80,45
1727,01 ; 250,04 ;   5,156515 ;   61,04
1729,01 ; 249,93 ;   5,740655 ;   68,01
1731,01 ; 249,99 ;   7,763594 ;   92,61
1733,01 ; 250,00 ;   5,406092 ;   64,83
1735,01 ; 249,98 ;   6,155227 ;   73,37
1737,02 ; 250,02 ;   6,586189 ;   78,55
1739,02 ; 250,02 ;   5,568907 ;   66,96
1741,02 ; 250,02 ;   6,250415 ;   74,35
1743,02 ; 250,04 ;   6,327768 ;   75,66
1745,02 ; 250,09 ;   5,911066 ;   70,47
1747,02 ; 249,99 ;   5,569290 ;   66,26
1749,02 ; 249,99 ;   7,514217 ;   89,45
1751,02 ; 249,97 ;   6,250355 ;   74,66
1753,03 ; 250,00 ;   6,582211 ;   78,61
1755,03 ; 250,02 ;   5,826717 ;   69,66
1757,03 ; 250,04 ;   5,915093 ;   70,63
1759,03 ; 250,02 ;   5,989233 ;   71,69
1761,03 ; 250,02 ;   6,585948 ;   78,10
1763,03 ; 249,97 ;   6,238598 ;   74,40
1765,03 ; 249,99 ;   6,921810 ;   82,30
1767,03 ; 250,06 ;   5,914533 ;   70,96
1769,03 ; 250,11 ;   5,233070 ;   62,80
1771,04 ; 249,95 ;   5,482419 ;   65,98
1773,04 ; 250,00 ;   8,520157 ;  101,02
1775,04 ; 249,98 ;   5,493612 ;   65,93
1777,04 ; 249,95 ;   6,585148 ;   78,50
1779,04 ; 249,97 ;   6,584848 ;   78,76
1781,04 ; 249,98 ;   6,074121 ;   72,44
1783,04 ; 249,97 ;   6,160963 ;   73,59
1785,04 ; 249,89 ;   6,414766 ;   76,15
1787,05 ; 249,95 ;   7,418578 ;   88,09
1789,05 ; 249,95 ;   5,492508 ;   65,26
1791,05 ; 249,97 ;   6,335780 ;   75,12
1793,05 ; 249,91 ;   6,076710 ;   72,49
1795,05 ; 249,95 ;   7,090028 ;   84,18
1797,05 ; 249,95 ;   5,912854 ;   70,30
1799,05 ; 250,00 ;   6,163767 ;   73,93
1801,05 ; 250,00 ;   5,654049 ;   67,26
1803,05 ; 250,04 ;   6,242953 ;   74,66
1805,06 ; 249,97 ;   5,740003 ;   68,07
1807,06 ; 249,99 ;   7,257599 ;   86,08
1809,06 ; 250,00 ;   5,989975 ;   71,04
1811,06 ; 249,98 ;   6,159747 ;   73,42
1813,06 ; 250,05 ;   6,581561 ;   78,61
1815,06 ; 250,06 ;   5,318704 ;   63,06
1817,06 ; 250,02 ;   5,989688 ;   71,51
1819,06 ; 250,05 ;   6,746026 ;   80,55
1821,07 ; 249,99 ;   5,902233 ;   70,43
1823,07 ; 249,98 ;   7,006971 ;   83,34
