Tempo total (s) ;Temperatura (ºC) ; Potencia atual (W) ; Saida
P:  12.50 I: 100.00 D:  23.80 Tensão:5.233 V
2,03 ; 299,94 ;   9,980998 ;  102,93
4,07 ; 299,98 ;   8,027089 ;   82,08
6,10 ; 299,95 ;   7,637409 ;   78,07
8,13 ; 300,02 ;   8,916366 ;   91,14
10,17 ; 299,98 ;   7,252667 ;   74,26
12,20 ; 299,95 ;   8,730771 ;   89,51
14,23 ; 300,01 ;   8,932678 ;   91,15
16,27 ; 299,97 ;   7,358772 ;   75,51
18,30 ; 300,03 ;   8,831435 ;   90,87
20,33 ; 299,98 ;   7,336763 ;   75,22
22,37 ; 299,99 ;   8,911427 ;   91,81
24,40 ; 300,04 ;   8,138312 ;   83,72
26,43 ; 300,01 ;   7,548488 ;   77,41
28,47 ; 300,14 ;   8,716892 ;   89,23
30,50 ; 300,08 ;   6,165629 ;   63,53
32,53 ; 300,06 ;   8,998374 ;   92,86
34,57 ; 299,97 ;   8,412026 ;   86,18
36,60 ; 300,10 ;   9,586031 ;   98,80
38,63 ; 299,99 ;   6,158211 ;   63,97
40,67 ; 299,99 ;   9,760437 ;  100,77
42,70 ; 300,04 ;   8,198741 ;   84,76
44,73 ; 300,09 ;   7,508505 ;   77,31
46,77 ; 299,97 ;   7,418356 ;   76,70
48,80 ; 300,04 ;   9,950333 ;  102,17
50,83 ; 299,97 ;   7,130140 ;   73,85
52,87 ; 300,08 ;   9,284896 ;   95,32
54,90 ; 300,06 ;   6,556949 ;   67,64
56,93 ; 300,03 ;   8,425315 ;   86,11
58,97 ; 300,03 ;   8,616917 ;   88,78
61,00 ; 299,99 ;   8,231291 ;   84,20
63,03 ; 300,03 ;   8,817162 ;   90,40
65,07 ; 299,95 ;   7,643005 ;   78,47
67,10 ; 300,01 ;   9,495707 ;   97,85
69,13 ; 299,94 ;   7,348841 ;   75,34
71,17 ; 299,94 ;   9,306447 ;   95,67
73,20 ; 299,97 ;   8,329550 ;   85,41
75,23 ; 300,05 ;   7,834206 ;   80,45
77,27 ; 300,03 ;   6,946343 ;   71,37
79,30 ; 299,96 ;   8,518231 ;   87,65
81,33 ; 299,99 ;   9,286732 ;   95,40
83,37 ; 300,08 ;   7,815758 ;   80,15
85,40 ; 300,02 ;   6,925978 ;   71,05
87,43 ; 299,95 ;   9,086962 ;   93,55
89,46 ; 300,02 ;   9,274246 ;   95,58
91,50 ; 300,01 ;   7,224834 ;   74,12
93,53 ; 299,96 ;   8,304639 ;   85,65
95,56 ; 300,03 ;   8,878315 ;   91,96
97,60 ; 299,99 ;   7,132853 ;   73,93
99,63 ; 300,02 ;   8,779218 ;   90,42
101,66 ; 300,05 ;   7,790405 ;   80,98
103,70 ; 300,05 ;   7,615445 ;   78,19
105,73 ; 300,04 ;   8,112791 ;   83,90
107,76 ; 300,09 ;   8,408384 ;   86,37
109,80 ; 300,15 ;   7,438137 ;   76,61
111,83 ; 300,04 ;   7,143117 ;   73,51
113,86 ; 300,08 ;   9,778725 ;  100,01
115,90 ; 300,01 ;   7,547039 ;   77,79
117,93 ; 299,90 ;   9,198816 ;   94,66
119,96 ; 299,99 ;   9,892873 ;  101,78
122,00 ; 299,97 ;   6,864959 ;   70,88
124,03 ; 299,97 ;   8,624957 ;   88,33
126,06 ; 299,94 ;   8,241426 ;   84,91
128,10 ; 299,97 ;   8,730282 ;   89,89
130,13 ; 299,99 ;   7,852065 ;   80,37
132,16 ; 299,97 ;   7,931135 ;   81,22
134,20 ; 300,05 ;   8,634152 ;   88,38
136,23 ; 299,98 ;   6,958595 ;   71,28
138,26 ; 300,01 ;   9,322773 ;   95,02
140,30 ; 300,04 ;   7,952064 ;   81,01
142,33 ; 300,03 ;   7,748891 ;   79,47
144,36 ; 299,99 ;   8,329069 ;   85,28
146,40 ; 299,98 ;   8,822264 ;   90,34
148,43 ; 299,97 ;   8,339803 ;   85,87
150,46 ; 300,06 ;   8,500824 ;   87,22
152,50 ; 300,06 ;   6,844961 ;   70,02
154,53 ; 299,94 ;   8,124261 ;   83,73
156,56 ; 299,99 ;   10,049941 ;  103,59
158,60 ; 300,02 ;   7,433491 ;   76,62
160,63 ; 299,97 ;   7,814532 ;   80,90
162,66 ; 299,99 ;   8,888314 ;   91,78
164,70 ; 300,06 ;   7,905530 ;   81,20
166,73 ; 300,10 ;   7,139793 ;   73,45
168,76 ; 299,99 ;   7,522011 ;   77,50
170,80 ; 300,02 ;   9,753735 ;  100,59
172,83 ; 300,06 ;   7,810795 ;   80,86
174,86 ; 300,03 ;   7,413223 ;   76,83
176,90 ; 300,02 ;   8,585687 ;   88,65
178,93 ; 300,03 ;   8,394556 ;   86,55
180,96 ; 300,03 ;   7,911678 ;   81,77
183,00 ; 299,97 ;   8,190112 ;   84,05
185,03 ; 300,02 ;   9,098284 ;   93,99
187,06 ; 300,08 ;   7,533710 ;   77,39
189,10 ; 299,90 ;   7,236180 ;   74,31
191,13 ; 299,92 ;   10,935915 ;  112,02
193,16 ; 299,95 ;   8,032920 ;   82,02
195,20 ; 300,03 ;   7,925548 ;   81,74
197,23 ; 300,01 ;   6,947165 ;   71,51
199,26 ; 300,02 ;   8,526558 ;   87,81
201,30 ; 299,98 ;   8,137958 ;   83,14
203,33 ; 299,99 ;   8,719399 ;   89,24
205,36 ; 300,05 ;   8,143990 ;   83,43
207,40 ; 300,01 ;   7,260335 ;   74,64
209,43 ; 299,97 ;   8,925904 ;   91,22
211,46 ; 299,99 ;   8,834646 ;   90,58
213,50 ; 299,96 ;   7,951798 ;   81,14
215,53 ; 300,01 ;   8,732433 ;   89,54
217,56 ; 300,04 ;   7,568839 ;   77,52
219,59 ; 299,98 ;   7,751452 ;   79,41
221,63 ; 300,02 ;   9,037549 ;   92,68
223,66 ; 300,03 ;   7,763519 ;   79,71
225,69 ; 300,02 ;   7,956059 ;   81,79
227,73 ; 299,96 ;   8,442120 ;   86,55
229,76 ; 299,95 ;   9,037159 ;   92,96
231,79 ; 300,05 ;   8,545405 ;   87,45
233,83 ; 299,96 ;   6,587373 ;   67,78
235,86 ; 300,06 ;   9,634570 ;   98,68
237,89 ; 300,05 ;   6,684653 ;   68,82
239,93 ; 300,04 ;   8,254938 ;   84,91
241,96 ; 300,10 ;   8,450632 ;   86,24
243,99 ; 300,02 ;   7,274039 ;   74,00
246,03 ; 300,03 ;   9,440477 ;   96,80
248,06 ; 300,09 ;   7,962286 ;   81,73
250,09 ; 300,06 ;   7,383826 ;   75,30
252,13 ; 300,03 ;   8,560097 ;   87,01
254,16 ; 300,04 ;   8,656220 ;   88,54
256,19 ; 300,14 ;   8,066189 ;   82,72
258,23 ; 299,97 ;   6,598738 ;   67,69
260,26 ; 300,01 ;   10,710408 ;  109,86
262,29 ; 300,05 ;   7,675500 ;   78,51
264,33 ; 300,03 ;   7,482596 ;   76,76
266,36 ; 300,03 ;   8,559115 ;   87,33
268,39 ; 300,01 ;   8,167318 ;   83,90
270,43 ; 300,08 ;   8,560519 ;   87,62
272,46 ; 300,08 ;   7,092670 ;   73,00
274,49 ; 300,01 ;   8,168711 ;   83,27
276,53 ; 300,02 ;   9,244728 ;   94,44
278,56 ; 299,98 ;   8,068677 ;   82,90
280,59 ; 300,04 ;   8,762222 ;   89,01
282,63 ; 300,09 ;   7,384258 ;   75,74
284,66 ; 300,05 ;   7,484441 ;   76,28
286,69 ; 300,09 ;   8,659159 ;   88,09
288,73 ; 300,14 ;   7,677370 ;   78,53
290,76 ; 300,02 ;   7,284920 ;   74,38
292,79 ; 300,03 ;   10,038524 ;  102,23
294,83 ; 300,14 ;   7,977579 ;   81,45
296,86 ; 300,02 ;   6,500197 ;   66,34
298,89 ; 300,08 ;   10,031863 ;  102,19
300,93 ; 300,05 ;   7,187330 ;   73,95
302,96 ; 300,09 ;   8,465653 ;   86,80
304,99 ; 300,04 ;   7,665746 ;   78,39
307,03 ; 300,05 ;   8,835099 ;   90,39
309,06 ; 299,98 ;   7,959795 ;   81,04
311,09 ; 300,05 ;   9,223338 ;   94,50
313,13 ; 300,12 ;   7,166607 ;   73,03
315,16 ; 300,14 ;   7,171742 ;   73,36
317,19 ; 300,12 ;   7,663404 ;   78,74
319,23 ; 300,08 ;   8,359618 ;   85,87
321,26 ; 300,08 ;   8,653722 ;   88,62
323,29 ; 300,06 ;   8,061893 ;   82,89
325,33 ; 300,09 ;   8,357962 ;   85,35
327,36 ; 300,04 ;   7,771156 ;   79,32
329,39 ; 300,09 ;   8,850704 ;   90,19
331,43 ; 299,99 ;   7,383114 ;   75,86
333,46 ; 300,04 ;   9,541358 ;   97,61
335,49 ; 299,94 ;   7,474034 ;   76,44
337,53 ; 300,03 ;   9,746004 ;   99,44
339,56 ; 299,94 ;   6,792426 ;   69,69
341,59 ; 299,96 ;   9,644446 ;   98,31
343,63 ; 300,02 ;   7,876125 ;   80,88
345,66 ; 300,02 ;   7,372743 ;   75,62
347,69 ; 299,96 ;   8,167850 ;   83,62
349,73 ; 300,04 ;   9,052103 ;   92,31
351,76 ; 299,96 ;   6,990709 ;   71,89
353,79 ; 300,04 ;   9,341811 ;   95,74
355,83 ; 300,03 ;   6,991577 ;   71,90
357,86 ; 300,04 ;   8,269914 ;   84,56
359,89 ; 300,06 ;   8,077549 ;   82,16
361,93 ; 300,06 ;   7,774986 ;   79,57
363,96 ; 300,03 ;   8,069276 ;   82,98
365,99 ; 300,02 ;   8,569981 ;   87,94
368,03 ; 300,06 ;   8,362983 ;   85,84
370,06 ; 300,06 ;   7,483699 ;   76,09
372,09 ; 300,09 ;   8,076769 ;   82,94
374,13 ; 300,02 ;   7,759337 ;   79,19
376,16 ; 300,02 ;   9,142844 ;   93,79
378,19 ; 299,92 ;   8,153412 ;   83,49
380,23 ; 299,98 ;   9,638048 ;   98,41
382,26 ; 300,03 ;   7,277678 ;   74,76
384,29 ; 299,95 ;   7,465687 ;   76,46
386,33 ; 299,96 ;   9,432953 ;   96,97
388,36 ; 300,08 ;   7,961717 ;   81,93
390,39 ; 299,97 ;   6,389466 ;   65,58
392,43 ; 300,01 ;   9,828092 ;  100,11
394,46 ; 300,04 ;   7,565650 ;   77,90
396,49 ; 300,04 ;   7,665084 ;   78,64
398,53 ; 300,01 ;   8,160416 ;   83,21
400,56 ; 300,01 ;   8,662992 ;   88,17
402,59 ; 300,04 ;   8,169885 ;   83,59
404,63 ; 299,96 ;   7,677102 ;   78,62
406,66 ; 299,97 ;   9,353763 ;   95,61
408,69 ; 299,96 ;   8,073855 ;   82,95
410,73 ; 299,89 ;   8,362209 ;   85,34
412,76 ; 300,02 ;   9,355302 ;   95,39
414,79 ; 299,97 ;   6,397700 ;   65,26
416,82 ; 299,90 ;   8,869147 ;   90,99
418,86 ; 299,98 ;   9,361155 ;   95,32
420,89 ; 300,02 ;   6,999003 ;   71,39
422,92 ; 299,98 ;   7,690254 ;   79,00
424,96 ; 300,05 ;   8,679240 ;   88,54
426,99 ; 300,02 ;   7,099608 ;   72,79
429,02 ; 299,98 ;   8,771760 ;   89,27
431,06 ; 299,97 ;   8,680404 ;   88,53
433,09 ; 300,01 ;   8,478801 ;   86,44
435,12 ; 300,06 ;   7,594224 ;   77,95
437,16 ; 300,08 ;   7,301181 ;   74,96
439,19 ; 300,03 ;   7,885416 ;   80,47
441,22 ; 300,14 ;   8,881798 ;   90,19
443,26 ; 300,06 ;   6,405781 ;   65,93
445,29 ; 300,04 ;   9,275070 ;   94,31
447,32 ; 299,99 ;   8,477398 ;   86,60
449,36 ; 300,04 ;   8,869870 ;   90,61
451,39 ; 300,06 ;   7,491191 ;   76,31
453,42 ; 300,05 ;   7,786388 ;   79,42
455,46 ; 300,04 ;   8,281798 ;   84,08
457,49 ; 300,06 ;   8,375585 ;   85,41
459,52 ; 300,05 ;   7,795218 ;   79,38
461,56 ; 300,04 ;   8,283615 ;   84,04
463,59 ; 300,02 ;   8,381587 ;   85,37
465,62 ; 300,08 ;   8,489209 ;   86,80
467,66 ; 299,97 ;   7,203008 ;   73,43
469,69 ; 300,03 ;   9,759861 ;   99,96
471,72 ; 300,01 ;   7,293622 ;   74,01
473,76 ; 300,09 ;   8,480418 ;   86,88
475,79 ; 300,03 ;   7,001911 ;   71,01
477,82 ; 300,04 ;   8,975925 ;   91,12
479,86 ; 300,03 ;   7,990867 ;   81,87
481,89 ; 299,97 ;   8,291570 ;   84,25
483,92 ; 300,09 ;   9,173796 ;   93,04
485,96 ; 300,05 ;   6,419707 ;   65,27
487,99 ; 300,02 ;   8,576505 ;   87,36
490,02 ; 300,03 ;   8,681107 ;   88,99
492,06 ; 299,98 ;   7,903101 ;   80,78
494,09 ; 300,10 ;   8,886316 ;   90,52
496,12 ; 300,05 ;   6,412051 ;   65,03
498,16 ; 300,02 ;   8,779194 ;   89,59
500,19 ; 300,04 ;   8,678419 ;   88,94
502,22 ; 300,03 ;   7,788703 ;   79,49
504,26 ; 300,01 ;   8,280650 ;   84,15
506,29 ; 299,96 ;   8,482993 ;   86,73
508,32 ; 300,05 ;   8,881899 ;   90,75
510,36 ; 299,91 ;   6,707053 ;   69,00
512,39 ; 300,08 ;   10,346730 ;  105,08
514,42 ; 300,06 ;   5,726662 ;   58,42
516,46 ; 300,06 ;   8,281365 ;   84,89
518,49 ; 300,13 ;   8,077827 ;   82,58
520,52 ; 300,14 ;   7,094525 ;   72,63
522,56 ; 300,01 ;   7,785778 ;   79,25
524,59 ; 299,99 ;   10,047388 ;  102,62
526,62 ; 300,02 ;   8,386758 ;   85,68
528,66 ; 300,03 ;   7,791363 ;   79,67
530,69 ; 300,08 ;   7,881710 ;   80,61
532,72 ; 299,99 ;   7,398240 ;   75,43
534,76 ; 300,09 ;   9,366940 ;   95,95
536,79 ; 299,96 ;   6,714467 ;   68,46
538,82 ; 300,01 ;   10,058656 ;  102,04
540,86 ; 300,01 ;   7,496439 ;   76,30
542,89 ; 300,02 ;   8,186313 ;   83,15
544,92 ; 299,94 ;   7,989342 ;   81,91
546,96 ; 299,91 ;   9,375868 ;   95,48
548,99 ; 299,99 ;   8,584307 ;   87,79
551,02 ; 300,03 ;   7,010398 ;   71,96
553,06 ; 299,97 ;   7,595147 ;   77,17
555,09 ; 300,06 ;   9,075596 ;   92,82
557,12 ; 300,03 ;   6,710730 ;   68,78
559,16 ; 300,08 ;   8,583269 ;   87,45
561,19 ; 299,99 ;   7,396120 ;   75,41
563,22 ; 299,98 ;   9,376518 ;   95,92
565,26 ; 300,02 ;   8,294957 ;   84,59
567,29 ; 300,04 ;   7,701018 ;   78,48
569,32 ; 300,03 ;   7,787987 ;   79,32
571,35 ; 300,02 ;   8,188333 ;   83,98
573,39 ; 300,02 ;   8,390173 ;   85,31
575,42 ; 300,04 ;   8,184824 ;   83,02
577,45 ; 300,06 ;   7,776107 ;   79,29
579,49 ; 300,06 ;   7,680911 ;   78,98
581,52 ; 300,02 ;   8,076125 ;   82,40
583,55 ; 299,96 ;   8,770616 ;   89,84
585,59 ; 299,98 ;   8,963943 ;   91,67
587,62 ; 299,95 ;   7,787790 ;   79,95
589,65 ; 300,01 ;   8,769570 ;   89,60
591,69 ; 299,99 ;   7,192185 ;   73,96
593,72 ; 300,02 ;   8,375234 ;   85,59
595,75 ; 299,96 ;   7,787548 ;   79,57
597,79 ; 299,92 ;   8,962413 ;   91,69
599,82 ; 300,01 ;   8,774894 ;   89,92
601,85 ; 299,99 ;   6,894460 ;   70,55
603,89 ; 299,96 ;   8,373162 ;   85,61
605,92 ; 299,98 ;   8,665185 ;   88,30
607,95 ; 299,96 ;   7,882652 ;   80,01
609,99 ; 300,04 ;   8,579609 ;   87,17
612,02 ; 300,01 ;   7,009276 ;   71,31
614,05 ; 299,92 ;   8,578983 ;   87,71
616,09 ; 300,09 ;   9,464811 ;   96,80
618,12 ; 299,96 ;   5,722613 ;   58,14
620,15 ; 299,90 ;   10,058733 ;  102,02
622,19 ; 299,98 ;   9,178219 ;   93,68
624,22 ; 300,03 ;   6,906753 ;   70,89
626,25 ; 300,06 ;   7,493350 ;   76,02
628,29 ; 300,10 ;   7,593377 ;   77,90
630,32 ; 299,98 ;   7,492319 ;   76,24
632,35 ; 299,96 ;   9,863051 ;  100,57
634,39 ; 299,95 ;   8,579769 ;   87,16
636,42 ; 300,05 ;   8,479556 ;   86,23
638,45 ; 299,98 ;   6,512103 ;   66,56
640,49 ; 300,04 ;   9,173755 ;   93,73
642,52 ; 300,03 ;   7,308079 ;   74,74
644,55 ; 300,06 ;   8,186139 ;   83,98
646,59 ; 300,05 ;   7,600951 ;   77,85
648,62 ; 300,04 ;   8,186632 ;   83,66
650,65 ; 300,01 ;   8,290527 ;   84,98
652,69 ; 300,06 ;   8,589834 ;   87,66
654,72 ; 299,95 ;   7,308318 ;   74,39
656,75 ; 300,04 ;   9,970375 ;  101,02
658,79 ; 299,98 ;   6,714680 ;   68,97
660,82 ; 299,88 ;   8,982050 ;   91,37
662,85 ; 299,96 ;   9,867074 ;  100,77
664,89 ; 299,99 ;   7,006223 ;   71,13
666,92 ; 299,95 ;   7,700350 ;   78,75
668,95 ; 300,04 ;   8,881722 ;   90,77
670,99 ; 299,96 ;   6,812912 ;   69,01
673,02 ; 300,05 ;   9,383047 ;   95,15
675,05 ; 300,09 ;   6,715317 ;   68,83
677,09 ; 300,01 ;   7,602267 ;   77,55
679,12 ; 300,02 ;   9,284691 ;   94,53
681,15 ; 300,01 ;   7,997211 ;   81,86
683,19 ; 300,04 ;   8,296882 ;   84,24
685,22 ; 299,99 ;   7,705706 ;   78,12
687,25 ; 300,01 ;   8,892836 ;   90,14
689,29 ; 299,96 ;   7,897865 ;   80,80
691,32 ; 300,01 ;   8,893961 ;   90,54
693,35 ; 299,98 ;   7,513312 ;   76,23
695,39 ; 299,98 ;   8,491858 ;   86,82
697,42 ; 300,09 ;   8,197174 ;   83,39
699,45 ; 299,96 ;   6,615954 ;   67,24
701,49 ; 299,98 ;   9,963085 ;  101,97
703,52 ; 300,06 ;   7,772566 ;   79,96
705,55 ; 300,12 ;   6,872944 ;   70,95
707,59 ; 300,01 ;   7,174930 ;   73,68
709,62 ; 300,10 ;   9,734503 ;   99,05
711,65 ; 300,09 ;   6,683896 ;   68,13
713,69 ; 300,12 ;   8,262075 ;   84,31
715,72 ; 300,04 ;   7,571852 ;   77,03
717,75 ; 300,04 ;   9,150015 ;   94,00
719,79 ; 299,98 ;   8,070456 ;   82,56
721,82 ; 300,03 ;   8,961323 ;   91,25
723,85 ; 299,96 ;   7,378870 ;   75,79
725,89 ; 299,98 ;   9,151720 ;   93,82
727,92 ; 299,98 ;   7,788232 ;   79,82
729,95 ; 299,96 ;   8,170358 ;   83,25
731,99 ; 299,96 ;   8,474796 ;   86,98
734,02 ; 299,98 ;   8,180974 ;   83,57
736,05 ; 299,89 ;   7,782474 ;   79,85
738,09 ; 300,09 ;   9,667950 ;   98,20
740,12 ; 299,96 ;   5,226567 ;   53,45
742,15 ; 299,94 ;   9,960627 ;  101,89
744,19 ; 299,99 ;   8,583460 ;   87,32
746,22 ; 299,97 ;   7,402886 ;   75,21
748,25 ; 299,94 ;   8,484635 ;   86,94
750,29 ; 299,95 ;   8,685126 ;   88,49
752,32 ; 299,97 ;   8,092534 ;   82,69
754,35 ; 299,97 ;   7,893643 ;   80,12
756,39 ; 299,92 ;   8,185384 ;   83,56
758,42 ; 299,92 ;   8,979300 ;   91,02
760,45 ; 299,94 ;   8,287909 ;   84,19
762,49 ; 299,95 ;   8,001812 ;   81,72
764,52 ; 299,97 ;   8,092100 ;   82,78
766,55 ; 300,04 ;   7,891967 ;   80,21
768,59 ; 299,97 ;   7,107710 ;   72,46
770,62 ; 300,03 ;   9,184320 ;   93,92
772,65 ; 299,98 ;   7,209846 ;   73,70
774,68 ; 300,01 ;   8,881493 ;   90,29
776,72 ; 300,01 ;   7,800040 ;   79,71
778,75 ; 300,04 ;   8,197505 ;   83,14
780,78 ; 300,08 ;   7,700064 ;   78,17
782,82 ; 299,98 ;   7,499376 ;   76,51
784,85 ; 300,06 ;   9,567351 ;   97,12
786,88 ; 300,02 ;   6,916135 ;   70,99
788,92 ; 299,99 ;   8,790375 ;   89,86
790,95 ; 300,04 ;   8,486354 ;   86,72
792,98 ; 300,01 ;   7,407668 ;   75,84
795,02 ; 299,98 ;   8,588794 ;   87,66
797,05 ; 300,03 ;   8,496053 ;   86,81
799,08 ; 300,01 ;   7,408608 ;   75,93
801,12 ; 299,95 ;   8,497058 ;   86,51
803,15 ; 299,98 ;   9,182803 ;   93,01
805,18 ; 300,03 ;   7,610479 ;   77,68
807,22 ; 299,97 ;   7,398104 ;   75,94
809,25 ; 299,91 ;   9,083640 ;   92,73
811,28 ; 299,94 ;   9,086252 ;   92,29
813,32 ; 300,03 ;   7,897447 ;   80,58
815,35 ; 300,05 ;   6,815612 ;   69,12
817,38 ; 300,08 ;   7,804542 ;   79,10
819,42 ; 300,03 ;   7,705223 ;   78,78
821,45 ; 300,06 ;   8,793475 ;   89,65
823,48 ; 300,06 ;   7,605538 ;   77,81
825,52 ; 300,05 ;   8,106068 ;   82,37
827,55 ; 300,01 ;   8,196982 ;   83,59
829,58 ; 300,03 ;   8,795142 ;   89,90
831,62 ; 300,01 ;   7,807442 ;   79,31
833,65 ; 299,99 ;   8,493393 ;   86,45
835,68 ; 300,01 ;   8,393256 ;   85,51
837,72 ; 299,98 ;   7,910019 ;   80,74
839,75 ; 299,97 ;   8,505773 ;   86,75
841,78 ; 300,02 ;   8,405885 ;   85,81
843,82 ; 299,96 ;   7,516917 ;   76,08
845,85 ; 300,01 ;   8,990625 ;   91,63
847,88 ; 300,04 ;   7,516005 ;   76,18
849,92 ; 300,01 ;   7,714772 ;   78,07
851,95 ; 299,98 ;   8,594624 ;   87,60
853,98 ; 300,01 ;   8,504134 ;   86,76
856,02 ; 300,05 ;   7,805396 ;   79,60
858,05 ; 300,01 ;   7,412280 ;   75,58
860,08 ; 300,05 ;   8,791052 ;   89,88
862,12 ; 300,10 ;   7,411265 ;   75,56
864,15 ; 300,01 ;   7,309235 ;   74,95
866,18 ; 300,05 ;   9,475959 ;   96,70
868,22 ; 300,04 ;   7,399420 ;   75,52
870,25 ; 300,03 ;   8,286394 ;   84,85
872,28 ; 299,98 ;   8,184163 ;   83,79
874,32 ; 300,03 ;   8,882303 ;   90,10
876,35 ; 300,03 ;   7,400139 ;   75,79
878,38 ; 299,99 ;   8,095223 ;   82,64
880,42 ; 300,03 ;   8,682601 ;   88,84
882,45 ; 300,01 ;   7,501077 ;   76,92
884,48 ; 300,03 ;   8,486081 ;   86,35
886,52 ; 300,01 ;   7,793531 ;   79,19
888,55 ; 299,99 ;   8,488271 ;   86,34
890,58 ; 300,03 ;   8,386502 ;   85,40
892,62 ; 299,98 ;   7,490695 ;   76,90
894,65 ; 299,97 ;   8,879002 ;   90,06
896,68 ; 300,03 ;   8,388342 ;   85,69
898,72 ; 299,97 ;   7,209146 ;   73,48
900,75 ; 299,98 ;   9,080375 ;   92,56
902,78 ; 300,03 ;   7,893065 ;   80,93
904,82 ; 300,03 ;   7,400747 ;   75,77
906,85 ; 299,98 ;   8,098081 ;   82,61
908,88 ; 299,99 ;   8,887598 ;   90,06
910,92 ; 300,03 ;   7,994954 ;   81,97
912,95 ; 299,96 ;   7,500467 ;   76,90
914,98 ; 299,99 ;   9,181896 ;   93,79
917,02 ; 300,01 ;   7,701540 ;   78,54
919,05 ; 300,04 ;   7,893297 ;   80,63
921,08 ; 299,98 ;   7,608793 ;   77,94
923,12 ; 299,96 ;   8,979767 ;   91,20
925,15 ; 300,02 ;   8,498233 ;   86,94
927,18 ; 299,91 ;   7,312323 ;   74,82
929,22 ; 300,04 ;   9,676164 ;   98,97
931,25 ; 299,97 ;   6,322874 ;   64,24
933,28 ; 299,98 ;   9,184540 ;   93,71
935,32 ; 300,01 ;   7,897273 ;   80,95
937,35 ; 300,08 ;   7,803956 ;   79,51
939,38 ; 299,97 ;   7,007249 ;   71,75
941,42 ; 299,97 ;   9,778228 ;   99,42
943,45 ; 299,96 ;   8,198033 ;   83,42
945,48 ; 299,98 ;   8,298452 ;   84,67
947,51 ; 300,02 ;   7,805656 ;   79,81
949,55 ; 300,05 ;   7,702796 ;   78,27
951,58 ; 299,99 ;   7,512584 ;   76,63
953,61 ; 300,03 ;   9,084288 ;   92,27
955,65 ; 299,98 ;   7,512452 ;   76,92
957,68 ; 300,06 ;   8,894543 ;   90,08
959,71 ; 300,03 ;   6,919387 ;   70,79
961,75 ; 299,98 ;   8,593478 ;   87,18
963,78 ; 300,08 ;   8,894883 ;   90,06
965,81 ; 299,99 ;   6,728015 ;   68,29
967,85 ; 300,01 ;   9,390999 ;   95,66
969,88 ; 299,96 ;   7,899874 ;   80,60
971,91 ; 300,01 ;   8,897236 ;   90,34
973,95 ; 300,01 ;   7,518085 ;   76,04
975,98 ; 300,02 ;   8,100934 ;   82,89
978,01 ; 300,09 ;   8,011909 ;   81,65
980,05 ; 300,05 ;   7,011331 ;   71,61
982,08 ; 300,06 ;   8,506116 ;   86,84
984,11 ; 300,01 ;   8,011101 ;   81,01
986,15 ; 299,98 ;   8,900653 ;   90,83
988,18 ; 300,03 ;   8,507906 ;   86,56
990,21 ; 300,01 ;   7,418328 ;   75,68
992,25 ; 299,98 ;   8,504242 ;   86,26
994,28 ; 299,92 ;   8,507856 ;   86,55
996,31 ; 300,08 ;   9,206054 ;   93,08
998,35 ; 299,98 ;   5,845109 ;   59,10
1000,38 ; 299,99 ;   9,496335 ;   96,84
1002,41 ; 300,03 ;   8,016547 ;   81,89
1004,45 ; 300,01 ;   7,522441 ;   76,82
1006,48 ; 300,06 ;   8,507834 ;   86,26
1008,51 ; 299,96 ;   7,319898 ;   74,13
1010,55 ; 300,06 ;   9,700726 ;   98,26
1012,58 ; 300,04 ;   6,633410 ;   67,25
1014,61 ; 299,99 ;   8,410930 ;   85,84
1016,65 ; 299,96 ;   8,811835 ;   89,85
1018,68 ; 300,08 ;   8,612200 ;   87,97
1020,71 ; 299,98 ;   6,331660 ;   64,77
1022,75 ; 300,01 ;   9,498020 ;   96,81
1024,78 ; 300,03 ;   7,814777 ;   79,36
1026,81 ; 300,02 ;   7,815585 ;   79,06
1028,85 ; 300,02 ;   8,309968 ;   84,97
1030,88 ; 300,04 ;   8,109571 ;   82,68
1032,91 ; 300,01 ;   7,716344 ;   78,95
1034,95 ; 300,05 ;   8,614273 ;   87,34
1036,98 ; 300,09 ;   7,426223 ;   75,30
1039,01 ; 300,02 ;   7,624778 ;   77,18
1041,05 ; 300,02 ;   9,100526 ;   92,91
1043,08 ; 300,04 ;   8,122150 ;   82,62
1045,11 ; 300,01 ;   7,718236 ;   78,89
1047,15 ; 299,99 ;   8,615895 ;   87,28
1049,18 ; 300,04 ;   8,416694 ;   85,19
1051,21 ; 300,02 ;   7,426520 ;   75,45
1053,25 ; 299,96 ;   8,506363 ;   86,03
1055,28 ; 300,02 ;   9,003121 ;   91,30
1057,31 ; 300,10 ;   7,326898 ;   74,60
1059,35 ; 300,04 ;   6,736954 ;   68,94
1061,38 ; 300,04 ;   9,003018 ;   91,42
1063,41 ; 299,99 ;   8,113419 ;   82,27
1065,45 ; 300,01 ;   8,809532 ;   89,71
1067,48 ; 300,05 ;   7,921117 ;   80,37
1069,51 ; 300,06 ;   7,426332 ;   75,20
1071,55 ; 299,99 ;   7,913291 ;   80,80
1073,58 ; 299,95 ;   9,205472 ;   93,11
1075,61 ; 300,03 ;   8,912479 ;   90,28
1077,65 ; 300,04 ;   6,833004 ;   69,77
1079,68 ; 299,99 ;   8,023189 ;   81,09
1081,71 ; 300,01 ;   8,810988 ;   89,68
1083,75 ; 300,01 ;   7,921678 ;   80,34
1085,78 ; 299,96 ;   8,114346 ;   82,62
1087,81 ; 300,04 ;   8,904622 ;   90,07
1089,85 ; 300,01 ;   6,933186 ;   70,79
1091,88 ; 300,06 ;   8,611487 ;   87,19
1093,91 ; 300,04 ;   7,225075 ;   73,92
1095,94 ; 300,02 ;   8,412320 ;   85,63
1097,98 ; 300,05 ;   8,415652 ;   85,92
1100,01 ; 300,06 ;   7,521791 ;   76,28
1102,05 ; 299,99 ;   7,922603 ;   80,73
1104,08 ; 300,08 ;   9,197559 ;   93,04
1106,11 ; 300,09 ;   6,833092 ;   69,10
1108,14 ; 300,06 ;   7,913917 ;   80,40
1110,18 ; 299,99 ;   8,420411 ;   85,25
1112,21 ; 300,06 ;   9,108070 ;   92,99
1114,24 ; 300,03 ;   7,036403 ;   71,52
1116,28 ; 300,05 ;   8,519247 ;   86,76
1118,31 ; 300,04 ;   7,724591 ;   78,46
1120,34 ; 300,04 ;   8,310174 ;   84,36
1122,38 ; 300,02 ;   8,116705 ;   82,06
1124,41 ; 300,01 ;   8,409950 ;   85,78
1126,44 ; 300,06 ;   8,219762 ;   83,59
1128,48 ; 300,08 ;   7,226912 ;   73,74
1130,51 ; 299,98 ;   7,815477 ;   79,24
1132,54 ; 300,09 ;   9,509789 ;   96,42
1134,58 ; 299,95 ;   6,542480 ;   66,55
1136,61 ; 299,97 ;   10,197353 ;  103,76
1138,64 ; 299,95 ;   7,824580 ;   79,47
1140,68 ; 299,94 ;   8,512515 ;   86,64
1142,71 ; 300,02 ;   8,316998 ;   84,47
1144,74 ; 299,96 ;   6,924461 ;   70,91
1146,78 ; 299,97 ;   9,006928 ;   91,04
1148,81 ; 300,06 ;   8,017440 ;   81,80
1150,84 ; 299,96 ;   6,732419 ;   68,04
1152,88 ; 299,95 ;   9,605301 ;   97,90
1154,91 ; 300,01 ;   8,420373 ;   85,53
1156,94 ; 300,02 ;   7,225744 ;   73,32
1158,98 ; 299,96 ;   8,016981 ;   81,22
1161,01 ; 300,02 ;   9,007790 ;   91,06
1163,04 ; 300,01 ;   7,331619 ;   74,36
1165,08 ; 300,03 ;   8,217553 ;   83,60
1167,11 ; 300,08 ;   7,723619 ;   78,73
1169,14 ; 300,12 ;   7,329684 ;   74,70
1171,18 ; 300,04 ;   7,429270 ;   75,32
1173,21 ; 300,08 ;   9,210419 ;   93,44
1175,24 ; 299,98 ;   7,430231 ;   75,78
1177,28 ; 299,98 ;   9,500658 ;   96,38
1179,31 ; 300,03 ;   8,116933 ;   82,68
1181,34 ; 299,97 ;   7,429660 ;   75,23
1183,38 ; 300,01 ;   9,107579 ;   92,02
1185,41 ; 299,99 ;   7,524742 ;   76,66
1187,44 ; 299,97 ;   8,320727 ;   84,86
1189,48 ; 300,03 ;   8,521021 ;   86,31
1191,51 ; 300,02 ;   7,126407 ;   72,95
1193,54 ; 299,97 ;   8,318908 ;   84,57
1195,58 ; 300,02 ;   8,811744 ;   89,74
1197,61 ; 299,94 ;   7,428616 ;   75,43
1199,64 ; 300,01 ;   9,301757 ;   94,70
1201,68 ; 300,05 ;   7,118031 ;   72,10
1203,71 ; 299,48 ;   7,301262 ;   74,94
1205,74 ; 296,58 ;   12,178004 ;  125,00
1207,78 ; 292,69 ;   12,179394 ;  125,00
1209,81 ; 288,84 ;   12,178033 ;  125,00
1211,84 ; 285,19 ;   12,182378 ;  125,00
1213,88 ; 282,05 ;   12,137069 ;  125,00
1215,91 ; 279,09 ;   12,104962 ;  125,00
1217,94 ; 276,85 ;   12,111149 ;  125,00
1219,98 ; 274,84 ;   12,113904 ;  125,00
1222,01 ; 273,13 ;   12,111848 ;  125,00
1224,04 ; 271,65 ;   12,115006 ;  125,00
1226,08 ; 270,37 ;   12,107675 ;  125,00
1228,11 ; 269,38 ;   12,107891 ;  125,00
1230,14 ; 268,53 ;   12,113379 ;  125,00
1232,18 ; 267,87 ;   12,116370 ;  125,00
1234,21 ; 267,24 ;   12,115225 ;  125,00
1236,24 ; 266,86 ;   12,120466 ;  125,00
1238,28 ; 266,46 ;   12,125208 ;  125,00
1240,31 ; 266,20 ;   12,125349 ;  125,00
1242,34 ; 265,90 ;   12,124654 ;  125,00
1244,38 ; 265,76 ;   12,130838 ;  125,00
1246,41 ; 265,67 ;   12,124054 ;  125,00
1248,44 ; 265,72 ;   12,117941 ;  125,00
1250,48 ; 265,66 ;   12,112345 ;  125,00
1252,51 ; 265,90 ;   12,125015 ;  125,00
1254,54 ; 265,84 ;   12,125554 ;  125,00
1256,58 ; 266,09 ;   12,112068 ;  125,00
1258,61 ; 266,27 ;   12,106724 ;  125,00
1260,64 ; 266,58 ;   12,116003 ;  125,00
1262,68 ; 266,84 ;   12,113591 ;  125,00
1264,71 ; 267,09 ;   12,119349 ;  125,00
1266,74 ; 267,42 ;   12,116089 ;  125,00
1268,78 ; 267,80 ;   12,107774 ;  125,00
1270,81 ; 268,20 ;   12,111426 ;  125,00
1272,84 ; 268,57 ;   12,116240 ;  125,00
1274,88 ; 269,02 ;   12,118986 ;  125,00
1276,91 ; 269,46 ;   12,117796 ;  125,00
1278,94 ; 269,88 ;   12,124038 ;  125,00
1280,98 ; 270,42 ;   12,122154 ;  125,00
1283,01 ; 270,92 ;   12,119726 ;  125,00
1285,04 ; 271,35 ;   12,119870 ;  125,00
1287,08 ; 271,91 ;   12,116020 ;  125,00
1289,11 ; 272,40 ;   12,117181 ;  125,00
1291,14 ; 272,92 ;   12,119520 ;  125,00
1293,18 ; 273,52 ;   12,121015 ;  125,00
1295,21 ; 274,06 ;   12,124694 ;  125,00
1297,24 ; 274,61 ;   12,125139 ;  125,00
1299,28 ; 275,18 ;   12,127794 ;  125,00
1301,31 ; 275,78 ;   12,127671 ;  125,00
1303,34 ; 276,27 ;   12,124879 ;  125,00
1305,38 ; 276,88 ;   12,125184 ;  125,00
1307,41 ; 277,47 ;   12,128181 ;  125,00
1309,44 ; 278,08 ;   12,124384 ;  125,00
1311,48 ; 278,63 ;   12,114625 ;  125,00
1313,51 ; 279,26 ;   12,108397 ;  125,00
1315,54 ; 279,85 ;   12,108828 ;  125,00
1317,58 ; 280,40 ;   12,108797 ;  125,00
1319,61 ; 280,99 ;   12,108942 ;  125,00
1321,64 ; 281,59 ;   12,112879 ;  125,00
1323,68 ; 282,13 ;   12,100331 ;  125,00
1325,71 ; 282,81 ;   12,106929 ;  125,00
1327,74 ; 283,45 ;   11,557996 ;  118,66
1329,78 ; 283,96 ;   11,840070 ;  121,66
1331,81 ; 284,55 ;   12,112020 ;  125,00
1333,84 ; 285,16 ;   10,782748 ;  110,19
1335,88 ; 285,82 ;   10,267566 ;  105,22
1337,91 ; 286,31 ;   8,895202 ;   91,37
1339,94 ; 286,86 ;   11,026488 ;  113,89
1341,98 ; 287,48 ;   9,973029 ;  102,35
1344,01 ; 287,99 ;   8,399362 ;   86,29
1346,04 ; 288,48 ;   9,759859 ;  100,18
1348,08 ; 289,00 ;   9,773758 ;  100,45
1350,11 ; 289,52 ;   8,799291 ;   90,98
1352,14 ; 290,01 ;   8,599713 ;   88,38
1354,18 ; 290,50 ;   8,594127 ;   88,16
1356,21 ; 290,83 ;   8,204695 ;   84,43
1358,24 ; 291,32 ;   10,347684 ;  106,69
1360,28 ; 291,73 ;   7,620494 ;   78,71
1362,31 ; 292,10 ;   8,577424 ;   88,31
1364,34 ; 292,39 ;   8,770967 ;   90,23
1366,38 ; 292,81 ;   9,846552 ;  101,12
1368,41 ; 293,13 ;   7,610898 ;   78,19
1370,44 ; 293,30 ;   8,985970 ;   92,09
1372,48 ; 293,66 ;   10,740006 ;  110,97
1374,51 ; 293,88 ;   8,017273 ;   83,00
1376,54 ; 294,22 ;   9,848282 ;  101,30
1378,58 ; 294,50 ;   7,805566 ;   80,13
1380,61 ; 294,70 ;   8,486587 ;   87,21
1382,64 ; 294,95 ;   9,460938 ;   97,44
1384,68 ; 295,14 ;   8,587202 ;   88,73
1386,71 ; 295,41 ;   9,379045 ;   96,76
1388,74 ; 295,59 ;   7,911993 ;   81,96
1390,78 ; 295,84 ;   9,274801 ;   95,77
1392,81 ; 295,98 ;   8,008150 ;   82,27
1394,84 ; 296,21 ;   9,379974 ;   96,31
1396,88 ; 296,41 ;   8,012172 ;   82,98
1398,91 ; 296,59 ;   8,208363 ;   84,81
1400,94 ; 296,71 ;   8,407028 ;   86,86
1402,98 ; 296,85 ;   9,286258 ;   95,36
1405,01 ; 296,98 ;   8,797468 ;   90,99
1407,04 ; 297,16 ;   8,890471 ;   91,24
1409,08 ; 297,29 ;   8,020536 ;   82,83
1411,11 ; 297,41 ;   8,699164 ;   89,98
1413,14 ; 297,53 ;   8,800903 ;   90,32
1415,18 ; 297,66 ;   8,599887 ;   88,23
1417,21 ; 297,77 ;   8,506977 ;   87,27
1419,24 ; 297,91 ;   8,595985 ;   88,76
1421,28 ; 298,05 ;   8,017841 ;   82,94
1423,31 ; 298,11 ;   7,914980 ;   81,70
1425,34 ; 298,27 ;   8,998158 ;   92,83
1427,38 ; 298,30 ;   7,424217 ;   76,35
1429,41 ; 298,41 ;   9,480457 ;   97,07
1431,44 ; 298,59 ;   8,010989 ;   82,30
1433,48 ; 298,63 ;   7,035436 ;   72,48
1435,51 ; 298,69 ;   8,792773 ;   90,55
1437,54 ; 298,73 ;   8,690102 ;   89,06
1439,58 ; 298,80 ;   8,691642 ;   89,94
1441,61 ; 298,88 ;   8,500203 ;   87,17
1443,64 ; 298,95 ;   8,002599 ;   82,95
1445,68 ; 298,98 ;   8,196681 ;   84,63
1447,71 ; 299,08 ;   8,873942 ;   91,46
1449,74 ; 299,19 ;   7,611411 ;   78,98
1451,78 ; 299,23 ;   7,406059 ;   76,69
1453,81 ; 299,23 ;   8,258730 ;   85,44
1455,84 ; 299,30 ;   8,948046 ;   92,49
1457,88 ; 299,34 ;   7,877029 ;   81,50
1459,91 ; 299,39 ;   8,268641 ;   85,75
1461,94 ; 299,42 ;   8,178388 ;   84,18
1463,98 ; 299,41 ;   8,368117 ;   86,22
1466,01 ; 299,52 ;   8,959313 ;   92,18
1468,04 ; 299,48 ;   7,106790 ;   73,78
1470,08 ; 299,53 ;   9,445394 ;   97,37
1472,11 ; 299,53 ;   7,894673 ;   81,94
1474,14 ; 299,57 ;   8,757179 ;   90,07
1476,18 ; 299,52 ;   8,079104 ;   83,97
1478,21 ; 299,69 ;   9,440850 ;   97,25
1480,24 ; 299,69 ;   6,230325 ;   64,40
1482,28 ; 299,67 ;   8,565319 ;   88,50
1484,31 ; 299,73 ;   8,875528 ;   91,07
1486,34 ; 299,71 ;   7,603113 ;   78,92
1488,38 ; 299,84 ;   8,868387 ;   91,86
1490,41 ; 299,70 ;   6,541697 ;   67,38
1492,44 ; 299,78 ;   10,738473 ;  110,47
1494,48 ; 299,80 ;   7,315431 ;   75,16
1496,51 ; 299,80 ;   8,185325 ;   84,05
1498,54 ; 299,82 ;   8,588920 ;   88,78
1500,58 ; 299,84 ;   8,106659 ;   83,96
1502,61 ; 299,80 ;   8,105762 ;   83,71
1504,64 ; 299,91 ;   9,084196 ;   93,39
1506,68 ; 299,89 ;   6,851061 ;   70,33
1508,71 ; 299,90 ;   8,786169 ;   90,08
1510,74 ; 299,92 ;   8,303220 ;   85,43
1512,78 ; 299,90 ;   8,007603 ;   82,87
1514,81 ; 299,95 ;   8,800190 ;   90,05
1516,84 ; 299,94 ;   7,715891 ;   79,19
1518,88 ; 299,89 ;   8,500624 ;   87,30
1520,91 ; 299,97 ;   9,100641 ;   93,64
1522,94 ; 299,89 ;   7,242331 ;   74,38
1524,98 ; 299,98 ;   9,581923 ;   98,24
1527,01 ; 300,09 ;   6,950629 ;   71,92
1529,04 ; 299,97 ;   6,749464 ;   69,50
1531,08 ; 300,04 ;   9,979061 ;  102,97
1533,11 ; 299,99 ;   7,235853 ;   74,65
1535,14 ; 300,09 ;   9,003307 ;   92,38
1537,18 ; 300,04 ;   6,852498 ;   70,62
1539,21 ; 300,06 ;   8,903438 ;   91,77
1541,24 ; 300,05 ;   7,936538 ;   81,17
1543,28 ; 300,08 ;   8,308287 ;   85,82
1545,31 ; 299,97 ;   7,818860 ;   80,94
1547,34 ; 299,95 ;   9,881847 ;  101,75
1549,38 ; 300,04 ;   8,713099 ;   89,48
1551,41 ; 299,96 ;   6,939676 ;   71,15
1553,44 ; 300,03 ;   9,487295 ;   97,29
1555,48 ; 300,10 ;   7,234802 ;   74,68
1557,51 ; 300,02 ;   7,128246 ;   73,77
1559,54 ; 300,02 ;   9,477364 ;   97,71
1561,58 ; 299,97 ;   8,300692 ;   85,13
1563,61 ; 300,04 ;   8,986926 ;   92,58
1565,64 ; 299,98 ;   7,229891 ;   74,55
1567,68 ; 299,97 ;   9,092496 ;   93,52
1569,71 ; 300,04 ;   8,595993 ;   88,01
1571,74 ; 300,06 ;   7,233357 ;   74,55
1573,78 ; 300,09 ;   7,917958 ;   81,10
1575,81 ; 300,04 ;   7,799486 ;   80,78
1577,84 ; 300,01 ;   8,859031 ;   91,65
1579,88 ; 300,15 ;   8,669785 ;   89,75
1581,91 ; 300,06 ;   6,041544 ;   62,81
1583,94 ; 300,09 ;   9,457214 ;   97,02
1585,98 ; 300,05 ;   7,812123 ;   80,70
1588,01 ; 300,15 ;   8,688381 ;   89,08
1590,04 ; 300,06 ;   6,739425 ;   69,58
1592,08 ; 300,04 ;   9,371861 ;   96,93
1594,11 ; 300,06 ;   8,601994 ;   88,06
1596,14 ; 300,05 ;   7,822156 ;   80,90
1598,18 ; 300,02 ;   8,302877 ;   85,55
1600,21 ; 300,03 ;   8,794758 ;   90,61
1602,24 ; 300,03 ;   8,015631 ;   82,40
1604,28 ; 300,01 ;   8,219281 ;   84,68
1606,31 ; 299,97 ;   8,608750 ;   88,40
1608,34 ; 299,98 ;   8,907347 ;   91,19
1610,38 ; 299,95 ;   8,026471 ;   82,99
1612,41 ; 299,98 ;   8,911829 ;   91,49
1614,44 ; 299,98 ;   7,726547 ;   79,58
1616,48 ; 300,02 ;   8,321340 ;   85,30
1618,51 ; 299,98 ;   7,835128 ;   80,33
1620,54 ; 299,98 ;   8,705057 ;   89,87
1622,58 ; 300,01 ;   8,322132 ;   85,30
1624,61 ; 300,01 ;   7,933492 ;   81,58
1626,64 ; 300,03 ;   8,307245 ;   85,01
1628,68 ; 300,03 ;   7,917195 ;   81,27
1630,71 ; 300,02 ;   8,227795 ;   84,70
1632,74 ; 300,10 ;   8,516154 ;   87,18
1634,78 ; 300,02 ;   6,948769 ;   71,21
1636,81 ; 300,04 ;   9,493745 ;   97,43
1638,84 ; 300,03 ;   7,922911 ;   81,13
1640,88 ; 300,02 ;   8,324649 ;   85,79
1642,91 ; 300,10 ;   8,524777 ;   87,12
1644,94 ; 300,09 ;   6,957104 ;   71,16
1646,98 ; 300,03 ;   8,423178 ;   86,20
1649,01 ; 300,09 ;   9,008501 ;   92,59
1651,04 ; 300,09 ;   7,350602 ;   75,87
1653,08 ; 300,09 ;   8,127035 ;   83,86
1655,11 ; 300,03 ;   8,130539 ;   83,84
1657,14 ; 300,08 ;   9,020032 ;   92,52
1659,18 ; 300,03 ;   7,545406 ;   77,05
1661,21 ; 300,01 ;   8,910006 ;   91,34
1663,24 ; 300,03 ;   8,623433 ;   88,21
1665,28 ; 299,98 ;   7,939495 ;   81,05
1667,31 ; 300,01 ;   8,913601 ;   91,92
1669,34 ; 300,03 ;   7,937855 ;   81,34
1671,38 ; 300,02 ;   7,926230 ;   81,04
1673,41 ; 299,98 ;   8,412844 ;   86,95
1675,44 ; 300,05 ;   8,716486 ;   89,63
1677,48 ; 299,96 ;   7,156090 ;   73,88
1679,51 ; 300,10 ;   9,696405 ;   99,06
1681,54 ; 300,04 ;   6,081791 ;   62,97
1683,58 ; 300,01 ;   9,105194 ;   93,47
1685,61 ; 300,05 ;   8,699962 ;   89,29
1687,64 ; 300,08 ;   7,535394 ;   77,26
1689,68 ; 300,01 ;   7,836561 ;   80,38
1691,71 ; 300,10 ;   9,203168 ;   94,97
1693,74 ; 300,06 ;   6,767607 ;   69,76
1695,78 ; 300,02 ;   8,717524 ;   89,67
1697,81 ; 300,09 ;   8,923500 ;   91,40
1699,84 ; 300,05 ;   7,153683 ;   73,35
1701,88 ; 300,14 ;   8,629788 ;   88,59
1703,91 ; 300,08 ;   6,864368 ;   70,33
1705,94 ; 300,09 ;   9,016336 ;   92,82
1707,98 ; 299,97 ;   8,039787 ;   82,41
1710,01 ; 300,02 ;   9,987479 ;  102,17
1712,04 ; 300,09 ;   7,542956 ;   77,57
1714,08 ; 300,09 ;   7,149726 ;   73,25
1716,11 ; 299,98 ;   8,131125 ;   83,51
1718,14 ; 300,02 ;   9,698646 ;   99,64
1720,18 ; 299,95 ;   7,744989 ;   79,82
1722,21 ; 300,03 ;   9,321021 ;   95,57
1724,24 ; 299,98 ;   6,973594 ;   71,62
1726,28 ; 299,96 ;   8,926023 ;   91,65
1728,31 ; 299,97 ;   8,621256 ;   88,52
1730,34 ; 300,01 ;   8,133045 ;   83,86
1732,38 ; 299,97 ;   7,651313 ;   78,80
1734,41 ; 299,97 ;   8,830615 ;   90,73
1736,44 ; 299,95 ;   8,330083 ;   85,02
1738,48 ; 299,96 ;   8,623499 ;   88,75
1740,51 ; 300,02 ;   8,040308 ;   82,85
1742,54 ; 300,03 ;   7,451142 ;   76,45
1744,58 ; 300,03 ;   7,937461 ;   81,96
1746,61 ; 300,02 ;   8,237733 ;   84,24
1748,64 ; 300,02 ;   8,436416 ;   86,72
1750,68 ; 300,01 ;   8,241212 ;   84,43
1752,71 ; 300,04 ;   8,330048 ;   85,67
1754,74 ; 300,03 ;   7,753123 ;   79,55
1756,78 ; 300,08 ;   8,341960 ;   85,35
1758,81 ; 299,98 ;   7,461481 ;   76,75
1760,84 ; 300,09 ;   9,601178 ;   98,49
1762,88 ; 300,03 ;   6,674347 ;   68,62
1764,91 ; 299,97 ;   9,023457 ;   92,16
1766,94 ; 300,03 ;   9,221475 ;   94,10
1768,98 ; 300,05 ;   7,371152 ;   75,02
1771,01 ; 300,02 ;   7,855023 ;   80,43
1773,04 ; 299,99 ;   8,825556 ;   90,06
1775,08 ; 300,06 ;   8,640352 ;   88,07
1777,11 ; 300,03 ;   7,170730 ;   73,45
1779,14 ; 299,97 ;   8,626378 ;   88,70
1781,18 ; 299,97 ;   9,218504 ;   94,06
1783,21 ; 300,02 ;   8,243888 ;   84,92
1785,24 ; 300,06 ;   7,551777 ;   77,47
1787,28 ; 300,09 ;   7,461019 ;   76,87
1789,31 ; 300,08 ;   7,751039 ;   79,99
1791,34 ; 299,98 ;   8,242489 ;   84,64
1793,38 ; 300,04 ;   9,616400 ;   98,39
1795,41 ; 300,13 ;   7,363028 ;   75,97
1797,44 ; 299,96 ;   6,866370 ;   70,30
1799,48 ; 299,95 ;   10,583570 ;  108,94
1801,51 ; 300,04 ;   8,536742 ;   87,43
1803,54 ; 300,06 ;   6,868952 ;   70,24
1805,58 ; 300,05 ;   7,848809 ;   80,22
1807,61 ; 300,02 ;   8,238792 ;   84,88
1809,64 ; 300,02 ;   8,725542 ;   89,93
1811,68 ; 300,02 ;   8,241449 ;   84,21
1813,71 ; 300,04 ;   8,243254 ;   84,21
1815,74 ; 299,98 ;   7,852768 ;   80,48
1817,78 ; 300,03 ;   9,025527 ;   92,60
1819,81 ; 299,99 ;   7,560178 ;   77,15
1821,84 ; 299,98 ;   8,833961 ;   90,21
1823,88 ; 299,94 ;   8,334133 ;   85,74
1825,91 ; 300,02 ;   9,023212 ;   92,05
1827,94 ; 300,03 ;   7,052883 ;   72,78
1829,98 ; 299,97 ;   7,928971 ;   81,73
1832,01 ; 300,04 ;   9,113220 ;   93,94
1834,04 ; 300,06 ;   7,156414 ;   73,62
1836,08 ; 300,04 ;   7,829665 ;   80,17
1838,11 ; 300,02 ;   8,521061 ;   87,31
1840,14 ; 300,05 ;   8,522504 ;   87,60
1842,18 ; 299,97 ;   7,549730 ;   77,96
1844,21 ; 300,03 ;   9,512122 ;   97,32
1846,24 ; 300,02 ;   7,261028 ;   74,82
1848,28 ; 300,05 ;   8,430793 ;   86,44
1850,31 ; 300,04 ;   7,549845 ;   77,94
1852,34 ; 299,97 ;   8,429393 ;   86,13
1854,38 ; 300,05 ;   9,308146 ;   95,01
1856,41 ; 299,95 ;   6,971920 ;   71,07
1858,44 ; 300,03 ;   9,899352 ;  101,03
1860,48 ; 299,98 ;   6,970548 ;   71,37
1862,51 ; 299,98 ;   8,924114 ;   91,38
1864,54 ; 299,97 ;   8,251334 ;   84,53
1866,58 ; 300,03 ;   8,547692 ;   87,02
1868,61 ; 299,97 ;   7,251451 ;   74,80
1870,64 ; 300,02 ;   9,126110 ;   93,89
1872,68 ; 299,99 ;   7,561483 ;   77,29
1874,71 ; 299,99 ;   8,539269 ;   87,87
1876,74 ; 300,02 ;   8,254221 ;   84,44
1878,77 ; 300,01 ;   7,864764 ;   80,72
1880,81 ; 300,03 ;   8,360789 ;   85,38
1882,84 ; 300,06 ;   7,872869 ;   80,51
1884,87 ; 300,02 ;   7,673562 ;   78,96
1886,91 ; 300,05 ;   8,857231 ;   90,98
1888,94 ; 299,99 ;   7,576955 ;   77,90
1890,97 ; 299,95 ;   9,145427 ;   93,54
1893,01 ; 300,03 ;   8,957457 ;   91,86
1895,04 ; 299,98 ;   6,980203 ;   71,34
1897,07 ; 299,99 ;   8,946445 ;   91,36
1899,11 ; 300,03 ;   8,165578 ;   83,26
1901,14 ; 300,05 ;   7,674134 ;   78,20
1903,18 ; 299,97 ;   7,873621 ;   80,18
1905,21 ; 300,05 ;   9,544388 ;   97,26
1907,24 ; 300,03 ;   6,994419 ;   71,02
1909,28 ; 300,03 ;   8,562666 ;   87,31
1911,31 ; 300,05 ;   8,161883 ;   83,88
1913,34 ; 300,05 ;   7,870387 ;   80,14
1915,37 ; 300,13 ;   8,158844 ;   83,56
1917,41 ; 300,06 ;   7,077319 ;   72,35
1919,44 ; 300,03 ;   9,039941 ;   92,55
1921,47 ; 300,06 ;   8,655856 ;   88,36
1923,51 ; 300,06 ;   7,672418 ;   78,81
1925,54 ; 300,01 ;   8,151154 ;   83,37
1927,57 ; 300,10 ;   9,048463 ;   92,05
1929,61 ; 300,08 ;   6,789262 ;   69,14
1931,64 ; 300,05 ;   8,452117 ;   86,56
1933,67 ; 299,99 ;   8,453887 ;   86,83
1935,71 ; 300,05 ;   9,132540 ;   93,34
1937,74 ; 299,99 ;   7,264111 ;   74,25
1939,77 ; 299,99 ;   9,129371 ;   93,32
1941,81 ; 300,04 ;   8,241094 ;   84,18
1943,84 ; 299,97 ;   7,454856 ;   76,72
1945,87 ; 299,95 ;   9,219994 ;   94,75
1947,91 ; 300,01 ;   8,643758 ;   88,21
1949,94 ; 300,03 ;   7,263303 ;   74,85
1951,97 ; 300,05 ;   7,849102 ;   80,27
1954,01 ; 300,04 ;   7,758684 ;   79,96
1956,04 ; 299,97 ;   8,337661 ;   85,86
1958,07 ; 300,02 ;   9,234752 ;   94,75
1960,11 ; 299,98 ;   7,568538 ;   77,01
1962,14 ; 299,99 ;   8,638219 ;   88,83
1964,17 ; 300,06 ;   8,140644 ;   83,02
1966,21 ; 300,09 ;   7,065171 ;   72,98
1968,24 ; 299,98 ;   7,755850 ;   79,53
1970,27 ; 300,03 ;   9,711100 ;   99,09
1972,31 ; 300,02 ;   7,461573 ;   76,78
1974,34 ; 300,03 ;   8,442821 ;   86,11
1976,37 ; 300,05 ;   7,955313 ;   81,34
1978,41 ; 300,02 ;   7,752232 ;   79,89
1980,44 ; 300,08 ;   8,711192 ;   89,52
1982,47 ; 299,94 ;   7,147478 ;   73,86
1984,51 ; 299,98 ;   10,295886 ;  105,35
1986,54 ; 300,04 ;   7,555334 ;   77,34
1988,57 ; 299,97 ;   7,351210 ;   75,50
1990,61 ; 299,99 ;   9,206242 ;   94,68
1992,64 ; 299,94 ;   7,842110 ;   80,67
1994,67 ; 299,99 ;   9,014648 ;   92,80
1996,71 ; 299,99 ;   7,439319 ;   76,12
1998,74 ; 299,85 ;   8,227031 ;   84,12
2000,77 ; 299,96 ;   10,381421 ;  106,50
2002,81 ; 300,03 ;   6,650883 ;   68,56
2004,84 ; 299,88 ;   7,136687 ;   73,38
2006,87 ; 299,94 ;   10,540640 ;  108,52
2008,91 ; 299,99 ;   7,331383 ;   75,74
2010,94 ; 300,06 ;   7,422216 ;   76,21
2012,97 ; 300,01 ;   7,129428 ;   73,02
2015,01 ; 300,03 ;   8,895403 ;   92,00
2017,04 ; 299,96 ;   7,816635 ;   80,26
2019,07 ; 299,97 ;   9,192202 ;   94,86
2021,11 ; 299,95 ;   8,112768 ;   83,35
2023,14 ; 300,01 ;   8,609341 ;   88,23
2025,17 ; 300,02 ;   7,238851 ;   74,87
2027,21 ; 299,97 ;   8,019109 ;   82,77
2029,24 ; 299,89 ;   8,908697 ;   91,37
2031,27 ; 299,91 ;   9,392129 ;   96,94
2033,31 ; 299,94 ;   7,926165 ;   81,81
2035,34 ; 300,01 ;   7,921769 ;   81,53
2037,37 ; 299,99 ;   7,144400 ;   73,80
2039,41 ; 299,99 ;   8,419497 ;   86,57
2041,44 ; 299,95 ;   8,222466 ;   84,28
2043,47 ; 299,98 ;   8,904778 ;   91,74
2045,51 ; 299,95 ;   7,637088 ;   78,68
2047,54 ; 299,90 ;   8,812348 ;   90,61
2049,57 ; 299,94 ;   9,003878 ;   92,37
2051,61 ; 299,95 ;   7,732989 ;   79,32
2053,64 ; 299,94 ;   8,123966 ;   83,81
2055,67 ; 299,95 ;   8,415897 ;   86,21
2057,71 ; 299,94 ;   8,119552 ;   83,84
2059,74 ; 299,94 ;   8,408739 ;   86,24
2061,77 ; 299,89 ;   8,317831 ;   85,11
2063,81 ; 299,96 ;   8,992582 ;   92,58
2065,84 ; 299,95 ;   7,237791 ;   74,56
2067,87 ; 299,99 ;   8,499546 ;   87,35
2069,91 ; 300,01 ;   7,526947 ;   77,62
2071,94 ; 299,92 ;   7,918031 ;   82,00
2073,97 ; 299,90 ;   9,483953 ;   97,95
2076,01 ; 299,96 ;   8,707069 ;   89,13
2078,04 ; 299,91 ;   7,338876 ;   75,78
2080,07 ; 299,95 ;   8,994780 ;   92,39
2082,11 ; 299,96 ;   7,829566 ;   80,58
2084,14 ; 299,96 ;   8,019227 ;   82,69
2086,17 ; 299,90 ;   8,216301 ;   84,98
2088,21 ; 299,88 ;   9,188806 ;   94,94
2090,24 ; 299,94 ;   8,698133 ;   89,54
2092,27 ; 299,92 ;   7,431711 ;   76,20
2094,31 ; 299,96 ;   8,495619 ;   87,85
2096,34 ; 300,01 ;   7,724910 ;   79,37
2098,37 ; 299,99 ;   7,526174 ;   77,64
2100,41 ; 299,97 ;   8,409988 ;   86,98
2102,44 ; 299,99 ;   8,608654 ;   88,43
2104,47 ; 299,99 ;   7,928459 ;   81,28
2106,51 ; 300,08 ;   8,211176 ;   84,71
2108,54 ; 299,90 ;   6,950820 ;   71,04
2110,57 ; 299,95 ;   10,949665 ;  112,17
2112,61 ; 299,98 ;   7,639526 ;   78,45
2114,64 ; 299,98 ;   7,731917 ;   79,12
2116,67 ; 299,98 ;   8,219637 ;   84,83
2118,71 ; 299,96 ;   8,221924 ;   84,84
2120,74 ; 299,96 ;   8,610995 ;   88,57
2122,77 ; 299,96 ;   8,318732 ;   85,15
2124,81 ; 299,95 ;   8,328652 ;   85,16
2126,84 ; 299,97 ;   8,523343 ;   87,65
2128,87 ; 299,94 ;   7,928271 ;   81,66
2130,91 ; 299,95 ;   8,812495 ;   90,07
2132,94 ; 299,96 ;   8,221686 ;   84,26
2134,97 ; 299,91 ;   8,028505 ;   82,94
2137,01 ; 299,94 ;   9,014471 ;   92,69
2139,04 ; 299,91 ;   8,041886 ;   82,12
2141,07 ; 299,97 ;   8,721267 ;   89,30
2143,11 ; 299,98 ;   7,544682 ;   77,19
2145,14 ; 299,95 ;   8,039555 ;   82,71
2147,17 ; 300,01 ;   8,899900 ;   91,22
2149,21 ; 299,95 ;   7,334866 ;   75,58
2151,24 ; 300,02 ;   9,196614 ;   94,66
2153,27 ; 300,05 ;   7,246252 ;   74,34
2155,31 ; 300,05 ;   7,630799 ;   78,41
2157,34 ; 300,01 ;   8,218835 ;   84,12
2159,37 ; 300,04 ;   8,892699 ;   91,56
