Tempo total (s) ;Temperatura (ºC) ; Potencia atual (W) ; Saida
P:  12.50 I: 100.00 D:  23.80 Tensão:5.223 V
2,03 ; 300,13 ;   8,072674 ;   80,69
4,07 ; 300,17 ;   8,678138 ;   86,57
6,10 ; 300,24 ;   7,671279 ;   76,80
8,13 ; 300,18 ;   7,268779 ;   72,42
10,17 ; 300,22 ;   9,287366 ;   92,59
12,20 ; 300,15 ;   7,774068 ;   77,19
14,23 ; 300,15 ;   9,485679 ;   94,03
16,27 ; 300,20 ;   8,380474 ;   83,71
18,30 ; 300,20 ;   7,672413 ;   76,21
20,33 ; 300,13 ;   8,176197 ;   81,78
22,37 ; 300,20 ;   9,587666 ;   95,29
24,40 ; 300,22 ;   7,268799 ;   72,64
26,43 ; 300,23 ;   7,973137 ;   79,16
28,47 ; 300,33 ;   8,075070 ;   80,05
30,50 ; 300,29 ;   6,764761 ;   67,35
32,53 ; 300,31 ;   8,784876 ;   87,21
34,57 ; 300,31 ;   7,780973 ;   77,69
36,60 ; 300,31 ;   8,176268 ;   81,04
38,63 ; 300,31 ;   8,075325 ;   80,96
40,67 ; 300,38 ;   8,072299 ;   80,88
42,70 ; 300,34 ;   6,969888 ;   69,61
44,73 ; 300,36 ;   8,782588 ;   87,26
46,77 ; 300,35 ;   7,671822 ;   76,60
48,80 ; 300,29 ;   8,184565 ;   81,18
50,83 ; 300,38 ;   8,990752 ;   89,88
52,87 ; 300,33 ;   6,659205 ;   67,00
54,90 ; 300,34 ;   8,687352 ;   86,93
56,93 ; 300,34 ;   7,876459 ;   78,75
58,97 ; 300,33 ;   7,979325 ;   79,81
61,00 ; 300,18 ;   8,079195 ;   80,96
63,03 ; 300,23 ;   10,394364 ;  103,34
65,07 ; 300,20 ;   7,268449 ;   72,88
67,10 ; 300,18 ;   8,775127 ;   87,04
69,13 ; 300,20 ;   8,382236 ;   83,76
71,17 ; 300,24 ;   7,875783 ;   78,94
73,20 ; 300,20 ;   7,373515 ;   73,73
75,23 ; 300,22 ;   8,780861 ;   87,98
77,27 ; 300,22 ;   7,773158 ;   77,34
79,30 ; 300,22 ;   8,072804 ;   80,71
81,33 ; 300,30 ;   8,072705 ;   80,66
83,37 ; 300,23 ;   6,668666 ;   66,93
85,40 ; 300,28 ;   9,083032 ;   90,61
87,43 ; 300,20 ;   7,269054 ;   72,81
89,47 ; 300,27 ;   9,388301 ;   93,27
91,50 ; 300,23 ;   6,969712 ;   69,46
93,53 ; 300,27 ;   8,479881 ;   84,65
95,56 ; 300,27 ;   7,567061 ;   75,05
97,60 ; 300,20 ;   7,978005 ;   79,55
99,63 ; 300,24 ;   9,081655 ;   90,67
101,66 ; 300,26 ;   7,268368 ;   72,87
103,70 ; 300,20 ;   7,772111 ;   77,19
105,73 ; 300,20 ;   8,884881 ;   88,10
107,76 ; 300,28 ;   8,079567 ;   80,05
109,80 ; 300,28 ;   6,762696 ;   67,58
111,83 ; 300,23 ;   7,871410 ;   78,93
113,86 ; 300,27 ;   8,676844 ;   86,32
115,90 ; 300,13 ;   7,468884 ;   74,43
117,93 ; 300,17 ;   10,188650 ;  101,30
119,96 ; 300,09 ;   7,368517 ;   73,24
122,00 ; 300,16 ;   9,386218 ;   93,72
124,03 ; 300,09 ;   6,861931 ;   68,71
126,06 ; 300,17 ;   9,282093 ;   92,53
128,10 ; 300,18 ;   6,757933 ;   67,40
130,13 ; 300,15 ;   7,870588 ;   78,68
132,16 ; 300,17 ;   8,476946 ;   84,75
134,20 ; 300,15 ;   7,664850 ;   76,41
136,23 ; 300,16 ;   8,370029 ;   83,53
138,26 ; 300,15 ;   7,762439 ;   77,58
140,30 ; 300,20 ;   8,264632 ;   82,30
142,33 ; 300,17 ;   7,256191 ;   72,52
144,36 ; 300,20 ;   8,369722 ;   83,06
146,40 ; 300,20 ;   7,466042 ;   74,62
148,43 ; 300,06 ;   8,073272 ;   80,38
150,46 ; 300,17 ;   10,081996 ;  100,31
152,50 ; 300,16 ;   6,363091 ;   63,47
154,53 ; 300,14 ;   8,062520 ;   80,67
156,56 ; 300,15 ;   8,372786 ;   83,21
158,60 ; 300,13 ;   7,867683 ;   78,51
160,63 ; 300,04 ;   8,372761 ;   83,34
162,66 ; 300,10 ;   9,382246 ;   93,55
164,70 ; 300,18 ;   7,155923 ;   71,03
166,73 ; 300,15 ;   6,757151 ;   67,71
168,76 ; 300,15 ;   8,465825 ;   84,07
170,80 ; 300,04 ;   7,962320 ;   79,46
172,83 ; 300,06 ;   9,680088 ;   96,83
174,86 ; 300,10 ;   7,764960 ;   77,08
176,90 ; 300,08 ;   7,458998 ;   74,28
178,93 ; 300,13 ;   8,369705 ;   83,70
180,96 ; 300,10 ;   7,258829 ;   72,79
183,00 ; 300,17 ;   8,372022 ;   83,35
185,03 ; 300,18 ;   6,857605 ;   68,70
187,06 ; 300,09 ;   7,764903 ;   77,71
189,10 ; 300,14 ;   9,382116 ;   93,71
191,13 ; 300,04 ;   7,164853 ;   71,28
193,16 ; 300,10 ;   9,581073 ;   95,40
195,20 ; 300,10 ;   7,051732 ;   70,59
197,23 ; 300,17 ;   7,961567 ;   79,71
199,26 ; 300,08 ;   6,850069 ;   68,50
201,30 ; 300,09 ;   9,370255 ;   93,66
203,33 ; 300,05 ;   7,859290 ;   78,68
205,36 ; 300,09 ;   8,465428 ;   84,77
207,40 ; 300,09 ;   7,560712 ;   75,21
209,43 ; 300,05 ;   7,960774 ;   79,76
211,46 ; 300,04 ;   8,462879 ;   84,71
213,50 ; 300,06 ;   8,259174 ;   82,61
215,53 ; 300,05 ;   7,662775 ;   76,59
217,56 ; 300,09 ;   8,167724 ;   81,24
219,60 ; 300,12 ;   7,565772 ;   75,11
221,63 ; 299,98 ;   7,457000 ;   74,69
223,66 ; 300,09 ;   10,080056 ;  100,36
225,69 ; 300,12 ;   6,448464 ;   64,78
227,73 ; 300,06 ;   7,464702 ;   74,64
229,76 ; 300,05 ;   8,771284 ;   87,88
231,79 ; 300,05 ;   8,157873 ;   81,11
233,83 ; 299,99 ;   7,960840 ;   79,96
235,86 ; 299,98 ;   8,970969 ;   89,88
237,89 ; 300,05 ;   8,168184 ;   81,98
239,93 ; 299,98 ;   6,963994 ;   69,66
241,96 ; 300,01 ;   9,176975 ;   91,11
243,99 ; 299,97 ;   7,760301 ;   77,11
246,03 ; 300,04 ;   8,672402 ;   86,75
248,06 ; 300,04 ;   6,956704 ;   69,85
250,09 ; 299,99 ;   8,058496 ;   80,13
252,13 ; 300,14 ;   8,777594 ;   87,58
254,16 ; 300,12 ;   5,743391 ;   57,11
256,19 ; 300,05 ;   8,265155 ;   82,52
258,23 ; 300,13 ;   8,975365 ;   89,01
260,26 ; 300,06 ;   6,855094 ;   68,66
262,29 ; 300,05 ;   8,873440 ;   88,86
264,33 ; 299,98 ;   8,070929 ;   80,94
266,36 ; 299,98 ;   9,076670 ;   90,98
268,39 ; 300,02 ;   8,068023 ;   80,69
270,43 ; 300,05 ;   7,563107 ;   75,72
272,46 ; 300,12 ;   7,463408 ;   74,07
274,49 ; 299,97 ;   6,961353 ;   69,83
276,53 ; 299,99 ;   10,283050 ;  102,55
278,56 ; 300,01 ;   7,769309 ;   77,12
280,59 ; 300,06 ;   7,864580 ;   78,07
282,63 ; 300,05 ;   7,152126 ;   71,65
284,66 ; 300,08 ;   8,070290 ;   80,88
286,69 ; 300,03 ;   7,565851 ;   76,00
288,73 ; 300,04 ;   8,676524 ;   86,86
290,76 ; 300,06 ;   7,865288 ;   78,75
292,79 ; 300,04 ;   7,666519 ;   76,16
294,83 ; 299,95 ;   8,368392 ;   83,30
296,86 ; 300,05 ;   9,476557 ;   94,78
298,89 ; 299,97 ;   6,352690 ;   63,68
300,93 ; 299,94 ;   9,376365 ;   93,33
302,96 ; 300,03 ;   8,564546 ;   85,73
304,99 ; 299,99 ;   6,648950 ;   66,27
307,03 ; 300,05 ;   8,675955 ;   86,19
309,06 ; 300,05 ;   7,059430 ;   70,54
311,09 ; 300,06 ;   7,964195 ;   79,66
313,13 ; 300,10 ;   7,864147 ;   78,41
315,16 ; 299,90 ;   7,358789 ;   73,32
317,19 ; 300,04 ;   11,186085 ;  111,32
319,23 ; 300,10 ;   5,949451 ;   59,25
321,26 ; 300,08 ;   6,958591 ;   69,88
323,29 ; 300,04 ;   8,267308 ;   82,73
325,33 ; 300,12 ;   8,574125 ;   85,50
327,36 ; 300,08 ;   6,761117 ;   67,34
329,39 ; 300,04 ;   8,461207 ;   84,95
331,43 ; 300,06 ;   8,564783 ;   85,43
333,46 ; 299,94 ;   7,563763 ;   75,98
335,49 ; 300,04 ;   9,972336 ;   99,28
337,53 ; 300,05 ;   6,453419 ;   64,85
339,56 ; 300,02 ;   7,761799 ;   77,21
341,59 ; 299,96 ;   8,575927 ;   85,70
343,63 ; 299,99 ;   8,872474 ;   88,68
345,66 ; 300,10 ;   7,564574 ;   75,71
347,69 ; 299,99 ;   6,256904 ;   62,90
349,73 ; 299,99 ;   9,675601 ;   96,27
351,76 ; 300,04 ;   8,061819 ;   80,27
353,79 ; 299,92 ;   7,265098 ;   72,81
355,83 ; 300,04 ;   9,883306 ;   98,31
357,86 ; 300,01 ;   6,258598 ;   62,54
359,89 ; 300,06 ;   8,461164 ;   84,64
361,93 ; 300,01 ;   7,154102 ;   71,36
363,96 ; 300,08 ;   8,873564 ;   88,05
365,99 ; 299,91 ;   6,855379 ;   68,87
368,03 ; 299,99 ;   10,581546 ;  105,24
370,06 ; 300,02 ;   6,853952 ;   68,82
372,09 ; 299,99 ;   7,660500 ;   76,52
374,13 ; 299,99 ;   8,366628 ;   83,68
376,16 ; 300,03 ;   8,069861 ;   80,25
378,19 ; 299,98 ;   7,461004 ;   74,03
380,22 ; 300,10 ;   8,770083 ;   87,20
382,26 ; 300,04 ;   6,155476 ;   61,71
384,29 ; 300,08 ;   8,872635 ;   88,77
386,32 ; 300,08 ;   7,362834 ;   73,40
388,36 ; 300,09 ;   7,968158 ;   79,10
390,39 ; 300,12 ;   7,762431 ;   77,83
392,42 ; 300,06 ;   7,359792 ;   73,99
394,46 ; 300,05 ;   8,771864 ;   87,23
396,49 ; 300,12 ;   8,071627 ;   80,45
398,52 ; 300,03 ;   6,957206 ;   69,35
400,56 ; 299,98 ;   9,276216 ;   92,13
402,59 ; 299,98 ;   8,769341 ;   87,01
404,62 ; 300,05 ;   8,069864 ;   80,16
406,66 ; 300,08 ;   6,864367 ;   68,97
408,69 ; 299,95 ;   7,567039 ;   75,52
410,72 ; 300,01 ;   10,080951 ;  100,06
412,76 ; 300,01 ;   7,063830 ;   70,70
414,79 ; 299,94 ;   7,969456 ;   79,84
416,82 ; 299,99 ;   9,174478 ;   91,02
418,86 ; 300,06 ;   7,256492 ;   72,05
420,89 ; 299,99 ;   6,857913 ;   68,87
422,92 ; 300,03 ;   9,078846 ;   90,33
424,96 ; 300,02 ;   7,351135 ;   73,83
426,99 ; 300,01 ;   8,268975 ;   82,02
429,02 ; 299,96 ;   8,069819 ;   80,97
431,06 ; 300,06 ;   8,771386 ;   87,29
433,09 ; 300,02 ;   6,454686 ;   64,28
435,12 ; 299,94 ;   8,667160 ;   86,58
437,16 ; 300,04 ;   9,267611 ;   92,15
439,19 ; 300,02 ;   6,455478 ;   64,57
441,22 ; 300,03 ;   8,368883 ;   83,15
443,26 ; 299,98 ;   7,763934 ;   77,23
445,29 ; 300,04 ;   8,670652 ;   86,97
447,32 ; 300,06 ;   7,165223 ;   71,41
449,36 ; 300,06 ;   7,567047 ;   75,68
451,39 ; 300,02 ;   7,969397 ;   79,09
453,42 ; 300,02 ;   8,667873 ;   86,53
455,46 ; 300,06 ;   7,959679 ;   79,67
457,49 ; 300,01 ;   7,266867 ;   72,21
459,52 ; 300,02 ;   8,772893 ;   87,75
461,56 ; 300,09 ;   7,866823 ;   78,51
463,59 ; 300,01 ;   6,856386 ;   68,46
465,62 ; 300,03 ;   9,173141 ;   91,16
467,66 ; 299,98 ;   7,556057 ;   75,99
469,69 ; 300,06 ;   8,669287 ;   86,87
471,72 ; 299,99 ;   6,754160 ;   67,59
473,76 ; 300,08 ;   9,071627 ;   90,19
475,79 ; 300,09 ;   6,652192 ;   66,23
477,82 ; 300,01 ;   7,763346 ;   77,54
479,86 ; 300,01 ;   9,174847 ;   91,10
481,89 ; 300,03 ;   7,968819 ;   79,66
483,92 ; 299,90 ;   7,565986 ;   75,93
485,95 ; 300,02 ;   10,076461 ;  100,47
487,99 ; 300,01 ;   6,256560 ;   62,44
490,02 ; 299,96 ;   8,059217 ;   80,81
492,05 ; 300,03 ;   8,769264 ;   87,13
494,09 ; 299,97 ;   6,956547 ;   69,10
496,12 ; 300,05 ;   8,963815 ;   89,32
498,15 ; 299,97 ;   6,650727 ;   66,51
500,19 ; 299,96 ;   9,275009 ;   92,73
502,22 ; 299,97 ;   8,164741 ;   81,41
504,25 ; 300,08 ;   7,964752 ;   79,04
506,29 ; 300,03 ;   6,249525 ;   62,79
508,32 ; 300,01 ;   8,674878 ;   86,23
510,35 ; 300,03 ;   8,369737 ;   83,09
512,39 ; 300,03 ;   7,566260 ;   75,93
514,42 ; 300,03 ;   7,958705 ;   79,35
516,45 ; 299,98 ;   7,967907 ;   79,35
518,49 ; 300,04 ;   8,668161 ;   86,79
520,52 ; 300,02 ;   7,153146 ;   71,24
522,55 ; 300,09 ;   8,265044 ;   82,96
524,59 ; 300,03 ;   6,855307 ;   68,35
526,62 ; 300,05 ;   8,766388 ;   87,31
528,65 ; 299,96 ;   7,557670 ;   75,57
530,69 ; 300,06 ;   9,376384 ;   93,89
532,72 ; 300,02 ;   6,444868 ;   64,03
534,75 ; 300,02 ;   8,677479 ;   86,34
536,79 ; 300,02 ;   7,969101 ;   79,47
538,82 ; 300,05 ;   7,967712 ;   79,47
540,85 ; 300,10 ;   7,361049 ;   73,25
542,89 ; 300,04 ;   7,164922 ;   71,49
544,92 ; 300,02 ;   8,873565 ;   88,27
546,95 ; 299,94 ;   8,269263 ;   82,84
548,99 ; 299,96 ;   9,173524 ;   91,85
551,02 ; 299,98 ;   7,661243 ;   76,70
553,05 ; 299,92 ;   7,669156 ;   76,41
555,09 ; 299,94 ;   8,969806 ;   89,78
557,12 ; 300,02 ;   7,862523 ;   78,17
559,15 ; 300,01 ;   6,856579 ;   68,05
561,19 ; 299,98 ;   8,061776 ;   80,72
563,22 ; 300,04 ;   8,368519 ;   83,30
565,25 ; 299,99 ;   7,156082 ;   71,18
567,29 ; 299,94 ;   8,676285 ;   86,63
569,32 ; 300,09 ;   8,874460 ;   88,46
571,35 ; 300,03 ;   5,651086 ;   56,87
573,39 ; 300,09 ;   8,773665 ;   87,27
575,42 ; 300,09 ;   7,060217 ;   70,56
577,45 ; 300,12 ;   7,858132 ;   78,54
579,49 ; 300,10 ;   7,362064 ;   73,54
581,52 ; 299,98 ;   8,072482 ;   80,57
583,55 ; 299,95 ;   9,675430 ;   96,89
585,59 ; 300,01 ;   8,564626 ;   85,97
587,62 ; 300,03 ;   7,052066 ;   70,33
589,65 ; 299,96 ;   7,554543 ;   75,74
591,69 ; 299,98 ;   9,069587 ;   90,35
593,72 ; 300,04 ;   7,662494 ;   76,34
595,75 ; 299,98 ;   7,154968 ;   71,08
597,79 ; 299,99 ;   8,771728 ;   87,77
599,82 ; 299,94 ;   7,867318 ;   78,53
601,85 ; 299,98 ;   8,873861 ;   88,37
603,89 ; 300,03 ;   7,256741 ;   72,93
605,92 ; 300,06 ;   7,259121 ;   72,34
607,95 ; 300,05 ;   7,463198 ;   74,21
609,99 ; 299,99 ;   8,069615 ;   80,01
612,02 ; 299,91 ;   8,864058 ;   88,80
614,05 ; 300,01 ;   9,277816 ;   92,09
616,08 ; 299,97 ;   6,557489 ;   65,76
618,12 ; 299,98 ;   8,565382 ;   85,69
620,15 ; 299,89 ;   7,763089 ;   77,50
622,18 ; 299,98 ;   9,482674 ;   94,70
624,22 ; 299,99 ;   6,660197 ;   66,10
626,25 ; 299,94 ;   7,863473 ;   78,58
628,28 ; 299,94 ;   8,864801 ;   88,42
630,32 ; 299,97 ;   8,070801 ;   80,44
632,35 ; 300,02 ;   7,557299 ;   75,48
634,38 ; 300,03 ;   7,266733 ;   72,60
636,42 ; 300,04 ;   7,659427 ;   76,97
638,45 ; 300,08 ;   7,864436 ;   78,01
640,48 ; 300,08 ;   7,257697 ;   72,93
642,52 ; 300,03 ;   7,866760 ;   78,62
644,55 ; 300,05 ;   8,676259 ;   86,06
646,58 ; 300,10 ;   7,553989 ;   75,47
648,62 ; 300,01 ;   7,149338 ;   71,42
650,65 ; 300,04 ;   9,366777 ;   93,17
652,68 ; 300,01 ;   7,457303 ;   74,48
654,72 ; 299,97 ;   8,465566 ;   84,02
656,75 ; 300,04 ;   8,563866 ;   85,65
658,78 ; 300,03 ;   6,852652 ;   68,76
660,82 ; 299,99 ;   8,061592 ;   80,28
662,85 ; 300,01 ;   8,568325 ;   85,34
664,88 ; 300,05 ;   7,756149 ;   77,14
666,92 ; 300,06 ;   7,159688 ;   71,97
668,95 ; 299,99 ;   7,763610 ;   77,57
670,98 ; 300,01 ;   8,959091 ;   89,88
673,02 ; 299,98 ;   7,754882 ;   77,11
675,05 ; 300,05 ;   8,362043 ;   83,13
677,08 ; 299,92 ;   6,851459 ;   68,52
679,12 ; 299,96 ;   9,977719 ;   99,92
681,15 ; 299,98 ;   7,460506 ;   74,29
683,18 ; 300,03 ;   7,661976 ;   76,29
685,22 ; 300,01 ;   7,251547 ;   72,26
687,25 ; 300,05 ;   8,260244 ;   82,84
689,28 ; 300,02 ;   7,148775 ;   71,96
691,32 ; 299,97 ;   8,559353 ;   85,02
693,35 ; 300,02 ;   8,663610 ;   86,75
695,38 ; 299,97 ;   7,261650 ;   72,45
697,42 ; 300,06 ;   8,659923 ;   86,76
699,45 ; 299,99 ;   6,450088 ;   65,00
701,48 ; 299,94 ;   8,969489 ;   89,87
703,52 ; 299,94 ;   8,867348 ;   88,29
705,55 ; 299,95 ;   8,063535 ;   80,31
707,58 ; 299,99 ;   7,960815 ;   79,08
709,62 ; 300,09 ;   7,253585 ;   72,78
711,65 ; 300,08 ;   6,450347 ;   64,73
713,68 ; 300,02 ;   7,960742 ;   79,67
715,72 ; 300,03 ;   8,868973 ;   88,44
717,75 ; 300,10 ;   7,663389 ;   76,81
719,78 ; 299,95 ;   6,748471 ;   67,90
721,82 ; 300,01 ;   10,378283 ;  103,01
723,85 ; 299,95 ;   7,046575 ;   70,23
725,88 ; 300,02 ;   8,970156 ;   89,32
727,92 ; 299,94 ;   6,955287 ;   69,00
729,95 ; 300,05 ;   9,167295 ;   91,71
731,98 ; 299,98 ;   6,152937 ;   61,65
734,02 ; 299,99 ;   8,969194 ;   89,97
736,05 ; 299,94 ;   7,860148 ;   78,45
738,08 ; 300,03 ;   8,868305 ;   88,29
740,12 ; 299,95 ;   6,553519 ;   65,39
742,15 ; 300,01 ;   9,268955 ;   92,77
744,18 ; 299,95 ;   7,057822 ;   70,27
746,22 ; 299,97 ;   8,971155 ;   89,35
748,25 ; 300,02 ;   7,662825 ;   76,50
750,28 ; 299,99 ;   7,254841 ;   72,47
752,32 ; 300,01 ;   8,362052 ;   83,06
754,35 ; 300,03 ;   7,757251 ;   77,15
756,38 ; 300,06 ;   7,561814 ;   75,70
758,41 ; 300,01 ;   7,460370 ;   74,15
760,45 ; 300,05 ;   8,768167 ;   87,40
762,48 ; 300,02 ;   7,162095 ;   71,94
764,51 ; 300,02 ;   8,570448 ;   85,00
766,55 ; 300,01 ;   7,963407 ;   79,29
768,58 ; 299,96 ;   8,066263 ;   80,53
770,61 ; 300,01 ;   8,671191 ;   86,83
772,65 ; 300,08 ;   7,263138 ;   72,53
774,68 ; 300,04 ;   6,851545 ;   68,20
776,71 ; 299,99 ;   8,468677 ;   84,68
778,75 ; 299,99 ;   8,671644 ;   86,42
780,78 ; 299,99 ;   7,962856 ;   79,56
782,81 ; 299,99 ;   7,963441 ;   79,56
784,85 ; 299,99 ;   7,963391 ;   79,56
786,88 ; 299,97 ;   7,962647 ;   79,56
788,91 ; 299,96 ;   8,366027 ;   83,29
790,95 ; 300,01 ;   8,167699 ;   81,12
792,98 ; 300,06 ;   7,255720 ;   72,53
795,01 ; 299,97 ;   7,057208 ;   70,68
797,05 ; 300,01 ;   9,370557 ;   93,58
799,08 ; 299,99 ;   7,357974 ;   73,66
801,11 ; 300,03 ;   8,169998 ;   81,86
803,15 ; 300,01 ;   7,355637 ;   73,36
805,18 ; 299,99 ;   8,264160 ;   82,80
807,21 ; 300,01 ;   8,170977 ;   81,85
809,25 ; 300,04 ;   7,766263 ;   77,08
811,28 ; 299,99 ;   7,450184 ;   74,40
813,31 ; 300,03 ;   8,665627 ;   86,41
815,35 ; 300,04 ;   7,358489 ;   73,34
817,38 ; 299,99 ;   7,765522 ;   77,81
819,41 ; 299,98 ;   8,665079 ;   86,40
821,45 ; 299,99 ;   8,064681 ;   80,78
823,48 ; 299,97 ;   7,860885 ;   78,40
825,51 ; 300,03 ;   8,365569 ;   83,27
827,55 ; 300,02 ;   6,952625 ;   69,91
829,58 ; 299,97 ;   8,159388 ;   81,53
831,61 ; 300,01 ;   8,662696 ;   86,70
833,65 ; 300,02 ;   7,351217 ;   73,64
835,68 ; 300,04 ;   7,856832 ;   78,11
837,71 ; 300,01 ;   7,556730 ;   75,52
839,75 ; 300,02 ;   8,361015 ;   83,91
841,78 ; 299,99 ;   7,856348 ;   78,09
843,81 ; 300,02 ;   8,255871 ;   82,96
845,85 ; 300,01 ;   7,557657 ;   75,80
847,88 ; 299,97 ;   8,052378 ;   80,47
849,91 ; 300,01 ;   8,565422 ;   85,54
851,95 ; 300,01 ;   7,351574 ;   73,62
853,98 ; 300,01 ;   7,951044 ;   79,33
856,01 ; 300,06 ;   7,959636 ;   79,33
858,05 ; 300,10 ;   7,045551 ;   70,63
860,08 ; 300,04 ;   7,251599 ;   72,40
862,11 ; 299,99 ;   8,864715 ;   88,04
864,15 ; 300,03 ;   8,657067 ;   86,33
866,18 ; 299,98 ;   7,354101 ;   73,27
868,21 ; 299,97 ;   8,656874 ;   86,43
870,25 ; 299,99 ;   8,260325 ;   82,06
872,28 ; 299,94 ;   7,659336 ;   76,05
874,31 ; 300,02 ;   8,856520 ;   88,18
876,34 ; 299,99 ;   6,755681 ;   67,77
878,38 ; 300,01 ;   8,256123 ;   82,92
880,41 ; 299,98 ;   7,755141 ;   77,01
882,45 ; 299,97 ;   8,360074 ;   83,02
884,48 ; 300,05 ;   8,258693 ;   82,08
886,51 ; 300,03 ;   6,651944 ;   66,13
888,55 ; 299,94 ;   8,256858 ;   82,42
890,58 ; 299,94 ;   9,360598 ;   93,90
892,61 ; 299,94 ;   8,063015 ;   80,20
894,64 ; 299,97 ;   8,058791 ;   80,21
896,68 ; 299,95 ;   7,557111 ;   75,26
898,71 ; 299,96 ;   8,361462 ;   83,57
900,74 ; 300,01 ;   7,763658 ;   77,67
902,78 ; 299,99 ;   7,259436 ;   72,50
904,81 ; 300,02 ;   8,156522 ;   81,85
906,84 ; 299,99 ;   7,550371 ;   75,84
908,88 ; 300,04 ;   8,258204 ;   82,99
910,91 ; 300,01 ;   7,249917 ;   72,11
912,94 ; 300,04 ;   8,351477 ;   83,92
914,98 ; 300,02 ;   7,456744 ;   74,38
917,01 ; 300,09 ;   8,258224 ;   82,67
919,04 ; 300,06 ;   6,848445 ;   68,06
921,08 ; 300,03 ;   8,260053 ;   82,05
923,11 ; 300,08 ;   8,358207 ;   83,57
925,14 ; 300,03 ;   7,147265 ;   71,54
927,18 ; 300,01 ;   8,559692 ;   85,84
929,21 ; 299,99 ;   8,267126 ;   82,69
931,24 ; 299,95 ;   8,155538 ;   81,75
933,28 ; 299,89 ;   8,658406 ;   86,92
935,31 ; 300,04 ;   8,854075 ;   88,77
937,34 ; 299,98 ;   5,738439 ;   57,19
939,38 ; 299,89 ;   8,762672 ;   87,60
941,41 ; 299,97 ;   9,460547 ;   94,51
943,44 ; 299,99 ;   6,849739 ;   68,39
945,48 ; 299,98 ;   7,652060 ;   76,11
947,51 ; 299,99 ;   8,064224 ;   80,78
949,54 ; 299,95 ;   7,857257 ;   78,40
951,58 ; 300,01 ;   8,660753 ;   87,00
953,61 ; 300,01 ;   7,054516 ;   70,21
955,64 ; 300,05 ;   7,951081 ;   79,36
957,68 ; 299,94 ;   7,146810 ;   71,90
959,71 ; 299,98 ;   9,759769 ;   97,39
961,74 ; 299,99 ;   7,248562 ;   72,80
963,78 ; 299,99 ;   7,854855 ;   78,42
965,81 ; 300,03 ;   7,950867 ;   79,56
967,84 ; 300,01 ;   7,354029 ;   73,35
969,88 ; 300,05 ;   8,256683 ;   82,79
971,91 ; 299,98 ;   7,148533 ;   71,90
973,94 ; 299,97 ;   8,964947 ;   89,93
975,98 ; 300,04 ;   8,257516 ;   82,13
978,01 ; 299,99 ;   6,851530 ;   68,67
980,04 ; 299,92 ;   8,658795 ;   86,40
982,08 ; 300,05 ;   9,061042 ;   90,72
984,11 ; 299,98 ;   5,945498 ;   59,34
986,14 ; 300,04 ;   8,965157 ;   89,94
988,18 ; 300,01 ;   7,056323 ;   70,96
990,21 ; 300,04 ;   8,360790 ;   83,92
992,24 ; 300,03 ;   7,444697 ;   74,37
994,28 ; 299,94 ;   8,053206 ;   80,18
996,31 ; 300,01 ;   9,361294 ;   93,94
998,34 ; 299,96 ;   6,951584 ;   69,05
1000,37 ; 300,10 ;   8,661884 ;   86,79
1002,41 ; 300,02 ;   5,748349 ;   57,57
1004,44 ; 300,03 ;   9,162827 ;   91,80
1006,48 ; 299,83 ;   7,649975 ;   76,73
1008,51 ; 299,98 ;   11,174094 ;  111,33
1010,54 ; 299,97 ;   5,643872 ;   56,79
1012,57 ; 299,98 ;   8,258494 ;   82,14
1014,61 ; 299,94 ;   7,754152 ;   77,38
1016,64 ; 299,97 ;   8,764958 ;   87,13
1018,67 ; 299,94 ;   7,558181 ;   75,31
1020,71 ; 299,94 ;   8,464033 ;   84,86
1022,74 ; 299,97 ;   8,065065 ;   80,31
1024,77 ; 299,95 ;   7,558515 ;   75,35
1026,81 ; 299,97 ;   8,362636 ;   83,66
1028,84 ; 299,89 ;   7,660785 ;   76,52
1030,87 ; 300,03 ;   9,266026 ;   92,38
1032,91 ; 300,02 ;   5,843105 ;   58,61
1034,94 ; 300,04 ;   8,164139 ;   81,66
1036,97 ; 299,99 ;   7,560145 ;   75,64
1039,01 ; 300,09 ;   8,662217 ;   86,52
1041,04 ; 300,01 ;   6,447102 ;   64,75
1043,07 ; 300,01 ;   9,060644 ;   90,87
1045,11 ; 300,02 ;   7,956405 ;   79,44
1047,14 ; 299,95 ;   7,856640 ;   78,19
1049,17 ; 299,99 ;   9,061169 ;   90,52
1051,21 ; 300,16 ;   7,258360 ;   72,79
1053,24 ; 300,01 ;   5,242774 ;   52,32
1055,27 ; 300,06 ;   10,263736 ;  102,27
1057,31 ; 300,06 ;   7,052869 ;   70,71
1059,34 ; 300,06 ;   7,857736 ;   78,69
1061,37 ; 300,02 ;   7,856165 ;   78,68
1063,41 ; 300,04 ;   8,661375 ;   86,11
1065,44 ; 299,99 ;   7,556836 ;   75,53
1067,47 ; 299,96 ;   8,657319 ;   86,40
1069,51 ; 299,96 ;   8,454541 ;   84,51
1071,54 ; 299,98 ;   7,951233 ;   79,95
1073,57 ; 299,99 ;   7,648645 ;   76,23
1075,61 ; 299,99 ;   7,846683 ;   78,43
1077,64 ; 299,94 ;   7,958337 ;   79,57
1079,67 ; 299,98 ;   8,862491 ;   88,27
1081,71 ; 300,02 ;   7,249831 ;   72,83
1083,74 ; 299,96 ;   7,455362 ;   74,72
1085,77 ; 299,98 ;   8,761831 ;   87,99
1087,81 ; 299,87 ;   7,650712 ;   76,27
1089,84 ; 300,02 ;   9,872792 ;   98,34
1091,87 ; 299,98 ;   5,737939 ;   57,60
1093,91 ; 300,08 ;   8,451838 ;   84,30
1095,94 ; 300,01 ;   6,446478 ;   64,83
1097,97 ; 299,94 ;   8,957394 ;   89,71
1100,01 ; 299,98 ;   9,058549 ;   90,60
1102,04 ; 299,95 ;   7,247458 ;   72,87
1104,07 ; 300,03 ;   8,556129 ;   85,95
1106,10 ; 299,98 ;   6,643650 ;   66,57
1108,14 ; 299,94 ;   8,655533 ;   86,60
1110,17 ; 299,98 ;   8,750288 ;   87,20
1112,20 ; 300,05 ;   7,249458 ;   72,90
1114,24 ; 300,03 ;   6,847588 ;   68,58
1116,27 ; 300,04 ;   8,256543 ;   82,58
1118,30 ; 299,99 ;   7,752192 ;   77,90
1120,34 ; 300,01 ;   8,658477 ;   86,50
1122,37 ; 299,99 ;   7,761658 ;   77,15
1124,40 ; 300,04 ;   8,152423 ;   81,92
1126,44 ; 299,99 ;   7,246866 ;   72,18
1128,47 ; 299,99 ;   8,657867 ;   86,48
1130,50 ; 300,02 ;   7,948421 ;   79,63
1132,54 ; 299,99 ;   7,557132 ;   75,90
1134,57 ; 300,04 ;   8,348801 ;   83,05
1136,60 ; 299,99 ;   7,249811 ;   72,17
1138,64 ; 299,98 ;   8,655846 ;   86,48
1140,67 ; 300,04 ;   8,053092 ;   80,86
1142,70 ; 300,10 ;   7,148297 ;   71,03
1144,74 ; 300,05 ;   6,949383 ;   69,07
1146,77 ; 300,06 ;   8,556743 ;   85,65
1148,80 ; 300,02 ;   7,754106 ;   77,53
1150,84 ; 299,99 ;   8,655782 ;   86,12
1152,87 ; 300,04 ;   8,256334 ;   82,98
1154,90 ; 299,98 ;   7,252592 ;   72,10
1156,94 ; 299,90 ;   8,756670 ;   87,65
1158,97 ; 299,99 ;   9,359606 ;   93,31
1161,00 ; 299,99 ;   6,542111 ;   65,86
1163,04 ; 299,95 ;   7,960719 ;   79,58
1165,07 ; 299,99 ;   8,757032 ;   87,04
1167,10 ; 300,01 ;   7,250294 ;   72,74
1169,14 ; 300,04 ;   7,755217 ;   77,11
1171,17 ; 300,01 ;   7,455240 ;   74,42
1173,20 ; 299,98 ;   8,362241 ;   83,96
1175,24 ; 299,95 ;   8,360810 ;   83,11
1177,27 ; 300,06 ;   8,559376 ;   85,90
1179,30 ; 299,99 ;   6,148694 ;   61,54
1181,33 ; 300,03 ;   8,958415 ;   89,87
1183,37 ; 300,04 ;   7,352420 ;   73,37
1185,40 ; 300,04 ;   7,753512 ;   77,84
1187,43 ; 300,01 ;   7,858038 ;   78,97
1189,47 ; 300,09 ;   8,359277 ;   83,93
1191,50 ; 300,06 ;   6,644584 ;   66,93
1193,53 ; 300,01 ;   8,259961 ;   82,07
1195,57 ; 300,01 ;   8,769076 ;   87,32
1197,60 ; 300,04 ;   7,950345 ;   79,32
1199,63 ; 299,98 ;   7,455958 ;   74,34
1201,67 ; 299,94 ;   8,762761 ;   87,60
1203,70 ; 299,98 ;   8,759992 ;   87,07
1205,73 ; 299,99 ;   7,251328 ;   72,77
1207,77 ; 300,02 ;   7,858475 ;   78,38
1209,80 ; 299,97 ;   7,550724 ;   75,80
1211,83 ; 300,03 ;   8,668484 ;   86,68
1213,87 ; 299,97 ;   6,953713 ;   69,89
1215,90 ; 300,03 ;   8,866229 ;   88,97
1217,93 ; 300,05 ;   6,953339 ;   69,89
1219,97 ; 299,98 ;   7,558553 ;   75,30
1222,00 ; 299,99 ;   8,957946 ;   89,90
1224,03 ; 300,05 ;   7,855244 ;   78,37
1226,07 ; 299,98 ;   6,950263 ;   69,57
1228,10 ; 300,06 ;   8,959141 ;   89,89
1230,13 ; 299,97 ;   6,756470 ;   67,18
1232,17 ; 300,04 ;   9,368629 ;   93,52
1234,20 ; 300,02 ;   6,851481 ;   68,62
1236,23 ; 299,97 ;   8,256639 ;   82,62
1238,27 ; 299,91 ;   8,661975 ;   86,64
1240,30 ; 300,01 ;   8,865097 ;   88,49
1242,33 ; 300,05 ;   6,551561 ;   65,60
1244,37 ; 300,02 ;   7,146570 ;   71,86
1246,40 ; 299,96 ;   8,453519 ;   84,91
1248,43 ; 299,85 ;   8,763224 ;   87,90
1250,46 ; 300,03 ;   9,772171 ;   97,30
1252,50 ; 299,97 ;   5,244828 ;   52,75
1254,53 ; 300,06 ;   8,863656 ;   88,98
1256,56 ; 299,99 ;   6,448763 ;   64,93
1258,60 ; 300,03 ;   8,961507 ;   89,82
1260,63 ; 299,99 ;   7,352197 ;   73,32
1262,66 ; 299,97 ;   8,556288 ;   85,24
1264,70 ; 299,98 ;   8,352358 ;   83,25
1266,73 ; 299,97 ;   7,754542 ;   77,35
1268,76 ; 299,97 ;   8,258988 ;   82,12
1270,80 ; 300,04 ;   7,959253 ;   79,84
1272,83 ; 300,05 ;   6,850250 ;   68,67
1274,86 ; 300,09 ;   7,661913 ;   76,46
1276,90 ; 300,09 ;   7,355497 ;   73,76
1278,93 ; 300,01 ;   7,857792 ;   78,31
1280,96 ; 299,96 ;   9,060259 ;   90,71
1283,00 ; 300,05 ;   8,671892 ;   86,74
1285,03 ; 299,97 ;   6,451611 ;   64,98
1287,06 ; 299,97 ;   9,271242 ;   92,35
1289,10 ; 300,02 ;   7,957406 ;   79,78
1291,13 ; 299,98 ;   7,254123 ;   72,33
1293,16 ; 300,08 ;   8,461801 ;   84,16
1295,20 ; 299,94 ;   6,453383 ;   64,68
1297,23 ; 299,94 ;   10,078433 ;  100,75
1299,26 ; 300,01 ;   8,061395 ;   80,19
1301,30 ; 300,02 ;   6,960881 ;   69,02
1303,33 ; 299,95 ;   7,864929 ;   78,06
1305,36 ; 299,98 ;   9,071642 ;   90,38
1307,40 ; 300,04 ;   7,361489 ;   73,90
1309,43 ; 299,97 ;   7,062878 ;   70,91
1311,46 ; 300,02 ;   9,077550 ;   90,09
1313,50 ; 299,92 ;   7,259925 ;   72,36
1315,53 ; 300,05 ;   9,483976 ;   94,13
1317,56 ; 299,99 ;   5,952003 ;   59,31
1319,60 ; 299,98 ;   8,867579 ;   88,66
1321,63 ; 299,95 ;   8,072174 ;   80,76
1323,66 ; 299,98 ;   8,570772 ;   85,83
1325,70 ; 299,97 ;   7,365634 ;   73,92
1327,73 ; 300,03 ;   8,269174 ;   82,13
1329,76 ; 300,03 ;   6,962707 ;   69,91
1331,80 ; 300,06 ;   7,970649 ;   79,04
1333,83 ; 300,09 ;   7,456591 ;   74,06
1335,86 ; 300,03 ;   7,456253 ;   74,89
1337,90 ; 300,04 ;   8,765568 ;   87,00
1339,93 ; 300,06 ;   7,765012 ;   77,75
1341,96 ; 300,01 ;   7,561168 ;   75,15
1344,00 ; 300,09 ;   8,771955 ;   87,26
1346,03 ; 300,04 ;   6,652521 ;   66,84
1348,06 ; 300,06 ;   8,568335 ;   85,70
1350,10 ; 300,05 ;   7,556747 ;   75,10
1352,13 ; 300,02 ;   7,960178 ;   79,76
1354,16 ; 300,02 ;   8,465976 ;   84,82
1356,19 ; 299,98 ;   7,972317 ;   79,10
1358,23 ; 299,97 ;   8,476970 ;   84,06
1360,26 ; 299,99 ;   8,166351 ;   81,98
1362,29 ; 299,99 ;   7,568703 ;   75,97
1364,33 ; 300,04 ;   7,961653 ;   79,40
1366,36 ; 300,04 ;   7,166023 ;   71,95
1368,39 ; 300,04 ;   7,866915 ;   78,80
1370,43 ; 300,01 ;   7,867838 ;   78,79
1372,46 ; 300,06 ;   8,374426 ;   83,75
1374,49 ; 299,99 ;   7,065151 ;   70,47
1376,53 ; 300,02 ;   8,979420 ;   89,64
1378,56 ; 300,03 ;   7,560834 ;   75,63
1380,59 ; 299,92 ;   7,671196 ;   76,57
1382,63 ; 300,02 ;   9,683751 ;   96,24
1384,66 ; 299,91 ;   6,558919 ;   65,35
1386,69 ; 299,99 ;   9,577722 ;   95,22
1388,73 ; 299,99 ;   6,756775 ;   67,96
1390,76 ; 300,01 ;   7,973691 ;   79,39
1392,79 ; 300,03 ;   7,671422 ;   76,90
1394,83 ; 299,99 ;   7,561041 ;   75,46
1396,86 ; 300,05 ;   8,578425 ;   85,10
1398,89 ; 300,05 ;   6,960695 ;   69,44
1400,93 ; 300,02 ;   7,867853 ;   78,57
1402,96 ; 300,01 ;   8,466154 ;   84,77
1404,99 ; 299,99 ;   8,066149 ;   80,29
1407,03 ; 300,01 ;   8,166558 ;   81,63
1409,06 ; 300,08 ;   7,663358 ;   76,86
1411,09 ; 299,99 ;   6,765931 ;   67,96
1413,13 ; 299,96 ;   9,176036 ;   91,90
1415,16 ; 299,99 ;   8,477976 ;   84,30
1417,19 ; 300,01 ;   7,468907 ;   74,77
1419,23 ; 299,99 ;   7,670960 ;   76,86
1421,26 ; 300,03 ;   8,169923 ;   81,63
1423,29 ; 299,96 ;   7,360832 ;   73,13
1425,33 ; 300,06 ;   9,073988 ;   90,02
1427,36 ; 299,98 ;   6,355139 ;   63,59
1429,39 ; 300,02 ;   9,082328 ;   90,86
1431,43 ; 300,03 ;   7,455976 ;   74,46
1433,46 ; 300,03 ;   7,662201 ;   76,54
1435,49 ; 300,04 ;   7,864153 ;   78,82
1437,53 ; 299,98 ;   7,760075 ;   77,57
1439,56 ; 300,05 ;   8,775179 ;   87,41
1441,59 ; 300,04 ;   6,856082 ;   68,23
1443,63 ; 300,01 ;   8,075325 ;   80,98
1445,66 ; 300,03 ;   8,370954 ;   83,66
1447,69 ; 299,96 ;   7,557333 ;   75,35
1449,73 ; 300,02 ;   8,973072 ;   89,96
1451,76 ; 300,05 ;   7,062568 ;   70,98
1453,79 ; 300,02 ;   7,262154 ;   72,77
1455,83 ; 300,08 ;   8,477539 ;   84,69
1457,86 ; 299,92 ;   6,960550 ;   69,02
1459,89 ; 299,97 ;   10,384051 ;  103,00
1461,93 ; 299,99 ;   7,269018 ;   72,70
1463,96 ; 300,01 ;   7,569300 ;   75,84
1465,99 ; 299,95 ;   7,664269 ;   76,79
1468,02 ; 299,96 ;   8,979009 ;   89,01
1470,06 ; 300,01 ;   7,764751 ;   77,39
1472,09 ; 299,97 ;   7,270187 ;   72,24
1474,12 ; 299,98 ;   8,566512 ;   85,31
1476,16 ; 299,95 ;   7,765152 ;   77,11
1478,19 ; 299,96 ;   8,579800 ;   85,61
1480,22 ; 299,99 ;   7,765622 ;   77,43
1482,26 ; 299,98 ;   7,468062 ;   74,75
1484,29 ; 299,97 ;   8,072935 ;   80,57
1486,32 ; 300,01 ;   8,167089 ;   81,92
1488,36 ; 300,06 ;   7,364861 ;   73,42
1490,39 ; 300,04 ;   7,065899 ;   70,44
1492,42 ; 300,01 ;   8,271167 ;   82,16
1494,46 ; 299,97 ;   8,374450 ;   83,68
1496,49 ; 299,95 ;   8,569724 ;   85,32
1498,52 ; 299,97 ;   8,374464 ;   83,35
1500,56 ; 300,04 ;   7,661955 ;   76,20
1502,59 ; 300,02 ;   6,861482 ;   68,46
1504,62 ; 300,06 ;   8,268643 ;   82,46
1506,66 ; 300,01 ;   7,156774 ;   71,57
1508,69 ; 300,02 ;   8,776814 ;   87,12
1510,72 ; 300,09 ;   7,766732 ;   77,87
1512,76 ; 299,98 ;   6,766301 ;   67,82
1514,79 ; 299,98 ;   9,486936 ;   94,24
1516,82 ; 300,03 ;   7,969589 ;   79,39
1518,86 ; 300,04 ;   7,159238 ;   71,93
1520,89 ; 299,97 ;   7,765426 ;   77,54
1522,92 ; 300,03 ;   8,981194 ;   89,86
1524,96 ; 299,94 ;   6,962943 ;   69,64
1526,99 ; 300,05 ;   9,382125 ;   93,69
1529,02 ; 300,05 ;   6,149611 ;   61,35
1531,06 ; 299,99 ;   7,858400 ;   78,48
1533,09 ; 299,98 ;   8,871087 ;   88,41
1535,12 ; 300,06 ;   8,066788 ;   80,51
1537,16 ; 299,98 ;   6,662848 ;   66,94
1539,19 ; 300,05 ;   9,075470 ;   90,78
1541,22 ; 299,95 ;   6,862997 ;   68,17
1543,26 ; 299,96 ;   9,587933 ;   95,84
1545,29 ; 299,97 ;   7,766771 ;   77,37
1547,32 ; 299,98 ;   7,867975 ;   78,42
1549,36 ; 299,98 ;   7,766199 ;   77,09
1551,39 ; 299,98 ;   7,972673 ;   79,38
1553,42 ; 299,98 ;   7,974270 ;   79,38
1555,46 ; 300,03 ;   7,970248 ;   79,38
1557,49 ; 299,97 ;   7,159170 ;   71,93
1559,52 ; 300,05 ;   8,878980 ;   88,72
1561,56 ; 299,99 ;   6,559958 ;   65,92
1563,59 ; 299,96 ;   8,868868 ;   88,43
1565,62 ; 300,05 ;   8,467214 ;   84,25
1567,66 ; 300,09 ;   6,459053 ;   64,78
1569,69 ; 300,03 ;   7,366781 ;   73,50
1571,72 ; 299,99 ;   8,671671 ;   86,75
1573,76 ; 300,02 ;   8,466090 ;   84,96
1575,79 ; 300,02 ;   7,561249 ;   75,52
1577,82 ; 300,10 ;   7,861889 ;   78,94
1579,86 ; 299,92 ;   6,561159 ;   65,26
1581,89 ; 300,01 ;   10,692886 ;  106,39
1583,92 ; 299,92 ;   6,657333 ;   66,46
1585,95 ; 299,98 ;   9,272565 ;   92,71
1587,99 ; 299,98 ;   7,067353 ;   70,21
1590,02 ; 300,04 ;   7,970333 ;   79,35
1592,05 ; 299,98 ;   7,066035 ;   70,66
1594,09 ; 299,98 ;   8,775675 ;   87,35
1596,12 ; 300,01 ;   7,970782 ;   79,35
1598,15 ; 299,98 ;   7,569564 ;   75,63
1600,19 ; 300,03 ;   8,270536 ;   82,78
1602,22 ; 300,03 ;   7,161085 ;   71,90
1604,25 ; 300,01 ;   7,869089 ;   78,75
1606,29 ; 299,99 ;   8,270901 ;   82,47
1608,32 ; 300,05 ;   8,166946 ;   81,52
1610,35 ; 300,04 ;   6,963080 ;   69,30
1612,39 ; 299,97 ;   8,073872 ;   80,92
1614,42 ; 299,99 ;   8,972472 ;   89,80
1616,45 ; 300,03 ;   7,571970 ;   75,79
1618,49 ; 299,95 ;   7,366733 ;   73,02
1620,52 ; 300,03 ;   9,281614 ;   92,39
1622,55 ; 299,90 ;   6,655840 ;   66,15
1624,59 ; 299,98 ;   9,983531 ;   99,85
1626,62 ; 300,05 ;   6,663589 ;   66,77
1628,65 ; 300,01 ;   6,861572 ;   68,17
1630,69 ; 299,99 ;   8,579552 ;   85,90
1632,72 ; 299,98 ;   8,168639 ;   81,53
1634,75 ; 299,96 ;   8,065988 ;   80,48
1636,79 ; 299,99 ;   8,372799 ;   83,07
1638,82 ; 300,03 ;   7,456360 ;   74,68
1640,85 ; 299,97 ;   7,366207 ;   73,05
1642,89 ; 300,03 ;   8,880246 ;   88,69
1644,92 ; 300,04 ;   6,966118 ;   69,61
1646,95 ; 299,98 ;   7,766782 ;   77,51
1648,99 ; 299,98 ;   8,774936 ;   87,34
1651,02 ; 299,98 ;   7,966284 ;   79,34
1653,05 ; 299,98 ;   7,971967 ;   79,35
1655,09 ; 300,08 ;   7,964006 ;   79,35
1657,12 ; 300,09 ;   6,459421 ;   64,44
1659,15 ; 299,99 ;   7,675079 ;   76,90
1661,19 ; 300,08 ;   9,280355 ;   92,93
1663,22 ; 300,04 ;   6,562206 ;   65,54
1665,25 ; 299,95 ;   8,468335 ;   84,31
1667,29 ; 300,03 ;   9,386194 ;   93,50
1669,32 ; 300,01 ;   6,663265 ;   66,12
1671,35 ; 299,91 ;   8,272250 ;   82,42
1673,39 ; 299,96 ;   9,376873 ;   93,90
1675,42 ; 300,01 ;   7,262461 ;   72,75
1677,45 ; 299,98 ;   7,265248 ;   72,16
1679,49 ; 300,02 ;   8,271341 ;   82,75
1681,52 ; 300,03 ;   7,459366 ;   74,35
1683,55 ; 299,97 ;   7,667177 ;   76,43
1685,59 ; 299,98 ;   8,881204 ;   88,66
1687,62 ; 299,96 ;   7,769101 ;   77,03
1689,65 ; 299,97 ;   8,377590 ;   83,05
1691,69 ; 300,02 ;   7,872265 ;   78,39
1693,72 ; 300,01 ;   7,264189 ;   72,09
1695,75 ; 300,02 ;   8,076513 ;   80,18
1697,79 ; 300,08 ;   7,769426 ;   77,79
1699,82 ; 300,08 ;   6,859239 ;   68,99
1701,85 ; 300,12 ;   7,858545 ;   78,12
1703,89 ; 300,08 ;   7,165518 ;   71,88
1705,92 ; 300,03 ;   8,370658 ;   83,78
1707,95 ; 300,01 ;   8,570756 ;   85,50
1709,99 ; 299,94 ;   8,269140 ;   82,37
1712,02 ; 299,98 ;   9,073600 ;   90,11
1714,05 ; 300,01 ;   7,262004 ;   72,39
1716,08 ; 300,09 ;   7,560417 ;   75,52
1718,12 ; 299,99 ;   6,662243 ;   66,52
1720,15 ; 299,99 ;   9,277005 ;   92,84
1722,18 ; 299,95 ;   7,961727 ;   79,13
1724,22 ; 299,98 ;   8,670600 ;   86,59
1726,25 ; 299,98 ;   7,364413 ;   73,53
1728,28 ; 299,94 ;   7,962630 ;   79,25
1730,32 ; 299,94 ;   8,671637 ;   86,71
1732,35 ; 299,97 ;   7,961899 ;   79,87
1734,38 ; 300,02 ;   7,466550 ;   74,91
1736,42 ; 299,97 ;   7,260467 ;   72,04
1738,45 ; 299,97 ;   8,673483 ;   86,34
1740,48 ; 300,02 ;   7,971845 ;   79,50
1742,52 ; 299,96 ;   7,262367 ;   72,05
1744,55 ; 300,02 ;   8,773247 ;   87,61
1746,58 ; 299,99 ;   7,054943 ;   70,91
1748,62 ; 300,03 ;   8,272453 ;   82,64
1750,65 ; 300,06 ;   7,259662 ;   72,99
1752,68 ; 300,04 ;   7,365220 ;   73,73
1754,72 ; 300,04 ;   8,269735 ;   82,02
1756,75 ; 299,99 ;   7,868850 ;   78,58
1758,78 ; 300,03 ;   8,674649 ;   86,02
1760,82 ; 300,06 ;   7,260814 ;   72,95
1762,85 ; 300,02 ;   7,364482 ;   73,69
1764,88 ; 300,01 ;   8,569367 ;   85,70
1766,92 ; 300,08 ;   8,065400 ;   80,08
1768,95 ; 299,97 ;   6,756362 ;   67,75
1770,98 ; 299,99 ;   9,579208 ;   95,41
1773,02 ; 299,91 ;   7,561442 ;   75,70
1775,05 ; 299,98 ;   9,178434 ;   91,56
1777,08 ; 300,01 ;   6,859215 ;   68,96
1779,12 ; 300,05 ;   7,569116 ;   75,53
1781,15 ; 300,02 ;   7,158343 ;   71,50
1783,18 ; 300,02 ;   8,467939 ;   84,56
1785,22 ; 299,99 ;   7,869704 ;   78,84
1787,25 ; 300,02 ;   8,270842 ;   82,56
1789,28 ; 299,78 ;   7,569536 ;   75,40
1791,32 ; 297,79 ;   11,695419 ;  116,10
1793,35 ; 294,30 ;   12,466014 ;  125,00
1795,38 ; 290,48 ;   12,458713 ;  125,00
1797,42 ; 287,02 ;   12,459188 ;  125,00
1799,45 ; 283,59 ;   12,461390 ;  125,00
1801,48 ; 280,70 ;   12,460945 ;  125,00
1803,52 ; 278,27 ;   12,464693 ;  125,00
1805,55 ; 276,05 ;   12,463709 ;  125,00
1807,58 ; 274,14 ;   12,468053 ;  125,00
1809,62 ; 272,43 ;   12,465977 ;  125,00
1811,65 ; 271,05 ;   12,469114 ;  125,00
1813,68 ; 269,89 ;   12,468744 ;  125,00
1815,72 ; 268,83 ;   12,469921 ;  125,00
1817,75 ; 267,90 ;   12,472382 ;  125,00
1819,78 ; 267,23 ;   12,472497 ;  125,00
1821,82 ; 266,70 ;   12,474696 ;  125,00
1823,85 ; 266,16 ;   12,476609 ;  125,00
1825,88 ; 265,79 ;   12,477892 ;  125,00
1827,92 ; 265,51 ;   12,480509 ;  125,00
1829,95 ; 265,29 ;   12,477249 ;  125,00
1831,98 ; 265,21 ;   12,477631 ;  125,00
1834,02 ; 265,21 ;   12,480198 ;  125,00
1836,05 ; 265,24 ;   12,483231 ;  125,00
1838,08 ; 265,22 ;   12,482248 ;  125,00
1840,12 ; 265,40 ;   12,480937 ;  125,00
1842,15 ; 265,63 ;   12,481224 ;  125,00
1844,18 ; 265,84 ;   12,483214 ;  125,00
1846,22 ; 266,17 ;   12,486288 ;  125,00
1848,25 ; 266,45 ;   12,491158 ;  125,00
1850,28 ; 266,88 ;   12,492141 ;  125,00
1852,32 ; 267,20 ;   12,495116 ;  125,00
1854,35 ; 267,72 ;   12,500329 ;  125,00
1856,38 ; 268,17 ;   12,503182 ;  125,00
1858,42 ; 268,64 ;   12,502374 ;  125,00
1860,45 ; 269,01 ;   12,502090 ;  125,00
1862,48 ; 269,55 ;   12,500817 ;  125,00
1864,52 ; 270,14 ;   12,505360 ;  125,00
1866,55 ; 270,75 ;   12,503933 ;  125,00
1868,58 ; 271,29 ;   12,503325 ;  125,00
1870,62 ; 271,90 ;   12,505722 ;  125,00
1872,65 ; 272,49 ;   12,503463 ;  125,00
1874,68 ; 273,09 ;   12,506032 ;  125,00
1876,72 ; 273,72 ;   12,504328 ;  125,00
1878,75 ; 274,32 ;   12,506068 ;  125,00
1880,78 ; 275,02 ;   12,503712 ;  125,00
1882,82 ; 275,64 ;   12,507401 ;  125,00
1884,85 ; 276,30 ;   12,505193 ;  125,00
1886,88 ; 276,86 ;   12,503802 ;  125,00
1888,92 ; 277,54 ;   12,506294 ;  125,00
1890,95 ; 278,33 ;   12,503698 ;  125,00
1892,98 ; 279,02 ;   12,504742 ;  125,00
1895,02 ; 279,66 ;   12,508650 ;  125,00
1897,05 ; 280,34 ;   12,505689 ;  125,00
1899,08 ; 281,10 ;   12,505391 ;  125,00
1901,12 ; 281,70 ;   12,508143 ;  125,00
1903,15 ; 282,39 ;   12,505720 ;  125,00
1905,18 ; 283,03 ;   12,346787 ;  122,79
1907,22 ; 283,78 ;   12,513306 ;  125,00
1909,25 ; 284,50 ;   9,823778 ;   97,16
1911,28 ; 285,16 ;   9,729199 ;   96,58
1913,32 ; 285,84 ;   10,233603 ;  101,35
1915,35 ; 286,49 ;   9,427807 ;   93,07
1917,38 ; 287,23 ;   9,219331 ;   91,68
1919,42 ; 287,77 ;   7,493146 ;   74,37
1921,45 ; 288,44 ;   9,921273 ;   98,07
1923,48 ; 288,96 ;   7,598143 ;   75,47
1925,52 ; 289,50 ;   9,313083 ;   92,39
1927,55 ; 290,13 ;   8,713246 ;   86,00
1929,58 ; 290,59 ;   6,685527 ;   66,88
1931,62 ; 291,10 ;   8,917684 ;   88,69
1933,65 ; 291,57 ;   7,802032 ;   77,75
1935,68 ; 291,98 ;   7,998956 ;   79,68
1937,72 ; 292,44 ;   8,607891 ;   85,85
1939,75 ; 292,78 ;   7,388561 ;   73,98
1941,78 ; 293,20 ;   8,907904 ;   88,69
1943,82 ; 293,51 ;   7,500202 ;   74,93
1945,85 ; 293,72 ;   8,812150 ;   87,54
1947,88 ; 294,18 ;   10,227820 ;  101,36
1949,92 ; 294,40 ;   6,082682 ;   60,53
1951,95 ; 294,70 ;   9,513589 ;   94,62
1953,98 ; 294,91 ;   8,096788 ;   80,85
1956,02 ; 295,09 ;   9,314716 ;   92,06
1958,05 ; 295,48 ;   9,514798 ;   94,39
1960,08 ; 295,66 ;   6,280053 ;   62,20
1962,12 ; 295,93 ;   9,008619 ;   89,52
1964,15 ; 296,12 ;   7,599472 ;   75,80
1966,18 ; 296,38 ;   8,605514 ;   85,89
1968,22 ; 296,48 ;   7,395489 ;   73,28
1970,25 ; 296,72 ;   9,520157 ;   94,53
1972,28 ; 296,82 ;   7,487682 ;   74,16
1974,32 ; 297,13 ;   9,406668 ;   93,13
1976,35 ; 297,19 ;   6,072593 ;   60,29
1978,38 ; 297,34 ;   9,620280 ;   95,69
1980,42 ; 297,60 ;   8,195092 ;   81,94
1982,45 ; 297,67 ;   6,276691 ;   62,08
1984,48 ; 297,88 ;   9,103188 ;   90,38
1986,52 ; 298,04 ;   6,883498 ;   68,94
1988,55 ; 298,13 ;   7,381665 ;   73,10
1990,58 ; 298,18 ;   8,392786 ;   83,94
1992,62 ; 298,23 ;   8,895819 ;   88,29
1994,65 ; 298,41 ;   9,002506 ;   89,29
1996,68 ; 298,49 ;   6,884599 ;   68,02
1998,72 ; 298,55 ;   8,193471 ;   81,04
2000,75 ; 298,62 ;   8,596347 ;   85,31
2002,78 ; 298,80 ;   8,297075 ;   82,50
2004,82 ; 298,82 ;   6,477739 ;   64,53
2006,85 ; 298,95 ;   8,802722 ;   87,42
2008,88 ; 299,05 ;   7,086964 ;   70,03
2010,92 ; 299,05 ;   7,387219 ;   73,56
2012,95 ; 299,05 ;   8,903265 ;   88,66
2014,98 ; 299,26 ;   8,901562 ;   88,90
2017,02 ; 299,23 ;   5,674028 ;   56,83
2019,05 ; 299,34 ;   9,208382 ;   91,71
2021,08 ; 299,44 ;   6,870980 ;   68,70
2023,12 ; 299,40 ;   7,177391 ;   71,10
2025,15 ; 299,48 ;   9,199946 ;   91,17
2027,18 ; 299,48 ;   7,178226 ;   71,94
2029,22 ; 299,48 ;   8,589449 ;   85,89
2031,25 ; 299,55 ;   8,491235 ;   84,88
2033,28 ; 299,59 ;   7,383683 ;   73,82
2035,32 ; 299,62 ;   7,681552 ;   76,77
2037,35 ; 299,62 ;   8,086589 ;   80,01
2039,38 ; 299,67 ;   8,386140 ;   83,53
2041,42 ; 299,80 ;   7,480743 ;   74,93
2043,45 ; 299,78 ;   6,168315 ;   61,89
2045,48 ; 299,73 ;   8,582738 ;   85,10
2047,52 ; 299,70 ;   8,994932 ;   89,18
2049,55 ; 299,74 ;   8,902008 ;   88,60
2051,58 ; 299,80 ;   7,582216 ;   75,51
2053,62 ; 299,92 ;   7,280192 ;   72,49
2055,65 ; 299,88 ;   6,366020 ;   63,05
2057,68 ; 299,90 ;   8,794950 ;   87,66
2059,72 ; 299,92 ;   7,785623 ;   77,11
2061,75 ; 299,97 ;   7,684886 ;   76,84
2063,78 ; 299,96 ;   7,281917 ;   72,83
2065,82 ; 299,98 ;   8,088681 ;   80,94
2067,85 ; 299,92 ;   7,684468 ;   76,08
2069,88 ; 299,96 ;   8,993804 ;   89,46
2071,92 ; 299,97 ;   7,476975 ;   74,12
2073,95 ; 299,99 ;   7,863650 ;   78,60
2075,98 ; 300,03 ;   7,659390 ;   76,02
2078,02 ; 299,97 ;   7,368198 ;   73,24
2080,05 ; 300,03 ;   8,886975 ;   88,89
2082,08 ; 300,08 ;   6,970353 ;   69,81
2084,12 ; 300,08 ;   7,174191 ;   71,49
2086,15 ; 300,04 ;   7,875439 ;   78,33
2088,18 ; 300,04 ;   8,483464 ;   84,53
2090,22 ; 300,05 ;   7,868539 ;   78,80
2092,25 ; 300,06 ;   7,679901 ;   76,30
2094,28 ; 299,99 ;   7,775790 ;   77,33
2096,32 ; 300,05 ;   8,990809 ;   89,64
2098,35 ; 300,14 ;   6,969948 ;   69,42
2100,38 ; 300,15 ;   6,465585 ;   64,87
2102,42 ; 300,08 ;   7,668701 ;   76,17
2104,45 ; 300,04 ;   8,876168 ;   88,46
2106,48 ; 299,98 ;   8,476615 ;   84,37
2108,52 ; 300,04 ;   8,784565 ;   87,34
2110,55 ; 299,99 ;   7,072909 ;   70,65
2112,58 ; 300,03 ;   8,680508 ;   86,10
2114,62 ; 300,08 ;   7,373069 ;   73,02
2116,65 ; 299,99 ;   7,166295 ;   71,28
2118,68 ; 300,05 ;   9,187736 ;   91,79
2120,72 ; 300,08 ;   6,971424 ;   69,27
2122,75 ; 300,03 ;   7,476108 ;   74,67
2124,78 ; 300,04 ;   8,589524 ;   85,53
2126,82 ; 300,04 ;   7,776895 ;   77,43
2128,85 ; 299,98 ;   7,878392 ;   78,56
2130,88 ; 300,09 ;   8,786323 ;   87,25
2132,92 ; 300,04 ;   6,361869 ;   63,10
2134,95 ; 299,99 ;   8,588911 ;   85,40
2136,98 ; 299,98 ;   8,579382 ;   85,98
2139,02 ; 299,95 ;   8,075619 ;   80,37
2141,05 ; 300,08 ;   8,578288 ;   85,44
2143,08 ; 300,06 ;   5,858175 ;   58,62
2145,12 ; 300,05 ;   8,081344 ;   80,51
2147,15 ; 300,03 ;   7,971141 ;   79,45
2149,18 ; 300,02 ;   8,279450 ;   82,02
2151,22 ; 300,10 ;   8,175558 ;   81,07
2153,25 ; 300,06 ;   6,567198 ;   65,11
2155,28 ; 300,09 ;   8,383597 ;   83,87
2157,32 ; 300,16 ;   7,477305 ;   74,41
2159,35 ; 300,03 ;   6,565904 ;   65,39
2161,38 ; 300,14 ;   9,797221 ;   97,90
2163,42 ; 300,06 ;   6,166007 ;   61,07
2165,45 ; 299,96 ;   8,989414 ;   89,47
2167,48 ; 300,02 ;   9,486749 ;   94,17
2169,52 ; 299,99 ;   7,062933 ;   70,62
2171,55 ; 300,01 ;   8,279705 ;   82,35
2173,58 ; 300,04 ;   7,671779 ;   76,44
2175,62 ; 300,01 ;   7,374397 ;   73,75
2177,65 ; 300,04 ;   8,379771 ;   83,28
2179,68 ; 300,13 ;   7,372082 ;   73,74
2181,72 ; 300,02 ;   6,465450 ;   64,63
2183,75 ; 299,98 ;   9,485008 ;   94,57
2185,78 ; 300,01 ;   8,383769 ;   83,54
2187,82 ; 299,95 ;   7,577815 ;   75,24
2189,85 ; 300,03 ;   8,888042 ;   88,60
2191,88 ; 300,08 ;   6,569510 ;   65,81
2193,92 ; 300,08 ;   7,062592 ;   70,92
2195,95 ; 300,04 ;   7,774669 ;   77,76
2197,98 ; 300,04 ;   8,384649 ;   83,95
2200,02 ; 299,99 ;   7,878185 ;   78,22
2202,05 ; 300,03 ;   8,578446 ;   85,67
2204,08 ; 300,03 ;   7,267570 ;   72,60
2206,11 ; 299,97 ;   7,868456 ;   78,31
2208,15 ; 300,03 ;   8,887253 ;   88,24
2210,18 ; 299,98 ;   6,969641 ;   69,17
2212,21 ; 300,01 ;   8,580972 ;   85,76
2214,25 ; 299,95 ;   7,580156 ;   75,17
2216,28 ; 299,94 ;   8,886870 ;   88,54
2218,31 ; 300,01 ;   8,074306 ;   80,65
2220,35 ; 300,02 ;   6,866656 ;   68,34
2222,38 ; 300,04 ;   7,774528 ;   77,39
2224,41 ; 299,97 ;   7,474702 ;   74,80
2226,45 ; 299,99 ;   8,981802 ;   89,40
2228,48 ; 300,08 ;   7,576959 ;   75,39
2230,51 ; 300,05 ;   6,566596 ;   65,15
2232,55 ; 300,01 ;   8,176295 ;   81,43
2234,58 ; 300,02 ;   8,578586 ;   85,45
2236,61 ; 300,01 ;   7,774525 ;   77,35
2238,65 ; 299,94 ;   7,980513 ;   79,73
2240,68 ; 299,98 ;   8,988620 ;   89,77
2242,71 ; 300,01 ;   7,267444 ;   72,04
2244,75 ; 300,04 ;   7,568080 ;   75,17
2246,78 ; 299,95 ;   7,368294 ;   73,63
2248,81 ; 299,99 ;   9,381230 ;   93,11
2250,85 ; 299,95 ;   7,174646 ;   71,95
2252,88 ; 300,01 ;   8,677220 ;   86,26
2254,91 ; 299,97 ;   6,967933 ;   69,47
2256,95 ; 300,05 ;   8,482864 ;   84,83
2258,98 ; 299,98 ;   6,566404 ;   65,45
2261,01 ; 299,97 ;   8,975117 ;   89,20
2263,05 ; 299,96 ;   8,171885 ;   81,40
2265,08 ; 300,03 ;   8,069456 ;   80,37
2267,11 ; 299,92 ;   6,864320 ;   68,05
2269,15 ; 300,08 ;   9,582541 ;   95,72
2271,18 ; 300,02 ;   5,452192 ;   54,87
2273,21 ; 300,05 ;   8,780688 ;   87,67
2275,25 ; 300,05 ;   7,275754 ;   72,31
2277,28 ; 300,03 ;   7,874237 ;   78,01
2279,31 ; 299,99 ;   8,171652 ;   81,72
2281,35 ; 299,97 ;   8,483314 ;   84,50
2283,38 ; 300,02 ;   8,274011 ;   82,52
2285,41 ; 300,01 ;   7,161759 ;   71,64
2287,45 ; 299,98 ;   7,976129 ;   79,74
2289,48 ; 300,03 ;   8,282775 ;   82,32
2291,51 ; 299,98 ;   7,167527 ;   71,44
2293,55 ; 299,97 ;   8,571970 ;   85,74
2295,58 ; 299,99 ;   8,170525 ;   81,38
2297,61 ; 299,98 ;   7,573538 ;   75,37
2299,65 ; 300,01 ;   8,078394 ;   80,04
2301,68 ; 299,94 ;   7,573829 ;   75,17
2303,71 ; 299,97 ;   8,984905 ;   89,78
2305,75 ; 300,01 ;   7,471094 ;   74,54
2307,78 ; 300,02 ;   7,262956 ;   72,91
2309,81 ; 299,94 ;   7,767730 ;   77,38
2311,85 ; 300,01 ;   9,085935 ;   90,95
2313,88 ; 299,97 ;   6,860679 ;   68,35
2315,91 ; 299,98 ;   8,478904 ;   84,85
2317,95 ; 299,95 ;   7,673529 ;   76,65
2319,98 ; 299,96 ;   8,582356 ;   85,16
2322,01 ; 299,95 ;   7,674880 ;   76,97
2324,05 ; 299,97 ;   8,177163 ;   81,75
2326,08 ; 299,97 ;   7,562025 ;   75,75
2328,11 ; 299,92 ;   7,977854 ;   79,19
2330,15 ; 300,01 ;   8,674442 ;   86,65
2332,18 ; 299,98 ;   6,660983 ;   66,14
2334,21 ; 300,02 ;   8,279641 ;   82,45
2336,24 ; 300,01 ;   7,468482 ;   74,05
2338,28 ; 300,01 ;   7,979455 ;   79,86
2340,31 ; 300,10 ;   7,880224 ;   78,72
2342,35 ; 300,01 ;   6,364869 ;   63,80
2344,38 ; 299,95 ;   9,282863 ;   92,40
2346,41 ; 300,05 ;   8,879337 ;   88,63
2348,45 ; 300,06 ;   6,261441 ;   62,10
2350,48 ; 300,02 ;   7,660570 ;   76,85
2352,51 ; 299,97 ;   8,568508 ;   85,43
2354,54 ; 299,98 ;   8,670262 ;   86,02
2356,58 ; 299,96 ;   7,663714 ;   76,69
2358,61 ; 300,04 ;   8,280174 ;   82,71
2360,64 ; 299,99 ;   6,663319 ;   66,85
2362,68 ; 299,95 ;   8,579706 ;   85,73
2364,71 ; 299,95 ;   8,681958 ;   86,34
2366,74 ; 299,92 ;   7,970118 ;   79,49
2368,78 ; 299,91 ;   8,372076 ;   83,23
2370,81 ; 300,01 ;   8,167037 ;   81,07
2372,84 ; 299,98 ;   6,561033 ;   65,03
2374,88 ; 299,96 ;   8,270114 ;   82,47
2376,91 ; 299,99 ;   8,269283 ;   82,78
2378,94 ; 299,97 ;   7,468173 ;   74,39
2380,98 ; 299,97 ;   8,279496 ;   82,69
2383,01 ; 300,01 ;   7,971337 ;   79,27
2385,04 ; 300,02 ;   7,363380 ;   73,07
2387,08 ; 299,96 ;   7,773960 ;   77,53
2389,11 ; 299,95 ;   8,775019 ;   87,37
2391,14 ; 299,96 ;   8,175259 ;   81,87
2393,18 ; 300,03 ;   7,766064 ;   77,11
2395,21 ; 300,01 ;   6,858740 ;   68,21
2397,24 ; 300,04 ;   8,269752 ;   82,23
2399,28 ; 300,02 ;   7,366960 ;   73,83
2401,31 ; 299,98 ;   8,270186 ;   82,12
2403,34 ; 299,97 ;   8,373904 ;   83,65
2405,38 ; 300,01 ;   8,175449 ;   81,57
2407,41 ; 299,92 ;   7,364507 ;   73,08
2409,44 ; 299,91 ;   9,280332 ;   92,46
2411,48 ; 299,95 ;   8,167241 ;   81,15
2413,51 ; 299,98 ;   7,568903 ;   75,06
2415,54 ; 300,03 ;   7,365382 ;   73,43
2417,58 ; 299,89 ;   7,168861 ;   71,70
2419,61 ; 299,94 ;   10,085524 ;  100,93
2421,64 ; 299,96 ;   7,270171 ;   72,91
2423,68 ; 299,88 ;   7,671969 ;   76,06
2425,71 ; 299,99 ;   9,385288 ;   93,17
2427,74 ; 300,04 ;   6,158057 ;   61,99
2429,78 ; 299,98 ;   7,169298 ;   71,67
2431,81 ; 300,10 ;   8,772866 ;   87,22
2433,84 ; 300,05 ;   6,054463 ;   60,59
2435,88 ; 299,99 ;   8,570589 ;   85,17
2437,91 ; 300,09 ;   8,866812 ;   88,23
2439,94 ; 300,03 ;   6,457277 ;   64,18
2441,98 ; 300,02 ;   8,673963 ;   86,57
2444,01 ; 299,95 ;   8,177899 ;   81,04
2446,04 ; 299,96 ;   8,980053 ;   89,94
2448,07 ; 300,02 ;   7,764451 ;   77,18
2450,11 ; 300,02 ;   7,063314 ;   70,78
2452,14 ; 300,02 ;   7,870775 ;   78,77
2454,17 ; 299,95 ;   7,868000 ;   78,77
2456,21 ; 299,99 ;   8,981958 ;   89,95
2458,24 ; 299,97 ;   7,264162 ;   72,22
2460,27 ; 300,02 ;   8,279064 ;   82,81
2462,31 ; 299,97 ;   7,158979 ;   71,93
2464,34 ; 299,98 ;   8,670492 ;   86,24
2466,37 ; 300,05 ;   7,663054 ;   76,91
2468,41 ; 300,03 ;   6,868576 ;   68,01
2470,44 ; 299,96 ;   8,270455 ;   82,01
2472,47 ; 300,01 ;   8,971004 ;   89,77
2474,51 ; 299,96 ;   7,262618 ;   72,03
2476,54 ; 300,01 ;   8,670398 ;   86,34
2478,57 ; 299,97 ;   7,263440 ;   72,03
2480,61 ; 299,94 ;   8,580538 ;   85,10
2482,64 ; 299,98 ;   8,476704 ;   84,37
2484,67 ; 299,99 ;   7,260843 ;   72,36
2486,71 ; 300,04 ;   7,765661 ;   77,98
2488,74 ; 299,99 ;   7,159269 ;   71,66
2490,77 ; 300,03 ;   8,572180 ;   85,97
2492,81 ; 300,03 ;   7,270327 ;   72,90
2494,84 ; 300,03 ;   7,869597 ;   78,61
2496,87 ; 299,92 ;   7,869816 ;   78,60
2498,91 ; 300,02 ;   9,588778 ;   95,99
2500,94 ; 299,99 ;   6,560556 ;   65,09
2502,97 ; 300,02 ;   8,272465 ;   82,53
2505,01 ; 300,02 ;   7,571495 ;   75,38
2507,04 ; 300,09 ;   7,869449 ;   78,80
2509,07 ; 299,99 ;   6,757703 ;   67,62
2511,11 ; 299,92 ;   9,271841 ;   92,80
2513,14 ; 300,05 ;   9,082354 ;   90,27
2515,17 ; 300,03 ;   5,851053 ;   58,88
2517,21 ; 299,97 ;   8,278486 ;   82,02
2519,24 ; 299,98 ;   8,879561 ;   88,52
2521,27 ; 300,02 ;   7,663501 ;   76,90
2523,31 ; 299,96 ;   7,463619 ;   74,22
2525,34 ; 299,95 ;   8,776184 ;   87,49
2527,37 ; 299,96 ;   8,168582 ;   81,98
2529,41 ; 299,96 ;   7,766825 ;   77,22
2531,44 ; 300,02 ;   7,973172 ;   79,52
2533,47 ; 299,99 ;   7,062860 ;   70,83
2535,51 ; 299,97 ;   8,271026 ;   82,56
2537,54 ; 299,94 ;   8,271275 ;   82,86
2539,57 ; 299,98 ;   8,465856 ;   84,40
2541,61 ; 299,91 ;   7,261646 ;   72,39
2543,64 ; 299,97 ;   9,082620 ;   90,44
2545,67 ; 300,03 ;   7,156684 ;   71,48
2547,71 ; 300,02 ;   6,949964 ;   69,54
2549,74 ; 299,95 ;   8,165545 ;   81,16
2551,77 ; 299,98 ;   9,072680 ;   90,06
2553,81 ; 299,97 ;   7,369778 ;   73,57
2555,84 ; 299,90 ;   8,166565 ;   81,78
2557,87 ; 299,96 ;   9,073829 ;   90,68
2559,91 ; 300,02 ;   7,063825 ;   70,47
2561,94 ; 299,91 ;   7,062734 ;   70,94
2563,97 ; 299,92 ;   9,578844 ;   95,08
2566,01 ; 299,98 ;   7,971447 ;   79,01
2568,04 ; 299,95 ;   7,053724 ;   70,23
2570,07 ; 300,10 ;   8,568579 ;   85,59
2572,10 ; 299,97 ;   5,550729 ;   55,03
2574,14 ; 300,03 ;   9,885724 ;   99,00
2576,17 ; 300,01 ;   6,960558 ;   69,63
2578,20 ; 299,96 ;   8,267883 ;   82,49
2580,24 ; 300,04 ;   8,668362 ;   86,52
2582,27 ; 300,04 ;   6,755171 ;   67,25
2584,30 ; 300,09 ;   7,858820 ;   78,66
2586,34 ; 300,03 ;   7,165855 ;   71,20
2588,37 ; 300,01 ;   8,673088 ;   86,73
2590,40 ; 300,02 ;   8,268806 ;   82,45
2592,44 ; 300,01 ;   7,765143 ;   77,78
2594,47 ; 299,96 ;   8,076649 ;   80,16
2596,50 ; 300,06 ;   8,680904 ;   86,47
2598,54 ; 300,04 ;   6,356259 ;   63,47
2600,57 ; 299,96 ;   8,270307 ;   82,04
2602,60 ; 299,98 ;   9,176495 ;   91,02
2604,64 ; 299,95 ;   7,561155 ;   75,88
2606,67 ; 299,98 ;   8,579116 ;   85,53
2608,70 ; 299,98 ;   7,362589 ;   73,61
2610,74 ; 299,97 ;   7,971060 ;   79,33
2612,77 ; 299,96 ;   8,177575 ;   81,82
2614,80 ; 300,02 ;   8,071117 ;   80,78
2616,84 ; 300,02 ;   7,065261 ;   70,95
2618,87 ; 299,91 ;   7,867333 ;   78,95
2620,90 ; 299,99 ;   9,589048 ;   95,10
2622,94 ; 300,03 ;   6,763342 ;   67,84
2624,97 ; 300,05 ;   7,363928 ;   73,05
2627,00 ; 300,03 ;   7,571080 ;   75,03
2629,04 ; 299,96 ;   8,271741 ;   82,18
2631,07 ; 300,05 ;   8,973648 ;   89,93
2633,10 ; 300,04 ;   6,466174 ;   64,73
2635,14 ; 299,96 ;   8,071916 ;   80,92
2637,17 ; 299,98 ;   9,177030 ;   91,06
2639,20 ; 299,99 ;   7,569859 ;   75,90
2641,24 ; 300,06 ;   7,868990 ;   78,10
2643,27 ; 300,05 ;   6,859409 ;   68,05
2645,30 ; 299,98 ;   7,961981 ;   79,57
2647,34 ; 300,04 ;   8,979992 ;   89,60
2649,37 ; 300,08 ;   7,055278 ;   70,62
2651,40 ; 299,99 ;   7,260918 ;   72,40
2653,44 ; 300,01 ;   9,170333 ;   91,76
2655,47 ; 299,99 ;   7,671666 ;   76,70
2657,50 ; 299,95 ;   8,167368 ;   81,47
2659,54 ; 300,02 ;   8,674180 ;   86,65
2661,57 ; 299,99 ;   6,858380 ;   68,62
2663,60 ; 300,01 ;   8,270192 ;   82,63
2665,64 ; 300,01 ;   7,664041 ;   76,71
2667,67 ; 299,95 ;   7,869166 ;   79,00
2669,70 ; 300,06 ;   8,877441 ;   88,94
2671,74 ; 300,01 ;   6,156064 ;   61,16
2673,77 ; 300,03 ;   8,674275 ;   86,99
2675,80 ; 299,97 ;   7,569785 ;   75,26
2677,83 ; 299,95 ;   8,878774 ;   88,63
2679,87 ; 300,02 ;   8,372661 ;   83,22
2681,90 ; 299,97 ;   6,859556 ;   68,62
2683,93 ; 300,01 ;   8,673582 ;   86,36
2685,97 ; 299,96 ;   7,363013 ;   73,29
2688,00 ; 300,05 ;   8,675035 ;   86,46
2690,03 ; 300,02 ;   6,457723 ;   64,69
2692,07 ; 299,99 ;   8,472909 ;   84,62
2694,10 ; 300,06 ;   8,273021 ;   82,63
2696,13 ; 299,95 ;   6,859480 ;   68,01
2698,17 ; 300,02 ;   9,682159 ;   96,92
2700,20 ; 299,97 ;   6,860470 ;   68,62
2702,23 ; 300,01 ;   8,674345 ;   86,36
2704,27 ; 299,98 ;   7,364825 ;   73,29
2706,30 ; 299,99 ;   8,271874 ;   82,73
2708,33 ; 299,96 ;   7,870342 ;   78,06
2710,37 ; 300,01 ;   8,466309 ;   84,18
2712,40 ; 299,94 ;   7,261125 ;   72,15
2714,43 ; 300,02 ;   9,077025 ;   90,20
2716,47 ; 300,02 ;   6,756415 ;   67,50
2718,50 ; 300,02 ;   7,869341 ;   78,93
2720,53 ; 299,98 ;   7,869855 ;   78,92
2722,57 ; 300,01 ;   8,372915 ;   83,89
2724,60 ; 300,04 ;   7,569549 ;   75,59
2726,63 ; 299,99 ;   7,466704 ;   74,05
2728,67 ; 299,96 ;   8,673627 ;   86,07
2730,70 ; 300,02 ;   8,475290 ;   84,18
2732,73 ; 299,97 ;   7,063221 ;   70,92
2734,77 ; 299,98 ;   8,671092 ;   86,37
2736,80 ; 299,95 ;   7,763751 ;   77,04
2738,83 ; 300,08 ;   8,576310 ;   85,54
2740,87 ; 300,01 ;   5,850333 ;   58,72
2742,90 ; 300,04 ;   8,977982 ;   89,32
2744,93 ; 299,99 ;   7,455847 ;   74,05
2746,97 ; 299,99 ;   8,672492 ;   86,07
2749,00 ; 299,99 ;   7,971243 ;   79,21
2751,03 ; 299,89 ;   7,963676 ;   79,22
2753,07 ; 299,96 ;   9,577949 ;   95,37
2755,10 ; 299,95 ;   6,964109 ;   69,35
2757,13 ; 300,03 ;   8,269593 ;   82,14
2759,17 ; 300,02 ;   6,664057 ;   66,19
2761,20 ; 300,03 ;   8,168709 ;   81,25
2763,23 ; 300,06 ;   7,665162 ;   76,47
2765,27 ; 300,06 ;   7,366429 ;   73,78
2767,30 ; 300,03 ;   7,869360 ;   78,34
2769,33 ; 300,03 ;   8,374610 ;   83,29
2771,37 ; 299,96 ;   7,870148 ;   78,71
2773,40 ; 300,03 ;   8,969004 ;   89,89
2775,43 ; 299,97 ;   6,860955 ;   68,43
2777,47 ; 300,04 ;   8,878092 ;   88,65
2779,50 ; 300,03 ;   6,858723 ;   68,33
2781,53 ; 300,03 ;   7,972072 ;   79,85
2783,57 ; 299,96 ;   7,868010 ;   78,70
2785,60 ; 299,99 ;   8,977532 ;   89,87
2787,63 ; 300,02 ;   7,454382 ;   74,62
2789,66 ; 300,08 ;   7,558984 ;   75,47
2791,70 ; 300,03 ;   6,857781 ;   68,95
2793,73 ; 300,03 ;   8,566650 ;   85,53
2795,76 ; 300,02 ;   7,865962 ;   78,67
2797,80 ; 299,98 ;   8,165540 ;   81,15
2799,83 ; 299,95 ;   8,362969 ;   83,83
2801,86 ; 299,95 ;   8,566853 ;   85,48
2803,90 ; 299,88 ;   7,961719 ;   79,77
2805,93 ; 299,97 ;   9,074491 ;   90,97
2807,96 ; 299,98 ;   6,560604 ;   65,79
2810,00 ; 299,97 ;   7,765269 ;   77,04
2812,03 ; 299,97 ;   8,166786 ;   81,81
2814,06 ; 300,03 ;   7,970007 ;   79,54
2816,10 ; 299,91 ;   6,951631 ;   69,61
2818,13 ; 300,01 ;   9,784740 ;   97,39
2820,16 ; 299,98 ;   6,560000 ;   65,35
2822,20 ; 299,97 ;   8,269233 ;   82,79
2824,23 ; 300,02 ;   8,167517 ;   81,85
2826,26 ; 300,05 ;   7,262798 ;   72,12
2828,30 ; 300,03 ;   7,270440 ;   72,75
2830,33 ; 300,02 ;   8,270187 ;   82,18
2832,36 ; 299,96 ;   8,166487 ;   81,23
2834,40 ; 300,09 ;   8,775859 ;   87,64
2836,43 ; 300,01 ;   5,954902 ;   59,75
2838,46 ; 300,04 ;   9,074938 ;   90,46
2840,50 ; 299,99 ;   7,465985 ;   74,06
2842,53 ; 300,03 ;   8,680242 ;   86,08
2844,56 ; 300,01 ;   7,365797 ;   73,01
2846,60 ; 300,08 ;   8,269958 ;   82,44
2848,63 ; 299,98 ;   6,755705 ;   67,82
2850,66 ; 299,96 ;   9,382919 ;   93,01
2852,70 ; 300,02 ;   8,370368 ;   83,02
2854,73 ; 299,97 ;   7,055249 ;   70,90
2856,76 ; 299,98 ;   8,673929 ;   86,36
2858,80 ; 299,90 ;   7,766279 ;   77,02
2860,83 ; 299,99 ;   9,281516 ;   92,99
2862,86 ; 300,05 ;   6,551945 ;   65,52
2864,90 ; 300,08 ;   6,960394 ;   69,30
2866,93 ; 299,97 ;   7,454870 ;   74,70
2868,96 ; 299,92 ;   9,579506 ;   95,50
2871,00 ; 299,97 ;   8,680137 ;   86,97
2873,03 ; 300,02 ;   7,262597 ;   72,67
2875,06 ; 299,98 ;   7,257263 ;   72,09
2877,10 ; 299,96 ;   8,370398 ;   83,91
2879,13 ; 300,02 ;   8,373621 ;   83,07
2881,16 ; 299,97 ;   7,063846 ;   70,95
2883,20 ; 299,97 ;   8,675889 ;   86,40
2885,23 ; 300,05 ;   7,966316 ;   79,55
2887,26 ; 299,99 ;   6,547946 ;   65,90
2889,30 ; 299,98 ;   8,873624 ;   88,40
2891,33 ; 300,04 ;   8,061733 ;   80,49
2893,36 ; 300,01 ;   7,052386 ;   70,65
2895,39 ; 299,89 ;   8,361131 ;   83,62
2897,43 ; 299,97 ;   9,782213 ;   97,69
2899,46 ; 299,98 ;   6,856526 ;   68,14
2901,49 ; 300,03 ;   7,764964 ;   77,09
2903,53 ; 300,03 ;   7,166802 ;   71,92
2905,56 ; 300,01 ;   7,867277 ;   78,78
2907,59 ; 299,99 ;   8,269819 ;   82,50
2909,63 ; 299,94 ;   8,175727 ;   81,55
2911,66 ; 300,03 ;   8,774848 ;   87,96
2913,69 ; 300,03 ;   6,558009 ;   65,06
2915,73 ; 300,03 ;   7,866353 ;   78,78
2917,76 ; 299,99 ;   7,866660 ;   78,77
2919,79 ; 299,95 ;   8,465012 ;   84,97
2921,83 ; 299,98 ;   8,673407 ;   86,71
2923,86 ; 299,98 ;   7,366119 ;   73,66
2925,89 ; 300,03 ;   7,969836 ;   79,38
2927,93 ; 300,02 ;   7,156603 ;   71,93
2929,96 ; 299,98 ;   8,170288 ;   81,26
2931,99 ; 299,92 ;   8,370533 ;   83,94
2934,03 ; 300,03 ;   8,972445 ;   89,32
2936,06 ; 300,03 ;   6,261943 ;   62,79
2938,09 ; 299,97 ;   7,867154 ;   78,79
2940,13 ; 299,98 ;   8,867057 ;   88,72
2942,16 ; 299,98 ;   7,766503 ;   77,10
2944,19 ; 300,03 ;   7,962926 ;   79,39
2946,23 ; 299,98 ;   7,156288 ;   71,94
2948,26 ; 300,02 ;   8,672825 ;   86,25
2950,29 ; 300,04 ;   7,465765 ;   74,42
2952,33 ; 300,03 ;   7,568013 ;   75,26
2954,36 ; 300,03 ;   7,968359 ;   79,92
2956,39 ; 299,97 ;   7,857432 ;   78,77
2958,43 ; 300,03 ;   8,874861 ;   88,70
2960,46 ; 300,02 ;   6,957427 ;   69,62
2962,49 ; 300,02 ;   8,165421 ;   81,25
2964,53 ; 299,95 ;   7,867418 ;   78,96
2966,56 ; 300,06 ;   9,073154 ;   90,14
2968,59 ; 300,01 ;   6,157473 ;   61,23
2970,63 ; 299,96 ;   8,774110 ;   87,05
2972,66 ; 299,97 ;   8,673235 ;   86,51
2974,69 ; 299,96 ;   7,868971 ;   78,41
2976,73 ; 299,99 ;   8,065403 ;   80,81
2978,76 ; 299,97 ;   7,467538 ;   74,70
2980,79 ; 299,97 ;   8,375559 ;   83,01
2982,83 ; 300,05 ;   7,972212 ;   79,59
2984,86 ; 299,99 ;   6,551675 ;   65,92
2986,89 ; 300,13 ;   8,878008 ;   88,43
2988,93 ; 299,99 ;   5,850109 ;   58,15
2990,96 ; 299,97 ;   9,887694 ;   98,69
2992,99 ; 299,97 ;   8,274091 ;   82,98
2995,02 ; 299,97 ;   7,971625 ;   79,56
2997,06 ; 300,02 ;   7,964816 ;   79,57
2999,09 ; 300,02 ;   7,261551 ;   72,12
3001,12 ; 300,03 ;   7,867650 ;   78,97
3003,16 ; 300,02 ;   7,663690 ;   76,48
3005,19 ; 300,05 ;   8,167847 ;   81,25
3007,22 ; 300,05 ;   7,263229 ;   72,74
3009,26 ; 300,03 ;   7,869220 ;   78,45
3011,29 ; 300,02 ;   8,270527 ;   82,16
3013,32 ; 299,97 ;   8,169493 ;   81,21
3015,36 ; 300,03 ;   8,675852 ;   86,37
3017,39 ; 300,02 ;   6,966518 ;   69,58
3019,42 ; 299,99 ;   8,178836 ;   81,20
3021,46 ; 299,98 ;   8,271008 ;   82,64
3023,49 ; 300,02 ;   8,067620 ;   80,46
3025,52 ; 299,95 ;   7,470631 ;   74,35
3027,56 ; 300,01 ;   9,078007 ;   90,10
3029,59 ; 299,99 ;   6,963444 ;   69,89
3031,62 ; 300,08 ;   8,169747 ;   81,51
3033,66 ; 299,98 ;   6,554033 ;   65,56
3035,69 ; 299,96 ;   9,384804 ;   93,02
3037,72 ; 300,04 ;   8,376339 ;   83,04
3039,76 ; 300,04 ;   6,759706 ;   67,19
3041,79 ; 300,02 ;   7,872008 ;   78,61
3043,82 ; 299,97 ;   8,274970 ;   82,34
3045,86 ; 299,94 ;   8,683837 ;   86,35
3047,89 ; 299,91 ;   8,469853 ;   84,48
3049,92 ; 299,94 ;   8,377408 ;   83,65
3051,96 ; 299,95 ;   7,671944 ;   76,51
3053,99 ; 299,97 ;   7,871503 ;   78,72
3056,02 ; 299,98 ;   7,674427 ;   76,15
3058,06 ; 299,97 ;   7,768675 ;   77,10
3060,09 ; 299,97 ;   8,170431 ;   81,87
3062,12 ; 299,99 ;   7,972861 ;   79,59
3064,16 ; 299,97 ;   7,563514 ;   75,87
3066,19 ; 300,09 ;   8,374389 ;   83,03
3068,22 ; 299,96 ;   6,049029 ;   60,98
3070,26 ; 300,01 ;   9,778717 ;   97,98
3072,29 ; 300,05 ;   7,265370 ;   72,24
3074,32 ; 300,04 ;   7,170392 ;   71,64
3076,36 ; 300,02 ;   8,073502 ;   80,97
3078,39 ; 300,01 ;   8,272798 ;   82,41
3080,42 ; 300,02 ;   8,067598 ;   80,21
3082,46 ; 300,06 ;   7,768432 ;   77,83
3084,49 ; 300,01 ;   7,170841 ;   71,50
3086,52 ; 300,03 ;   8,779063 ;   87,05
3088,55 ; 300,09 ;   7,572129 ;   75,32
3090,59 ; 299,98 ;   7,068672 ;   70,04
3092,62 ; 299,98 ;   9,490499 ;   94,17
3094,65 ; 300,06 ;   7,973652 ;   79,32
3096,69 ; 299,98 ;   6,665439 ;   66,90
3098,72 ; 299,98 ;   9,084977 ;   90,74
3100,75 ; 299,97 ;   7,966879 ;   79,31
3102,79 ; 300,03 ;   8,169455 ;   81,80
3104,82 ; 300,02 ;   6,965110 ;   69,59
3106,85 ; 299,94 ;   8,179090 ;   81,21
3108,89 ; 300,01 ;   9,184764 ;   91,34
3110,92 ; 299,97 ;   6,861094 ;   68,75
3112,95 ; 299,96 ;   8,579803 ;   85,24
3114,99 ; 299,98 ;   8,075599 ;   80,78
3117,02 ; 299,96 ;   7,562961 ;   75,92
3119,05 ; 299,99 ;   8,374694 ;   83,08
3121,09 ; 299,98 ;   7,458506 ;   74,69
3123,12 ; 299,98 ;   8,068022 ;   80,50
3125,15 ; 299,95 ;   7,973426 ;   79,36
3127,19 ; 299,99 ;   8,579985 ;   85,58
3129,22 ; 299,98 ;   7,262065 ;   72,43
3131,25 ; 299,99 ;   8,067352 ;   80,53
3133,29 ; 299,96 ;   7,869387 ;   78,14
3135,32 ; 299,98 ;   8,467627 ;   84,26
3137,35 ; 299,96 ;   7,563123 ;   75,97
3139,39 ; 300,03 ;   8,372080 ;   83,13
3141,42 ; 299,94 ;   6,862915 ;   68,53
3143,45 ; 300,03 ;   9,382757 ;   93,73
3145,49 ; 300,01 ;   6,561058 ;   65,11
3147,52 ; 299,99 ;   8,270537 ;   82,54
3149,55 ; 300,03 ;   8,171321 ;   81,60
3151,59 ; 300,02 ;   7,362780 ;   73,10
3153,62 ; 300,04 ;   8,169255 ;   81,29
3155,65 ; 299,94 ;   7,570427 ;   75,27
3157,69 ; 299,99 ;   9,486273 ;   94,85
3159,72 ; 300,05 ;   7,168921 ;   71,31
3161,75 ; 300,05 ;   6,962029 ;   69,37
3163,79 ; 300,04 ;   7,867282 ;   78,50
3165,82 ; 300,05 ;   8,065836 ;   80,97
3167,85 ; 300,04 ;   7,664596 ;   76,19
3169,89 ; 300,02 ;   8,076651 ;   80,95
3171,92 ; 299,96 ;   8,270506 ;   82,38
3173,95 ; 299,98 ;   8,776732 ;   87,65
3175,99 ; 299,96 ;   7,572067 ;   75,93
3178,02 ; 299,99 ;   8,375638 ;   83,09
3180,05 ; 299,95 ;   7,468323 ;   74,70
3182,09 ; 300,03 ;   8,681058 ;   86,72
3184,12 ; 299,96 ;   6,654804 ;   66,21
3186,15 ; 300,02 ;   8,982470 ;   89,96
3188,19 ; 299,99 ;   7,056578 ;   70,99
3190,22 ; 299,98 ;   8,270260 ;   82,71
3192,25 ; 300,01 ;   8,065087 ;   80,53
3194,29 ; 299,92 ;   7,568105 ;   75,66
3196,32 ; 300,08 ;   9,280605 ;   92,76
3198,35 ; 300,05 ;   5,551772 ;   55,36
3200,38 ; 299,98 ;   8,166229 ;   81,92
3202,42 ; 300,04 ;   8,971780 ;   89,67
3204,45 ; 300,04 ;   7,064851 ;   70,68
3206,48 ; 300,05 ;   7,866552 ;   78,67
3208,52 ; 299,96 ;   7,661555 ;   76,17
3210,55 ; 299,98 ;   9,380293 ;   93,36
3212,58 ; 299,98 ;   7,559570 ;   75,92
3214,62 ; 299,95 ;   7,969029 ;   79,36
3216,65 ; 299,97 ;   8,576262 ;   85,57
3218,68 ; 299,89 ;   7,663855 ;   76,14
3220,72 ; 299,92 ;   9,277548 ;   92,00
3222,75 ; 299,98 ;   7,569234 ;   75,63
3224,78 ; 299,98 ;   7,054561 ;   70,28
3226,82 ; 299,92 ;   7,967861 ;   79,43
3228,85 ; 299,96 ;   8,972656 ;   89,38
3230,88 ; 299,95 ;   7,468533 ;   74,04
3232,92 ; 300,03 ;   8,270553 ;   82,25
3234,95 ; 299,94 ;   6,656205 ;   66,31
3236,98 ; 299,98 ;   9,384351 ;   93,79
3239,02 ; 300,02 ;   7,270634 ;   72,63
3241,05 ; 299,97 ;   7,467150 ;   74,52
3243,08 ; 300,01 ;   8,679714 ;   86,55
3245,12 ; 300,03 ;   7,364384 ;   73,48
3247,15 ; 300,04 ;   7,568170 ;   75,47
3249,18 ; 300,05 ;   7,765478 ;   77,65
3251,22 ; 300,02 ;   7,664088 ;   76,30
3253,25 ; 300,02 ;   8,476543 ;   84,78
3255,28 ; 299,98 ;   7,969521 ;   79,06
3257,32 ; 299,98 ;   8,475962 ;   84,03
3259,35 ; 299,99 ;   7,973703 ;   79,46
3261,38 ; 299,97 ;   7,867306 ;   78,22
3263,42 ; 300,12 ;   8,371815 ;   83,09
3265,45 ; 300,03 ;   5,642914 ;   56,07
3267,48 ; 300,05 ;   9,174557 ;   91,43
3269,52 ; 300,08 ;   7,568634 ;   75,11
3271,55 ; 300,03 ;   7,465813 ;   74,79
3273,58 ; 300,02 ;   8,576368 ;   85,66
3275,62 ; 300,08 ;   8,165464 ;   81,28
3277,65 ; 300,04 ;   6,960207 ;   69,04
3279,68 ; 300,01 ;   8,472407 ;   84,39
3281,72 ; 299,98 ;   8,367021 ;   83,63
3283,75 ; 299,99 ;   8,251636 ;   82,79
3285,78 ; 299,94 ;   7,863564 ;   78,12
3287,82 ; 300,02 ;   8,771881 ;   87,96
3289,85 ; 300,05 ;   6,752507 ;   67,55
3291,88 ; 299,96 ;   7,258797 ;   72,77
3293,92 ; 300,05 ;   9,372564 ;   93,38
3295,95 ; 300,05 ;   6,457572 ;   64,76
3297,98 ; 300,06 ;   7,867894 ;   78,46
3300,02 ; 299,99 ;   7,766491 ;   77,21
3302,05 ; 300,03 ;   8,978514 ;   89,52
3304,08 ; 300,01 ;   7,365396 ;   73,02
3306,12 ; 299,98 ;   8,271981 ;   82,45
3308,15 ; 299,99 ;   8,275460 ;   82,75
3310,18 ; 299,99 ;   7,871749 ;   78,08
3312,21 ; 299,96 ;   7,975563 ;   79,23
3314,25 ; 300,03 ;   8,481633 ;   84,20
3316,28 ; 300,02 ;   6,861741 ;   68,46
3318,32 ; 300,08 ;   8,172051 ;   81,22
3320,35 ; 299,97 ;   6,864317 ;   68,98
3322,38 ; 300,03 ;   9,583449 ;   95,50
3324,41 ; 299,92 ;   6,967946 ;   69,58
3326,45 ; 299,97 ;   9,683367 ;   96,12
3328,48 ; 300,05 ;   7,266825 ;   72,67
3330,51 ; 299,97 ;   6,564747 ;   65,86
3332,55 ; 300,02 ;   9,277553 ;   92,09
3334,58 ; 299,99 ;   7,265105 ;   72,07
3336,61 ; 300,02 ;   8,270106 ;   82,66
3338,65 ; 300,01 ;   7,564474 ;   75,50
3340,68 ; 300,04 ;   8,071570 ;   80,17
3342,71 ; 299,94 ;   7,463888 ;   74,05
3344,75 ; 299,95 ;   9,483156 ;   94,76
3346,78 ; 299,98 ;   7,876065 ;   78,68
3348,81 ; 299,92 ;   7,361117 ;   73,62
3350,85 ; 299,96 ;   8,978885 ;   89,28
3352,88 ; 300,03 ;   7,372375 ;   73,95
3354,91 ; 300,06 ;   6,865995 ;   68,49
3356,95 ; 299,95 ;   7,361544 ;   73,80
3358,98 ; 299,98 ;   9,684483 ;   97,00
3361,01 ; 300,13 ;   7,370924 ;   73,65
3363,05 ; 300,02 ;   5,648892 ;   57,00
3365,08 ; 300,06 ;   9,483573 ;   94,94
3367,11 ; 300,05 ;   7,165527 ;   71,48
3369,15 ; 299,98 ;   7,967426 ;   79,56
3371,18 ; 300,05 ;   8,981169 ;   89,59
3373,21 ; 299,96 ;   6,864768 ;   68,12
3375,25 ; 299,98 ;   9,382408 ;   93,30
3377,28 ; 299,97 ;   7,567654 ;   75,87
3379,31 ; 300,01 ;   8,175981 ;   81,79
3381,35 ; 300,04 ;   7,369796 ;   73,30
3383,38 ; 300,01 ;   7,470614 ;   74,04
3385,41 ; 300,01 ;   8,372360 ;   83,58
3387,45 ; 299,95 ;   7,967442 ;   79,00
3389,48 ; 299,98 ;   8,885479 ;   88,95
3391,51 ; 299,94 ;   7,371260 ;   73,60
3393,55 ; 299,99 ;   8,681283 ;   86,77
3395,58 ; 299,91 ;   7,167140 ;   71,23
3397,61 ; 299,91 ;   9,180085 ;   91,66
3399,65 ; 299,92 ;   8,072916 ;   80,25
3401,68 ; 299,97 ;   7,979183 ;   79,03
3403,71 ; 299,95 ;   7,266771 ;   72,74
3405,75 ; 299,99 ;   8,370494 ;   83,33
3407,78 ; 299,97 ;   7,270223 ;   72,46
3409,81 ; 300,03 ;   8,382579 ;   83,05
3411,85 ; 299,98 ;   6,952632 ;   69,69
3413,88 ; 299,99 ;   8,666560 ;   86,28
3415,91 ; 300,01 ;   7,857060 ;   78,18
3417,95 ; 300,04 ;   7,661333 ;   76,84
3419,98 ; 299,96 ;   7,456871 ;   74,16
3422,01 ; 300,01 ;   9,166475 ;   91,14
3424,05 ; 299,94 ;   7,251598 ;   72,27
3426,08 ; 299,97 ;   9,062825 ;   90,31
3428,11 ; 300,05 ;   7,562141 ;   75,07
3430,15 ; 299,95 ;   6,551996 ;   65,98
3432,18 ; 299,98 ;   9,565426 ;   95,94
3434,21 ; 300,04 ;   7,355893 ;   73,73
3436,25 ; 300,03 ;   7,054926 ;   70,76
3438,28 ; 299,95 ;   7,965048 ;   79,99
3440,31 ; 299,97 ;   9,269428 ;   92,51
3442,35 ; 299,97 ;   7,666622 ;   76,22
3444,38 ; 299,95 ;   7,962256 ;   79,65
3446,41 ; 300,04 ;   8,367800 ;   83,39
3448,44 ; 300,06 ;   6,554799 ;   65,06
3450,48 ; 299,94 ;   7,564017 ;   75,04
3452,51 ; 299,99 ;   9,880085 ;   98,33
3454,54 ; 300,01 ;   7,162940 ;   71,36
3456,58 ; 300,02 ;   7,665777 ;   76,88
3458,61 ; 299,99 ;   7,760706 ;   77,93
3460,64 ; 300,06 ;   8,264108 ;   82,80
3462,68 ; 300,08 ;   6,854289 ;   68,18
3464,71 ; 300,08 ;   7,561772 ;   75,97
3466,74 ; 300,06 ;   7,861287 ;   78,23
3468,78 ; 300,05 ;   8,066583 ;   80,70
3470,81 ; 300,05 ;   7,964584 ;   79,64
3472,84 ; 300,04 ;   7,861940 ;   78,48
3474,88 ; 299,92 ;   8,067722 ;   80,95
3476,91 ; 299,96 ;   9,777335 ;   97,29
3478,94 ; 299,99 ;   7,366611 ;   73,96
3480,98 ; 300,05 ;   7,461775 ;   74,72
3483,01 ; 299,99 ;   6,954663 ;   69,35
3485,04 ; 299,96 ;   8,868236 ;   88,42
3487,08 ; 300,01 ;   8,466334 ;   84,25
3489,11 ; 299,99 ;   7,262160 ;   72,23
3491,14 ; 300,02 ;   8,157580 ;   81,57
3493,18 ; 299,94 ;   7,562157 ;   75,56
3495,21 ; 300,02 ;   9,167799 ;   91,41
3497,24 ; 299,95 ;   6,757281 ;   67,57
3499,28 ; 299,91 ;   9,074197 ;   90,18
3501,31 ; 299,85 ;   8,467496 ;   84,88
3503,34 ; 299,97 ;   9,075382 ;   90,27
3505,38 ; 299,97 ;   6,243486 ;   62,52
3507,41 ; 299,96 ;   7,964653 ;   79,67
3509,44 ; 299,95 ;   8,066324 ;   80,93
3511,48 ; 299,91 ;   8,261612 ;   82,28
3513,51 ; 300,03 ;   8,468114 ;   84,98
3515,54 ; 299,95 ;   6,154493 ;   61,78
3517,58 ; 299,98 ;   9,273556 ;   92,59
3519,61 ; 299,96 ;   7,358358 ;   73,82
3521,64 ; 300,01 ;   8,368324 ;   83,27
3523,68 ; 300,03 ;   7,258368 ;   72,39
3525,71 ; 300,04 ;   7,567349 ;   75,52
3527,74 ; 300,04 ;   7,763098 ;   77,70
3529,78 ; 300,01 ;   7,866720 ;   78,83
3531,81 ; 300,01 ;   8,371269 ;   83,80
3533,84 ; 299,99 ;   7,966262 ;   79,22
3535,88 ; 300,03 ;   8,165456 ;   81,70
3537,91 ; 299,97 ;   7,356607 ;   73,20
3539,94 ; 299,99 ;   8,869132 ;   88,85
3541,98 ; 300,04 ;   7,563016 ;   75,99
3544,01 ; 300,02 ;   7,154826 ;   71,96
3546,04 ; 299,96 ;   8,262181 ;   82,54
3548,08 ; 300,05 ;   8,768105 ;   87,81
3550,11 ; 299,98 ;   6,450714 ;   64,90
3552,14 ; 299,97 ;   8,971156 ;   89,79
3554,18 ; 299,98 ;   8,170738 ;   81,99
3556,21 ; 300,01 ;   7,762447 ;   77,23
3558,24 ; 299,94 ;   7,563884 ;   75,79
3560,28 ; 299,97 ;   9,074117 ;   90,40
3562,31 ; 299,98 ;   7,554652 ;   75,16
3564,34 ; 299,88 ;   7,760690 ;   77,25
3566,38 ; 299,91 ;   9,671944 ;   96,94
3568,41 ; 299,92 ;   7,461126 ;   74,76
3570,44 ; 299,92 ;   7,967215 ;   79,25
3572,48 ; 299,94 ;   8,066204 ;   80,41
3574,51 ; 300,01 ;   7,761364 ;   77,95
3576,54 ; 299,98 ;   6,958256 ;   69,06
3578,57 ; 300,05 ;   8,368036 ;   83,08
3580,61 ; 299,98 ;   6,856948 ;   68,47
3582,64 ; 300,09 ;   8,966057 ;   89,92
3584,67 ; 300,09 ;   6,351541 ;   63,49
3586,71 ; 300,13 ;   7,865520 ;   78,33
3588,74 ; 300,05 ;   7,259589 ;   72,09
3590,77 ; 299,90 ;   8,874615 ;   88,96
3592,81 ; 299,99 ;   10,379336 ;  103,52
3594,84 ; 300,04 ;   6,557688 ;   65,77
3596,87 ; 299,91 ;   7,259907 ;   72,02
3598,91 ; 299,99 ;   9,883367 ;   98,75
3600,94 ; 300,01 ;   6,855572 ;   68,07
3602,97 ; 299,99 ;   7,762661 ;   77,01
3605,01 ; 299,99 ;   8,161925 ;   81,78
3607,04 ; 299,97 ;   7,967627 ;   79,50
3609,07 ; 300,04 ;   8,366419 ;   83,23
3611,11 ; 299,99 ;   6,854836 ;   68,62
3613,14 ; 300,01 ;   8,668697 ;   86,35
3615,17 ; 299,99 ;   7,763825 ;   77,01
3617,21 ; 299,99 ;   8,163874 ;   81,78
3619,24 ; 299,99 ;   7,968592 ;   79,50
3621,27 ; 299,95 ;   7,960698 ;   79,50
3623,31 ; 300,05 ;   8,669946 ;   86,96
3625,34 ; 300,03 ;   6,251001 ;   62,71
3627,37 ; 300,03 ;   8,258516 ;   82,43
3629,41 ; 300,04 ;   7,859077 ;   79,00
3631,44 ; 299,99 ;   7,763846 ;   77,75
3633,47 ; 300,08 ;   8,661716 ;   86,33
3635,51 ; 300,02 ;   6,549174 ;   65,81
3637,54 ; 300,04 ;   8,867484 ;   88,31
3639,57 ; 299,99 ;   7,559943 ;   75,43
3641,61 ; 300,01 ;   8,659213 ;   86,30
3643,64 ; 299,98 ;   7,650915 ;   76,96
3645,67 ; 300,05 ;   8,264150 ;   82,97
3647,71 ; 299,99 ;   6,862653 ;   68,36
3649,74 ; 299,98 ;   8,872126 ;   88,58
3651,77 ; 300,04 ;   8,061456 ;   80,68
3653,81 ; 300,03 ;   7,061549 ;   70,84
3655,84 ; 299,92 ;   8,067979 ;   80,08
