Tempo total (s) ;Temperatura (ºC) ; Potencia atual (W) ; Saida
P:   3.00 I: 118.00 D:  29.50 Tensão:9.465 V Temperatura ambiente:     23.50ºC
2,00 ; 299,97 ;   8,773323 ;   25,65
4,00 ; 299,98 ;   7,383678 ;   21,78
6,00 ; 300,04 ;   7,744734 ;   22,08
8,00 ; 300,01 ;   7,027257 ;   20,18
10,01 ; 299,99 ;   8,420220 ;   24,08
12,01 ; 299,99 ;   8,096488 ;   23,43
14,01 ; 300,01 ;   7,696477 ;   22,74
16,01 ; 299,92 ;   7,742796 ;   22,01
18,01 ; 299,96 ;   9,128008 ;   26,76
20,01 ; 299,97 ;   7,382968 ;   21,12
22,01 ; 299,94 ;   7,743846 ;   22,48
24,01 ; 299,98 ;   8,454573 ;   24,30
26,02 ; 300,03 ;   7,024599 ;   20,71
28,02 ; 299,96 ;   7,027843 ;   20,56
30,02 ; 300,06 ;   8,776202 ;   25,96
32,02 ; 300,04 ;   6,308803 ;   18,05
34,02 ; 300,01 ;   8,059080 ;   23,65
36,02 ; 300,04 ;   8,416965 ;   24,09
38,02 ; 300,03 ;   7,375808 ;   21,23
40,02 ; 300,05 ;   7,706209 ;   22,97
42,02 ; 300,10 ;   7,386037 ;   21,52
44,03 ; 300,05 ;   7,026554 ;   20,34
46,03 ; 300,01 ;   8,415040 ;   24,62
48,03 ; 300,05 ;   8,419326 ;   24,76
50,03 ; 300,03 ;   7,027993 ;   20,47
52,03 ; 300,08 ;   8,062070 ;   23,65
54,03 ; 300,09 ;   7,023874 ;   20,40
56,03 ; 300,02 ;   7,702870 ;   22,10
58,03 ; 299,99 ;   8,777663 ;   25,76
60,04 ; 300,06 ;   8,059241 ;   23,76
62,04 ; 299,97 ;   6,664946 ;   19,40
64,04 ; 300,01 ;   9,131456 ;   26,94
66,04 ; 300,02 ;   7,026277 ;   20,95
68,04 ; 300,01 ;   7,696460 ;   22,30
70,04 ; 299,98 ;   8,099733 ;   23,02
72,04 ; 300,03 ;   8,059748 ;   23,78
74,04 ; 299,91 ;   7,027671 ;   20,53
76,04 ; 299,95 ;   9,805894 ;   28,14
78,05 ; 299,98 ;   7,386223 ;   21,48
80,05 ; 299,98 ;   7,384614 ;   21,02
82,05 ; 300,03 ;   7,701610 ;   22,75
84,05 ; 300,01 ;   7,025698 ;   20,53
86,05 ; 300,05 ;   8,101804 ;   23,71
88,05 ; 299,96 ;   7,023783 ;   20,46
90,05 ; 300,02 ;   9,093425 ;   26,96
92,05 ; 300,06 ;   7,027446 ;   20,23
94,06 ; 300,04 ;   7,027107 ;   20,44
96,06 ; 300,03 ;   8,056605 ;   23,61
98,06 ; 300,01 ;   7,742424 ;   22,94
100,06 ; 299,98 ;   8,060060 ;   23,71
102,06 ; 299,97 ;   8,062019 ;   23,78
104,06 ; 300,04 ;   8,054980 ;   23,48
106,06 ; 299,98 ;   6,671536 ;   19,47
108,06 ; 300,03 ;   8,772505 ;   25,16
110,07 ; 299,91 ;   7,024916 ;   20,53
112,07 ; 299,98 ;   9,844130 ;   28,14
114,07 ; 299,97 ;   6,667817 ;   19,63
116,07 ; 299,99 ;   8,095495 ;   23,48
118,07 ; 299,99 ;   7,387622 ;   21,69
120,07 ; 299,97 ;   7,733689 ;   22,72
122,07 ; 300,04 ;   8,098983 ;   23,83
124,07 ; 300,09 ;   6,707459 ;   19,47
126,07 ; 300,05 ;   7,026155 ;   20,36
128,08 ; 299,95 ;   8,056581 ;   23,91
130,08 ; 299,92 ;   9,491774 ;   27,69
132,08 ; 300,01 ;   8,058459 ;   23,97
134,08 ; 299,98 ;   6,353016 ;   18,87
136,08 ; 300,03 ;   8,060572 ;   23,78
138,08 ; 299,95 ;   7,028050 ;   20,53
140,08 ; 299,98 ;   9,134595 ;   26,66
142,08 ; 300,02 ;   7,382466 ;   21,02
144,08 ; 299,96 ;   7,386229 ;   21,27
146,09 ; 299,97 ;   8,772614 ;   25,24
148,09 ; 299,99 ;   7,707398 ;   22,45
150,09 ; 299,97 ;   7,382637 ;   21,69
152,09 ; 300,01 ;   8,064107 ;   23,84
154,09 ; 300,04 ;   7,026205 ;   20,96
156,09 ; 299,99 ;   7,386076 ;   21,20
158,09 ; 300,03 ;   8,417766 ;   24,80
160,09 ; 300,01 ;   7,023506 ;   20,88
162,10 ; 299,97 ;   8,060320 ;   23,72
164,10 ; 299,99 ;   8,422032 ;   24,53
166,10 ; 300,04 ;   7,384537 ;   21,69
168,10 ; 299,95 ;   7,032745 ;   20,51
170,10 ; 299,95 ;   9,483941 ;   27,02
172,10 ; 300,02 ;   7,737259 ;   22,87
174,10 ; 299,99 ;   6,708802 ;   19,55
176,10 ; 300,01 ;   8,057443 ;   23,77
178,10 ; 299,99 ;   7,380661 ;   21,99
180,11 ; 299,96 ;   8,062316 ;   23,42
182,11 ; 299,90 ;   8,419025 ;   24,21
184,11 ; 299,97 ;   8,746961 ;   25,78
186,11 ; 299,88 ;   6,669799 ;   19,70
188,11 ; 299,95 ;   9,493334 ;   27,24
190,11 ; 299,95 ;   6,704946 ;   19,78
192,11 ; 299,95 ;   7,708039 ;   22,89
194,11 ; 299,89 ;   7,732668 ;   22,89
196,12 ; 299,97 ;   8,777037 ;   25,48
198,12 ; 299,97 ;   6,668058 ;   19,38
200,12 ; 300,03 ;   7,738611 ;   22,83
202,12 ; 299,98 ;   6,673406 ;   19,88
204,12 ; 299,99 ;   8,453232 ;   24,86
206,12 ; 300,01 ;   7,741674 ;   22,42
208,12 ; 300,01 ;   7,703224 ;   22,02
210,12 ; 300,08 ;   7,736419 ;   22,71
212,13 ; 299,98 ;   6,675352 ;   19,39
214,13 ; 299,99 ;   9,091921 ;   26,93
216,13 ; 300,03 ;   7,699475 ;   22,41
218,13 ; 299,99 ;   7,026276 ;   20,91
220,13 ; 299,97 ;   8,415453 ;   24,49
222,13 ; 299,99 ;   8,062098 ;   23,87
224,13 ; 299,96 ;   7,387075 ;   21,72
226,13 ; 299,94 ;   8,418144 ;   24,24
228,13 ; 299,97 ;   8,067853 ;   23,97
230,14 ; 300,02 ;   7,346001 ;   21,45
232,14 ; 299,97 ;   7,024999 ;   20,62
234,14 ; 300,05 ;   8,415883 ;   24,91
236,14 ; 300,05 ;   6,308543 ;   18,78
238,14 ; 299,97 ;   7,707512 ;   22,57
240,14 ; 299,99 ;   9,124957 ;   26,63
242,14 ; 300,03 ;   7,384709 ;   21,73
244,14 ; 300,05 ;   7,021973 ;   20,92
246,15 ; 299,90 ;   7,388566 ;   21,54
248,15 ; 299,95 ;   10,161376 ;   29,96
250,15 ; 299,97 ;   7,027450 ;   20,83
252,15 ; 299,91 ;   7,386033 ;   21,80
254,15 ; 299,92 ;   8,773904 ;   25,43
256,15 ; 299,95 ;   7,709295 ;   22,64
258,15 ; 299,99 ;   7,381441 ;   21,88
260,15 ; 299,99 ;   7,029389 ;   20,71
262,15 ; 299,89 ;   7,747089 ;   22,78
264,16 ; 299,97 ;   9,447233 ;   27,58
266,16 ; 299,90 ;   6,670473 ;   19,40
268,16 ; 300,03 ;   9,122900 ;   26,18
270,16 ; 299,96 ;   5,639902 ;   16,80
272,16 ; 299,92 ;   8,775614 ;   26,00
274,16 ; 299,98 ;   8,414414 ;   24,74
276,16 ; 299,92 ;   7,026987 ;   20,06
278,16 ; 300,03 ;   8,771964 ;   25,78
280,17 ; 300,03 ;   5,995046 ;   17,85
282,17 ; 300,05 ;   7,740792 ;   22,68
284,17 ; 299,95 ;   7,380241 ;   21,57
286,17 ; 300,03 ;   9,486991 ;   27,78
288,17 ; 300,05 ;   6,354584 ;   18,88
290,17 ; 299,99 ;   7,382154 ;   21,57
292,17 ; 299,96 ;   8,769183 ;   25,56
294,17 ; 299,97 ;   8,420797 ;   24,27
296,17 ; 299,96 ;   7,732721 ;   22,52
298,18 ; 299,99 ;   8,100230 ;   23,24
300,18 ; 300,02 ;   7,347796 ;   21,42
302,18 ; 299,99 ;   7,384200 ;   21,69
304,18 ; 299,94 ;   8,054496 ;   23,84
306,18 ; 299,96 ;   8,774284 ;   25,39
308,18 ; 300,05 ;   7,376383 ;   21,86
310,18 ; 300,02 ;   6,358338 ;   18,47
312,18 ; 299,98 ;   8,416709 ;   24,46
314,19 ; 299,97 ;   8,420375 ;   24,21
316,19 ; 300,03 ;   8,063772 ;   23,57
318,19 ; 300,01 ;   6,667734 ;   19,92
320,19 ; 299,94 ;   8,054499 ;   23,79
322,19 ; 300,01 ;   9,134469 ;   26,08
324,19 ; 300,02 ;   6,705767 ;   19,65
326,19 ; 300,01 ;   7,706463 ;   22,39
328,19 ; 300,03 ;   8,061714 ;   23,10
330,19 ; 299,98 ;   7,383499 ;   21,65
332,20 ; 300,05 ;   8,416097 ;   24,90
334,20 ; 299,94 ;   6,672602 ;   19,50
336,20 ; 299,94 ;   9,803209 ;   28,15
338,20 ; 299,95 ;   7,706048 ;   22,97
340,20 ; 300,02 ;   7,735307 ;   22,60
342,20 ; 300,06 ;   6,704028 ;   19,63
344,20 ; 300,01 ;   7,028063 ;   20,52
346,20 ; 300,03 ;   8,771065 ;   25,18
348,21 ; 300,03 ;   7,388193 ;   21,65
350,21 ; 300,06 ;   7,699371 ;   22,69
352,21 ; 300,06 ;   7,384871 ;   21,21
354,21 ; 299,99 ;   7,733946 ;   22,59
356,21 ; 300,04 ;   8,776363 ;   25,91
358,21 ; 300,05 ;   7,024170 ;   20,58
360,21 ; 300,13 ;   7,381664 ;   21,91
362,21 ; 300,08 ;   6,668494 ;   19,28
364,21 ; 300,05 ;   8,417600 ;   24,60
366,22 ; 300,01 ;   8,054294 ;   23,63
368,22 ; 300,08 ;   8,448767 ;   24,80
370,22 ; 300,06 ;   6,670045 ;   19,41
372,22 ; 300,01 ;   8,065471 ;   23,25
374,22 ; 300,03 ;   8,743895 ;   25,14
376,22 ; 300,02 ;   7,384803 ;   21,62
378,22 ; 300,09 ;   8,060505 ;   23,39
380,22 ; 299,95 ;   6,667589 ;   19,37
382,23 ; 299,92 ;   10,162311 ;   29,12
384,23 ; 300,08 ;   8,413945 ;   24,02
386,23 ; 299,99 ;   5,278539 ;   15,59
388,23 ; 299,96 ;   9,123703 ;   26,57
390,23 ; 300,01 ;   8,418713 ;   24,24
392,23 ; 300,02 ;   7,024778 ;   20,65
394,23 ; 300,01 ;   7,699776 ;   22,35
396,23 ; 300,04 ;   8,095838 ;   23,07
398,24 ; 300,03 ;   7,380830 ;   21,24
400,24 ; 300,12 ;   7,740513 ;   22,99
402,24 ; 300,03 ;   6,310259 ;   18,58
404,24 ; 300,05 ;   9,131971 ;   26,44
406,24 ; 300,09 ;   7,382750 ;   21,53
408,24 ; 300,06 ;   7,388181 ;   21,09
410,24 ; 299,99 ;   8,058517 ;   23,57
412,24 ; 300,06 ;   8,772414 ;   25,86
414,24 ; 300,03 ;   6,702973 ;   19,42
416,25 ; 300,12 ;   8,410102 ;   24,01
418,25 ; 300,08 ;   6,313184 ;   18,56
420,25 ; 300,08 ;   8,416040 ;   24,20
422,25 ; 300,03 ;   7,740849 ;   22,47
424,25 ; 300,05 ;   8,414967 ;   24,68
426,25 ; 300,03 ;   7,345564 ;   21,50
428,25 ; 299,98 ;   8,094837 ;   23,64
430,25 ; 300,03 ;   8,449740 ;   24,82
432,26 ; 300,02 ;   7,025861 ;   20,53
434,26 ; 300,01 ;   8,100244 ;   23,34
436,26 ; 299,99 ;   8,056423 ;   23,02
438,26 ; 300,03 ;   8,059324 ;   23,41
440,26 ; 300,08 ;   7,025946 ;   20,87
442,26 ; 300,08 ;   7,023578 ;   20,38
444,26 ; 300,04 ;   7,699479 ;   22,45
446,26 ; 300,12 ;   8,416076 ;   24,29
448,26 ; 300,13 ;   6,311993 ;   18,87
450,27 ; 300,06 ;   7,386135 ;   21,95
452,27 ; 299,98 ;   8,774392 ;   25,25
454,27 ; 300,03 ;   9,134262 ;   26,17
456,27 ; 300,02 ;   7,026400 ;   20,50
458,27 ; 299,99 ;   8,063127 ;   23,31
460,27 ; 300,01 ;   8,056883 ;   23,73
462,27 ; 300,01 ;   7,377002 ;   21,95
464,27 ; 299,96 ;   7,745567 ;   22,64
466,28 ; 300,04 ;   8,412879 ;   24,86
468,28 ; 300,01 ;   6,675975 ;   19,10
470,28 ; 299,98 ;   8,416392 ;   24,03
472,28 ; 299,95 ;   8,062720 ;   23,75
474,28 ; 299,92 ;   8,414367 ;   24,56
476,28 ; 300,01 ;   8,061196 ;   23,95
478,28 ; 299,96 ;   6,317182 ;   18,85
480,28 ; 300,06 ;   8,419446 ;   24,87
482,28 ; 299,99 ;   5,990270 ;   17,99
484,29 ; 300,06 ;   8,768402 ;   25,81
486,29 ; 299,99 ;   6,705977 ;   19,37
488,29 ; 299,99 ;   8,774704 ;   25,80
490,29 ; 300,04 ;   7,732147 ;   22,69
492,29 ; 299,98 ;   7,027167 ;   20,48
494,29 ; 300,01 ;   8,769941 ;   25,13
496,29 ; 299,96 ;   7,383605 ;   21,61
498,29 ; 299,99 ;   8,415396 ;   24,86
500,30 ; 299,96 ;   7,345004 ;   21,31
502,30 ; 300,04 ;   8,416173 ;   24,17
504,30 ; 300,02 ;   6,671819 ;   19,10
506,30 ; 300,02 ;   8,063136 ;   23,66
508,30 ; 299,96 ;   7,698877 ;   22,62
510,30 ; 299,99 ;   8,777257 ;   25,21
512,30 ; 299,96 ;   7,347039 ;   21,31
514,30 ; 299,95 ;   8,416423 ;   24,17
516,31 ; 299,98 ;   8,052539 ;   23,53
518,31 ; 300,03 ;   7,027281 ;   21,00
520,31 ; 299,99 ;   7,028469 ;   20,51
522,31 ; 300,02 ;   8,415440 ;   24,43
524,31 ; 299,99 ;   7,341215 ;   21,59
526,31 ; 299,97 ;   8,099358 ;   23,74
528,31 ; 299,96 ;   8,098177 ;   23,81
530,31 ; 300,04 ;   8,059907 ;   23,14
532,31 ; 299,95 ;   6,665332 ;   19,11
534,32 ; 300,05 ;   9,126827 ;   26,99
536,32 ; 300,04 ;   5,995444 ;   17,68
538,32 ; 300,06 ;   8,092836 ;   23,25
540,32 ; 299,96 ;   7,385076 ;   21,45
542,32 ; 300,03 ;   9,482833 ;   27,28
544,32 ; 300,03 ;   6,666527 ;   19,47
546,32 ; 299,99 ;   7,741609 ;   22,58
548,32 ; 299,94 ;   8,418619 ;   24,42
550,32 ; 299,90 ;   8,773842 ;   25,28
552,33 ; 299,99 ;   8,414225 ;   24,71
554,33 ; 299,99 ;   6,310264 ;   18,56
556,33 ; 300,04 ;   7,740898 ;   22,70
558,33 ; 299,97 ;   7,025315 ;   20,49
560,33 ; 299,95 ;   8,738268 ;   25,88
562,33 ; 300,01 ;   8,055732 ;   23,88
564,33 ; 299,96 ;   6,672042 ;   19,90
566,33 ; 299,99 ;   8,421867 ;   24,88
568,34 ; 300,13 ;   7,381658 ;   21,33
570,34 ; 300,06 ;   5,631818 ;   16,43
572,34 ; 299,96 ;   8,770144 ;   25,25
574,34 ; 300,03 ;   9,451176 ;   27,29
576,34 ; 300,01 ;   6,705148 ;   19,47
578,34 ; 300,06 ;   8,058275 ;   23,69
580,34 ; 299,99 ;   7,026969 ;   20,07
582,34 ; 299,95 ;   8,771907 ;   25,81
584,35 ; 300,02 ;   8,415045 ;   24,91
586,35 ; 299,94 ;   6,669733 ;   19,52
588,35 ; 299,96 ;   9,133071 ;   26,32
590,35 ; 299,99 ;   7,374379 ;   21,76
592,35 ; 299,94 ;   7,383134 ;   21,32
594,35 ; 300,04 ;   8,770200 ;   25,29
596,35 ; 299,99 ;   6,316512 ;   18,08
598,35 ; 299,99 ;   8,410325 ;   24,78
600,35 ; 300,06 ;   7,698155 ;   22,71
602,36 ; 299,99 ;   6,702187 ;   19,38
604,36 ; 300,02 ;   8,776720 ;   25,81
606,36 ; 300,02 ;   7,378478 ;   21,60
608,36 ; 300,04 ;   7,741273 ;   22,63
610,36 ; 300,02 ;   7,376068 ;   21,52
612,36 ; 299,98 ;   8,099685 ;   23,67
614,36 ; 299,98 ;   8,413725 ;   24,11
616,36 ; 300,01 ;   7,740251 ;   22,72
618,37 ; 300,01 ;   7,375069 ;   21,62
620,37 ; 299,97 ;   7,741984 ;   22,65
622,37 ; 300,01 ;   8,411991 ;   24,50
624,37 ; 300,01 ;   7,023288 ;   20,93
626,37 ; 299,99 ;   7,697498 ;   22,65
628,37 ; 299,97 ;   8,097054 ;   23,39
630,37 ; 300,02 ;   8,061532 ;   23,81
632,37 ; 300,03 ;   7,022511 ;   20,56
634,37 ; 299,96 ;   7,344628 ;   21,89
636,38 ; 299,97 ;   8,772788 ;   25,90
638,38 ; 299,92 ;   7,699400 ;   22,43
640,38 ; 300,02 ;   8,412827 ;   24,99
642,38 ; 299,99 ;   6,312470 ;   18,49
644,38 ; 299,91 ;   8,097450 ;   23,74
646,38 ; 300,03 ;   9,089789 ;   26,40
648,38 ; 300,01 ;   5,988775 ;   17,41
650,38 ; 300,03 ;   8,055582 ;   23,70
652,39 ; 299,97 ;   7,380762 ;   21,55
654,39 ; 299,97 ;   8,775434 ;   25,54
656,39 ; 300,02 ;   7,698503 ;   22,78
658,39 ; 299,98 ;   7,027422 ;   20,57
660,39 ; 300,02 ;   8,414330 ;   24,12
662,39 ; 299,97 ;   7,383320 ;   21,26
664,39 ; 299,97 ;   8,414751 ;   24,86
666,39 ; 299,95 ;   7,705412 ;   22,78
668,39 ; 299,96 ;   8,057194 ;   23,89
670,40 ; 299,92 ;   7,733893 ;   22,12
672,40 ; 299,94 ;   8,417361 ;   24,66
674,40 ; 299,97 ;   7,733738 ;   22,20
676,40 ; 300,03 ;   7,381328 ;   21,42
678,40 ; 299,96 ;   6,668654 ;   19,84
680,40 ; 299,95 ;   8,735823 ;   25,93
682,40 ; 299,97 ;   8,057309 ;   23,56
684,40 ; 300,01 ;   7,383095 ;   21,77
686,41 ; 299,95 ;   7,028422 ;   20,96
688,41 ; 299,99 ;   8,768460 ;   25,64
690,41 ; 299,89 ;   6,993568 ;   20,66
692,41 ; 299,98 ;   9,486545 ;   27,54
694,41 ; 299,99 ;   6,346502 ;   18,62
696,41 ; 300,01 ;   7,699784 ;   22,40
698,41 ; 299,95 ;   7,742423 ;   22,00
700,41 ; 299,99 ;   8,766903 ;   25,65
702,42 ; 300,01 ;   7,027434 ;   20,67
704,42 ; 299,96 ;   7,735361 ;   22,01
706,42 ; 300,01 ;   8,413008 ;   24,91
708,42 ; 299,96 ;   7,022960 ;   20,63
710,42 ; 300,03 ;   8,415982 ;   24,91
712,42 ; 299,91 ;   6,666001 ;   19,52
714,42 ; 300,05 ;   9,840633 ;   28,17
716,42 ; 300,06 ;   5,632563 ;   16,34
718,42 ; 299,98 ;   7,740159 ;   22,19
720,43 ; 299,99 ;   9,096753 ;   26,22
722,43 ; 299,90 ;   7,696125 ;   22,40
724,43 ; 299,97 ;   9,483035 ;   27,18
726,43 ; 299,94 ;   6,665254 ;   19,71
728,43 ; 299,98 ;   8,416620 ;   24,30
730,43 ; 300,05 ;   7,022965 ;   20,71
732,43 ; 300,06 ;   6,668434 ;   19,46
734,43 ; 300,04 ;   7,700067 ;   22,19
736,43 ; 300,05 ;   8,097097 ;   23,64
738,44 ; 300,01 ;   7,341448 ;   21,87
740,44 ; 299,97 ;   8,416690 ;   24,77
742,44 ; 300,01 ;   8,415101 ;   24,55
744,44 ; 300,03 ;   7,025560 ;   20,97
746,44 ; 300,05 ;   7,387331 ;   21,59
748,44 ; 300,05 ;   7,382059 ;   21,52
750,44 ; 300,08 ;   7,702672 ;   22,55
752,44 ; 300,03 ;   7,383899 ;   21,44
754,45 ; 299,95 ;   8,411775 ;   24,69
756,45 ; 299,99 ;   9,093982 ;   26,68
758,45 ; 299,97 ;   7,022327 ;   20,66
760,45 ; 300,04 ;   8,057616 ;   23,85
762,45 ; 300,02 ;   6,667816 ;   19,49
764,45 ; 300,05 ;   8,052135 ;   23,70
766,45 ; 300,05 ;   7,023789 ;   20,82
768,45 ; 299,99 ;   7,738651 ;   22,54
770,46 ; 300,08 ;   8,768305 ;   25,50
772,46 ; 300,02 ;   6,347129 ;   18,67
774,46 ; 299,99 ;   8,766985 ;   25,42
776,46 ; 299,90 ;   8,091307 ;   23,76
778,46 ; 299,96 ;   9,485660 ;   27,16
780,46 ; 300,04 ;   7,026217 ;   20,06
782,46 ; 299,92 ;   6,672840 ;   19,14
784,46 ; 299,99 ;   9,839814 ;   28,13
786,46 ; 299,99 ;   6,666647 ;   19,63
788,47 ; 300,02 ;   7,737458 ;   22,74
790,47 ; 299,98 ;   7,346114 ;   21,63
792,47 ; 299,96 ;   8,415311 ;   24,14
794,47 ; 299,97 ;   8,091929 ;   23,87
796,47 ; 300,09 ;   7,735871 ;   22,46
798,47 ; 300,04 ;   5,953634 ;   17,27
800,47 ; 300,01 ;   8,418014 ;   24,67
802,47 ; 299,99 ;   8,412564 ;   24,07
804,47 ; 300,03 ;   8,093095 ;   23,42
806,48 ; 300,01 ;   7,026050 ;   20,89
808,48 ; 300,01 ;   8,095279 ;   23,72
810,48 ; 299,98 ;   7,739264 ;   22,68
812,48 ; 300,03 ;   8,053818 ;   23,79
814,48 ; 300,05 ;   7,024487 ;   20,54
816,48 ; 300,02 ;   7,383860 ;   21,50
818,48 ; 299,99 ;   8,417471 ;   24,38
820,48 ; 300,02 ;   8,060406 ;   23,76
822,49 ; 300,05 ;   7,342796 ;   21,62
824,49 ; 300,01 ;   7,025627 ;   20,81
826,49 ; 300,06 ;   8,416769 ;   24,75
828,49 ; 300,06 ;   7,022684 ;   20,09
830,49 ; 300,02 ;   7,737619 ;   22,51
832,49 ; 300,04 ;   8,417693 ;   24,72
834,49 ; 299,95 ;   7,385910 ;   21,54
836,49 ; 299,88 ;   9,448247 ;   27,00
838,49 ; 300,01 ;   9,086874 ;   26,19
840,50 ; 300,05 ;   5,631173 ;   16,80
842,50 ; 299,94 ;   7,024836 ;   20,46
844,50 ; 299,98 ;   9,799175 ;   28,07
846,50 ; 300,05 ;   7,024587 ;   20,67
848,50 ; 299,95 ;   6,706495 ;   19,42
850,50 ; 300,03 ;   9,449829 ;   27,70
852,50 ; 299,95 ;   6,308380 ;   18,80
854,50 ; 300,04 ;   9,126941 ;   26,67
856,51 ; 300,10 ;   6,347921 ;   18,44
858,51 ; 300,10 ;   6,665569 ;   19,63
860,51 ; 299,97 ;   7,738912 ;   22,38
862,51 ; 300,04 ;   9,800655 ;   28,66
864,51 ; 299,98 ;   6,665467 ;   19,46
866,51 ; 300,01 ;   8,769751 ;   25,16
868,51 ; 299,98 ;   7,349558 ;   21,63
870,51 ; 300,03 ;   8,059879 ;   23,77
872,51 ; 300,01 ;   7,026438 ;   20,52
874,52 ; 300,05 ;   8,053644 ;   23,70
876,52 ; 299,95 ;   7,023341 ;   20,45
878,52 ; 300,06 ;   9,485840 ;   27,69
880,52 ; 299,99 ;   5,995587 ;   17,32
882,52 ; 300,01 ;   8,767748 ;   25,82
884,52 ; 300,04 ;   7,347915 ;   21,97
886,52 ; 300,02 ;   7,384246 ;   21,18
888,52 ; 299,98 ;   8,062078 ;   23,67
890,52 ; 300,10 ;   8,415179 ;   24,11
892,53 ; 300,01 ;   5,959105 ;   17,19
894,53 ; 300,05 ;   9,130649 ;   26,80
896,53 ; 300,01 ;   7,026676 ;   20,44
898,53 ; 300,05 ;   8,412674 ;   24,72
900,53 ; 300,01 ;   7,026864 ;   20,43
902,53 ; 300,02 ;   8,449801 ;   24,72
904,53 ; 299,91 ;   7,744409 ;   22,28
906,53 ; 300,05 ;   9,454040 ;   27,42
908,54 ; 299,98 ;   5,601568 ;   16,29
910,54 ; 299,97 ;   8,769333 ;   25,83
912,54 ; 299,99 ;   8,057478 ;   23,46
914,54 ; 299,99 ;   7,387213 ;   21,66
916,54 ; 299,98 ;   7,703640 ;   22,70
918,54 ; 299,95 ;   8,060181 ;   23,07
920,54 ; 299,94 ;   8,416544 ;   24,57
922,54 ; 299,96 ;   8,057857 ;   23,21
924,54 ; 299,94 ;   7,376497 ;   21,76
926,55 ; 300,01 ;   8,060576 ;   23,91
928,55 ; 299,98 ;   6,667036 ;   19,56
930,55 ; 300,12 ;   8,058859 ;   23,77
932,55 ; 300,02 ;   5,634697 ;   16,46
934,55 ; 299,98 ;   9,487985 ;   27,12
936,55 ; 300,08 ;   8,417050 ;   24,11
938,55 ; 300,02 ;   6,308821 ;   18,30
940,55 ; 300,03 ;   8,773190 ;   25,40
942,56 ; 300,04 ;   7,343573 ;   21,89
944,56 ; 300,01 ;   7,746623 ;   22,21
946,56 ; 300,04 ;   8,413808 ;   24,03
948,56 ; 300,09 ;   7,348155 ;   21,17
950,56 ; 299,97 ;   7,026888 ;   20,34
952,56 ; 300,06 ;   9,482325 ;   27,94
954,56 ; 299,99 ;   6,349800 ;   18,33
956,56 ; 299,97 ;   8,771207 ;   25,80
958,56 ; 300,06 ;   8,095622 ;   23,80
960,57 ; 299,99 ;   6,352191 ;   18,33
962,57 ; 299,95 ;   8,772807 ;   25,80
964,57 ; 300,01 ;   8,448100 ;   24,90
966,57 ; 299,92 ;   6,670974 ;   19,88
968,57 ; 300,06 ;   9,131517 ;   26,71
970,57 ; 300,03 ;   5,632216 ;   16,26
972,57 ; 299,98 ;   8,062052 ;   23,95
974,57 ; 299,98 ;   8,416376 ;   24,79
976,57 ; 299,99 ;   7,740646 ;   22,71
978,58 ; 299,99 ;   7,697163 ;   22,35
980,58 ; 300,03 ;   7,739424 ;   22,69
982,58 ; 300,12 ;   7,021476 ;   20,84
984,58 ; 299,98 ;   6,309188 ;   18,51
986,58 ; 299,98 ;   9,841834 ;   28,58
988,58 ; 299,99 ;   7,700315 ;   22,71
990,58 ; 299,94 ;   7,741082 ;   22,34
992,58 ; 299,96 ;   8,775671 ;   25,27
994,59 ; 299,92 ;   7,381163 ;   21,75
996,59 ; 300,02 ;   8,414796 ;   24,63
998,59 ; 299,95 ;   6,354080 ;   18,48
1000,59 ; 299,98 ;   8,771897 ;   25,95
1002,59 ; 299,97 ;   7,029196 ;   20,99
1004,59 ; 299,95 ;   8,096521 ;   23,46
1006,59 ; 299,92 ;   8,097443 ;   23,88
1008,59 ; 299,92 ;   8,061085 ;   23,95
1010,59 ; 300,04 ;   7,700663 ;   22,92
1012,60 ; 300,08 ;   5,998519 ;   17,39
1014,60 ; 299,94 ;   7,025149 ;   20,72
1016,60 ; 300,03 ;   10,159012 ;   29,09
1018,60 ; 300,02 ;   6,352560 ;   18,44
1020,60 ; 299,97 ;   8,059048 ;   23,33
1022,60 ; 299,96 ;   8,414593 ;   24,85
1024,60 ; 299,97 ;   8,060388 ;   23,15
1026,60 ; 299,97 ;   7,704637 ;   22,43
1028,60 ; 299,94 ;   7,734370 ;   22,78
1030,61 ; 299,98 ;   8,451118 ;   24,26
1032,61 ; 300,01 ;   7,029499 ;   20,67
1034,61 ; 299,94 ;   7,382829 ;   21,63
1036,61 ; 299,94 ;   8,767770 ;   25,99
1038,61 ; 300,01 ;   7,741868 ;   22,89
1040,61 ; 299,94 ;   6,675372 ;   19,56
1042,61 ; 300,03 ;   8,767714 ;   26,00
1044,61 ; 300,04 ;   6,316321 ;   18,46
1046,62 ; 300,04 ;   7,743302 ;   22,23
1048,62 ; 300,04 ;   7,733325 ;   22,58
1050,62 ; 299,97 ;   7,739694 ;   22,58
1052,62 ; 299,97 ;   8,771197 ;   25,90
1054,62 ; 299,92 ;   7,739571 ;   22,79
1056,62 ; 299,96 ;   8,775463 ;   25,01
1058,62 ; 299,98 ;   7,378133 ;   21,09
1060,62 ; 299,99 ;   7,346143 ;   21,71
1062,62 ; 299,98 ;   7,741858 ;   22,38
1064,63 ; 299,98 ;   8,062484 ;   23,10
1066,63 ; 300,01 ;   7,700342 ;   22,75
1068,63 ; 300,03 ;   7,381479 ;   21,64
1070,63 ; 300,05 ;   7,342409 ;   21,57
1072,63 ; 300,04 ;   7,385329 ;   21,50
1074,63 ; 300,03 ;   8,059700 ;   23,27
1076,63 ; 300,09 ;   7,732790 ;   22,95
1078,63 ; 300,06 ;   7,026279 ;   20,02
1080,63 ; 300,02 ;   8,099718 ;   23,54
1082,64 ; 299,95 ;   8,421135 ;   24,72
1084,64 ; 300,04 ;   8,776742 ;   25,96
1086,64 ; 300,04 ;   6,312545 ;   18,43
1088,64 ; 299,97 ;   7,740911 ;   22,57
1090,64 ; 300,01 ;   8,769452 ;   25,89
1092,64 ; 299,96 ;   7,028435 ;   20,94
1094,64 ; 300,03 ;   8,452765 ;   24,88
1096,64 ; 299,98 ;   6,669337 ;   19,49
1098,65 ; 299,99 ;   8,451153 ;   24,81
1100,65 ; 299,99 ;   7,744437 ;   22,37
1102,65 ; 299,96 ;   7,698321 ;   22,71
1104,65 ; 300,01 ;   8,418125 ;   24,19
1106,65 ; 299,99 ;   7,025798 ;   20,60
1108,65 ; 299,97 ;   8,058214 ;   23,41
1110,65 ; 300,04 ;   8,059282 ;   23,82
1112,65 ; 299,99 ;   6,702887 ;   19,47
1114,65 ; 299,99 ;   8,419888 ;   24,79
1116,66 ; 300,05 ;   7,743276 ;   22,72
1118,66 ; 299,99 ;   6,670889 ;   19,76
1120,66 ; 299,98 ;   8,772853 ;   25,48
1122,66 ; 299,99 ;   8,098601 ;   23,08
1124,66 ; 299,94 ;   7,696683 ;   22,37
1126,66 ; 299,88 ;   8,775750 ;   25,30
1128,66 ; 299,99 ;   8,773866 ;   25,84
1130,66 ; 299,94 ;   5,955407 ;   17,54
1132,67 ; 300,01 ;   8,771625 ;   25,31
1134,67 ; 299,96 ;   6,671316 ;   19,57
1136,67 ; 300,03 ;   8,449385 ;   24,90
1138,67 ; 299,99 ;   6,668905 ;   19,50
1140,67 ; 299,98 ;   8,451666 ;   24,46
1142,67 ; 300,03 ;   8,090999 ;   23,10
1144,67 ; 299,97 ;   7,028845 ;   20,54
1146,67 ; 299,97 ;   8,774213 ;   25,56
1148,67 ; 300,06 ;   7,697011 ;   22,80
1150,68 ; 299,96 ;   6,351001 ;   18,37
1152,68 ; 300,04 ;   9,448218 ;   27,32
1154,68 ; 300,06 ;   6,666605 ;   19,13
1156,68 ; 300,02 ;   7,379673 ;   21,48
1158,68 ; 299,99 ;   8,413550 ;   24,73
1160,68 ; 300,05 ;   8,056192 ;   23,76
1162,68 ; 299,94 ;   6,671912 ;   19,77
1164,68 ; 299,97 ;   9,805598 ;   28,07
1166,69 ; 300,04 ;   7,376645 ;   21,41
1168,69 ; 300,02 ;   6,705066 ;   19,48
1170,69 ; 300,09 ;   8,065291 ;   23,69
1172,69 ; 300,03 ;   6,669410 ;   19,33
1174,69 ; 300,08 ;   8,772210 ;   25,02
1176,69 ; 299,99 ;   7,020733 ;   20,38
1178,69 ; 299,94 ;   9,125958 ;   26,51
1180,69 ; 300,05 ;   8,770443 ;   25,30
1182,69 ; 300,02 ;   5,954558 ;   17,35
1184,70 ; 300,06 ;   8,415618 ;   24,37
1186,70 ; 300,08 ;   7,028884 ;   20,43
1188,70 ; 300,02 ;   7,388601 ;   21,76
1190,70 ; 300,10 ;   8,772678 ;   25,40
1192,70 ; 300,06 ;   6,353303 ;   18,57
1194,70 ; 300,02 ;   8,418335 ;   24,21
1196,70 ; 299,98 ;   8,415371 ;   24,70
1198,70 ; 299,99 ;   8,413758 ;   24,10
1200,70 ; 299,98 ;   7,707409 ;   22,35
1202,71 ; 299,98 ;   8,060907 ;   23,07
1204,71 ; 300,01 ;   7,702100 ;   22,72
1206,71 ; 300,04 ;   7,384928 ;   21,61
1208,71 ; 300,05 ;   7,342704 ;   21,17
1210,71 ; 300,01 ;   7,385641 ;   21,82
1212,71 ; 300,06 ;   8,413855 ;   24,72
1214,71 ; 300,05 ;   7,025030 ;   20,06
1216,71 ; 300,08 ;   7,702603 ;   22,85
1218,72 ; 300,08 ;   7,382773 ;   21,39
1220,72 ; 300,02 ;   7,701925 ;   22,42
1222,72 ; 300,09 ;   8,770913 ;   25,37
1224,72 ; 300,04 ;   6,669975 ;   19,28
1226,72 ; 300,05 ;   8,414072 ;   24,61
1228,72 ; 300,05 ;   7,344320 ;   21,79
1230,72 ; 300,06 ;   7,740050 ;   22,48
1232,72 ; 300,08 ;   7,696695 ;   22,11
1234,72 ; 300,04 ;   7,385088 ;   21,71
1236,73 ; 299,97 ;   8,413097 ;   24,25
1238,73 ; 299,99 ;   8,769768 ;   25,84
1240,73 ; 300,04 ;   7,390242 ;   21,62
1242,73 ; 300,01 ;   7,025878 ;   20,44
1244,73 ; 299,98 ;   8,059927 ;   23,99
1246,73 ; 299,96 ;   8,062330 ;   23,72
1248,73 ; 300,01 ;   8,055873 ;   23,79
1250,73 ; 299,94 ;   7,024243 ;   20,54
1252,74 ; 299,97 ;   8,770031 ;   25,94
1254,74 ; 299,99 ;   7,386492 ;   21,35
1256,74 ; 300,02 ;   7,378930 ;   21,63
1258,74 ; 299,96 ;   7,348075 ;   21,56
1260,74 ; 299,98 ;   8,774792 ;   25,18
1262,74 ; 300,03 ;   7,376078 ;   21,65
1264,74 ; 299,96 ;   7,023534 ;   20,48
1266,74 ; 300,01 ;   8,738980 ;   25,87
1268,74 ; 299,98 ;   7,026492 ;   20,55
1270,75 ; 299,97 ;   8,057814 ;   23,73
1272,75 ; 300,02 ;   8,054055 ;   23,43
1274,75 ; 299,96 ;   7,025210 ;   20,53
1276,75 ; 299,94 ;   8,772009 ;   25,18
1278,75 ; 299,95 ;   8,054316 ;   23,87
1280,75 ; 299,94 ;   7,741169 ;   22,47
1282,75 ; 299,97 ;   8,064389 ;   23,19
1284,75 ; 300,03 ;   7,343130 ;   21,37
1286,76 ; 299,97 ;   6,667791 ;   19,80
1288,76 ; 300,01 ;   8,776393 ;   25,52
1290,76 ; 300,05 ;   7,024237 ;   20,91
1292,76 ; 299,98 ;   7,025994 ;   20,42
1294,76 ; 300,01 ;   8,773194 ;   25,81
1296,76 ; 299,96 ;   7,346691 ;   21,60
1298,76 ; 300,03 ;   8,448358 ;   24,85
1300,76 ; 299,97 ;   6,668466 ;   19,45
1302,76 ; 299,92 ;   8,773750 ;   25,52
1304,77 ; 299,99 ;   8,413634 ;   24,97
1306,77 ; 300,01 ;   6,669961 ;   19,58
1308,77 ; 299,98 ;   7,379940 ;   21,95
1310,77 ; 300,02 ;   8,057062 ;   23,74
1312,77 ; 299,99 ;   7,378463 ;   21,23
1314,77 ; 299,94 ;   8,096702 ;   23,72
1316,77 ; 299,97 ;   8,768705 ;   25,27
1318,77 ; 299,98 ;   7,388254 ;   21,38
1320,78 ; 299,98 ;   7,701704 ;   22,02
1322,78 ; 299,95 ;   7,738542 ;   22,71
1324,78 ; 299,92 ;   8,451165 ;   24,56
1326,78 ; 299,94 ;   8,093200 ;   23,95
1328,78 ; 299,99 ;   7,744058 ;   22,17
1330,78 ; 299,90 ;   7,021574 ;   20,28
1332,78 ; 299,94 ;   9,446960 ;   27,13
1334,78 ; 299,98 ;   7,348037 ;   21,15
1336,78 ; 299,98 ;   7,030396 ;   20,66
1338,79 ; 299,98 ;   7,736500 ;   22,74
1340,79 ; 300,06 ;   7,742814 ;   22,74
1342,79 ; 300,04 ;   6,676236 ;   19,04
1344,79 ; 300,09 ;   8,056361 ;   23,60
1346,79 ; 300,03 ;   7,024655 ;   20,35
1348,79 ; 300,05 ;   8,772816 ;   25,00
1350,79 ; 299,99 ;   7,387013 ;   21,47
1352,79 ; 300,05 ;   8,772946 ;   25,46
1354,79 ; 300,03 ;   6,670063 ;   19,75
1356,80 ; 299,97 ;   8,055820 ;   23,61
1358,80 ; 299,97 ;   8,769182 ;   25,53
1360,80 ; 299,95 ;   7,701505 ;   22,77
1362,80 ; 299,96 ;   8,056366 ;   23,88
1364,80 ; 300,05 ;   7,732452 ;   22,11
1366,80 ; 300,08 ;   6,346847 ;   18,37
1368,80 ; 300,01 ;   7,382779 ;   21,40
1370,80 ; 299,97 ;   8,768762 ;   25,76
1372,81 ; 299,98 ;   8,445833 ;   24,49
1374,81 ; 299,99 ;   7,741063 ;   22,03
1376,81 ; 300,12 ;   7,703355 ;   22,35
1378,81 ; 300,03 ;   5,636196 ;   16,79
1380,81 ; 300,03 ;   9,131547 ;   26,37
1382,81 ; 299,98 ;   7,735462 ;   22,57
1384,81 ; 300,01 ;   8,449909 ;   24,79
1386,81 ; 300,13 ;   7,385760 ;   21,61
1388,81 ; 300,01 ;   5,952778 ;   17,10
1390,82 ; 299,99 ;   9,485376 ;   27,82
1392,82 ; 300,02 ;   8,095731 ;   23,37
1394,82 ; 300,05 ;   7,384910 ;   21,58
1396,82 ; 300,03 ;   7,023350 ;   20,76
1398,82 ; 299,98 ;   8,062567 ;   23,60
1400,82 ; 300,03 ;   8,414646 ;   24,78
1402,82 ; 299,95 ;   7,022123 ;   20,49
1404,82 ; 300,02 ;   9,094087 ;   26,62
1406,83 ; 299,99 ;   6,666885 ;   19,50
1408,83 ; 299,99 ;   8,057302 ;   23,72
1410,83 ; 299,94 ;   7,745150 ;   22,68
1412,83 ; 299,99 ;   8,776390 ;   25,27
1414,83 ; 300,01 ;   7,024750 ;   20,26
1416,83 ; 299,98 ;   7,378104 ;   21,95
1418,83 ; 299,99 ;   8,094554 ;   23,74
1420,83 ; 299,96 ;   7,742054 ;   22,34
1422,83 ; 299,99 ;   8,408604 ;   24,16
1424,84 ; 300,02 ;   7,375925 ;   21,31
1426,84 ; 300,02 ;   7,383641 ;   21,58
1428,84 ; 299,99 ;   7,698637 ;   22,61
1430,84 ; 300,01 ;   8,062056 ;   23,72
1432,84 ; 300,03 ;   7,381643 ;   21,95
1434,84 ; 300,05 ;   7,374110 ;   21,53
1436,84 ; 299,98 ;   7,345358 ;   21,46
1438,84 ; 300,05 ;   8,773692 ;   25,81
1440,84 ; 299,99 ;   6,665847 ;   19,38
1442,85 ; 299,94 ;   8,770262 ;   25,44
1444,85 ; 300,03 ;   8,767153 ;   25,27
1446,85 ; 299,91 ;   6,345659 ;   18,42
1448,85 ; 300,01 ;   9,807518 ;   28,10
1450,85 ; 300,03 ;   6,345273 ;   18,49
1452,85 ; 299,99 ;   7,344422 ;   21,53
1454,85 ; 300,03 ;   8,416477 ;   24,41
1456,85 ; 300,04 ;   7,024725 ;   20,84
1458,86 ; 299,90 ;   7,734670 ;   22,19
1460,86 ; 299,97 ;   10,161860 ;   29,18
1462,86 ; 300,02 ;   6,666338 ;   19,65
1464,86 ; 299,98 ;   7,023985 ;   20,54
1466,86 ; 299,99 ;   8,414615 ;   24,09
1468,86 ; 300,05 ;   7,695226 ;   22,34
1470,86 ; 299,98 ;   6,700798 ;   19,73
1472,86 ; 299,89 ;   8,768060 ;   25,82
1474,87 ; 299,98 ;   9,483660 ;   27,14
1476,87 ; 299,95 ;   6,348502 ;   18,57
1478,87 ; 300,03 ;   8,411233 ;   24,56
1480,87 ; 299,95 ;   6,351015 ;   18,77
1482,87 ; 300,05 ;   9,123804 ;   26,64
1484,87 ; 300,06 ;   5,990686 ;   17,67
1486,87 ; 300,03 ;   7,700424 ;   22,13
1488,87 ; 299,99 ;   8,093880 ;   23,95
1490,87 ; 300,10 ;   8,447536 ;   24,42
1492,88 ; 300,15 ;   5,998904 ;   17,52
1494,88 ; 299,96 ;   7,029050 ;   20,13
1496,88 ; 300,08 ;   10,866280 ;   31,06
1498,88 ; 299,99 ;   5,952254 ;   17,23
1500,88 ; 299,99 ;   9,090283 ;   26,47
1502,88 ; 300,02 ;   7,697595 ;   22,67
1504,88 ; 300,05 ;   7,387239 ;   21,57
1506,88 ; 300,01 ;   7,026779 ;   20,76
1508,88 ; 300,04 ;   8,415106 ;   24,70
1510,89 ; 300,03 ;   7,376462 ;   21,15
1512,89 ; 299,99 ;   7,740175 ;   22,90
1514,89 ; 299,91 ;   8,415316 ;   24,39
1516,89 ; 299,96 ;   9,130266 ;   26,36
1518,89 ; 299,97 ;   7,023435 ;   20,69
1520,89 ; 300,01 ;   7,708165 ;   22,40
1522,89 ; 299,98 ;   7,024668 ;   20,90
1524,89 ; 300,05 ;   8,057144 ;   23,74
1526,90 ; 300,04 ;   6,667626 ;   19,38
1528,90 ; 299,92 ;   8,098229 ;   23,22
1530,90 ; 299,99 ;   9,804771 ;   28,07
1532,90 ; 300,05 ;   6,663037 ;   19,57
1534,90 ; 299,96 ;   6,666958 ;   19,72
1536,90 ; 299,98 ;   9,121868 ;   26,91
1538,90 ; 299,91 ;   7,378825 ;   21,66
1540,90 ; 300,03 ;   9,120132 ;   26,02
1542,90 ; 300,04 ;   5,990716 ;   17,38
1544,91 ; 299,99 ;   7,707788 ;   22,19
1546,91 ; 299,95 ;   8,413623 ;   24,75
1548,91 ; 300,04 ;   8,410841 ;   24,89
1550,91 ; 300,08 ;   6,315764 ;   18,39
1552,91 ; 300,01 ;   7,025920 ;   20,69
1554,91 ; 299,99 ;   8,766940 ;   25,74
1556,91 ; 300,01 ;   8,089000 ;   23,36
1558,91 ; 300,01 ;   7,378705 ;   21,93
1560,91 ; 300,01 ;   7,738093 ;   22,63
1562,92 ; 300,01 ;   7,705205 ;   22,63
1564,92 ; 299,99 ;   7,695902 ;   22,62
1566,92 ; 299,98 ;   8,091433 ;   23,36
1568,92 ; 299,97 ;   8,092987 ;   23,04
1570,92 ; 300,01 ;   8,058811 ;   23,44
1572,92 ; 299,94 ;   7,022339 ;   20,90
1574,92 ; 299,99 ;   8,766294 ;   25,95
1576,92 ; 299,99 ;   7,026542 ;   20,26
1578,93 ; 300,01 ;   7,738198 ;   22,68
1580,93 ; 300,01 ;   7,378802 ;   21,94
1582,93 ; 299,97 ;   7,740924 ;   22,63
1584,93 ; 299,98 ;   8,447416 ;   24,48
1586,93 ; 299,98 ;   7,736905 ;   22,01
1588,93 ; 299,98 ;   7,739989 ;   22,70
1590,93 ; 299,94 ;   7,695897 ;   22,70
1592,93 ; 300,08 ;   8,414848 ;   24,92
1594,93 ; 300,01 ;   5,632898 ;   16,20
1596,94 ; 300,06 ;   8,769539 ;   25,74
1598,94 ; 299,95 ;   7,023721 ;   20,05
1600,94 ; 300,01 ;   9,840543 ;   28,00
1602,94 ; 299,95 ;   6,668902 ;   19,87
1604,94 ; 299,94 ;   8,771237 ;   25,59
1606,94 ; 299,97 ;   8,056053 ;   23,19
1608,94 ; 299,96 ;   7,380505 ;   21,37
1610,94 ; 299,92 ;   8,053912 ;   23,13
1612,94 ; 300,02 ;   8,410481 ;   24,63
1614,95 ; 299,97 ;   6,308433 ;   18,47
1616,95 ; 300,01 ;   8,411365 ;   24,84
1618,95 ; 300,01 ;   7,026471 ;   20,92
1620,95 ; 300,02 ;   7,732878 ;   22,65
1622,95 ; 300,03 ;   7,740581 ;   22,28
1624,95 ; 299,98 ;   7,343662 ;   21,88
1626,95 ; 300,13 ;   8,414563 ;   24,79
1628,95 ; 299,98 ;   5,641812 ;   16,07
1630,95 ; 300,02 ;   9,804679 ;   28,93
1632,96 ; 299,99 ;   7,342386 ;   21,23
1634,96 ; 300,03 ;   8,091107 ;   23,72
1636,96 ; 299,97 ;   7,023791 ;   20,84
1638,96 ; 300,12 ;   8,771178 ;   25,52
1640,96 ; 299,96 ;   5,276684 ;   15,74
1642,96 ; 299,95 ;   10,162219 ;   29,69
1644,96 ; 300,01 ;   8,096170 ;   23,52
1646,96 ; 299,94 ;   6,699954 ;   19,87
1648,97 ; 299,95 ;   8,764591 ;   25,96
1650,97 ; 299,97 ;   7,738637 ;   22,48
1652,97 ; 299,96 ;   7,337661 ;   21,72
1654,97 ; 299,97 ;   8,097414 ;   23,13
1656,97 ; 299,92 ;   7,739649 ;   22,42
1658,97 ; 299,97 ;   8,412224 ;   24,98
1660,97 ; 299,96 ;   7,025186 ;   20,70
1662,97 ; 300,03 ;   8,092809 ;   23,14
1664,97 ; 299,94 ;   6,702698 ;   19,47
1666,98 ; 299,94 ;   9,448251 ;   27,01
1668,98 ; 299,97 ;   7,738877 ;   22,87
1670,98 ; 299,99 ;   7,373869 ;   21,40
1672,98 ; 300,02 ;   7,343171 ;   21,67
1674,98 ; 300,02 ;   7,379518 ;   21,60
1676,98 ; 299,99 ;   7,728321 ;   22,64
1678,98 ; 300,01 ;   8,095381 ;   23,74
1680,98 ; 300,01 ;   7,384149 ;   21,97
1682,98 ; 300,01 ;   7,697582 ;   22,66
1684,99 ; 299,95 ;   7,741284 ;   22,66
1686,99 ; 299,97 ;   8,767130 ;   25,61
1688,99 ; 299,94 ;   7,381976 ;   21,74
1690,99 ; 299,99 ;   8,417181 ;   24,26
1692,99 ; 299,91 ;   7,021143 ;   20,30
1694,99 ; 300,03 ;   9,121639 ;   26,41
1696,99 ; 300,04 ;   5,948924 ;   17,41
1698,99 ; 299,99 ;   7,740584 ;   22,23
1700,99 ; 300,04 ;   8,408746 ;   24,79
1703,00 ; 300,02 ;   7,017268 ;   20,50
1705,00 ; 299,97 ;   8,057271 ;   23,68
1707,00 ; 299,97 ;   8,409020 ;   24,86
1709,00 ; 299,98 ;   7,695291 ;   22,79
1711,00 ; 299,94 ;   7,729095 ;   22,05
1713,00 ; 299,92 ;   8,444975 ;   24,96
1715,00 ; 299,95 ;   8,096255 ;   23,63
1717,00 ; 300,02 ;   7,343483 ;   21,83
1719,01 ; 299,94 ;   6,665566 ;   19,55
1721,01 ; 300,02 ;   9,126864 ;   26,35
1723,01 ; 300,02 ;   6,699684 ;   19,20
1725,01 ; 300,02 ;   7,697182 ;   22,66
1727,01 ; 300,04 ;   7,728166 ;   22,66
1729,01 ; 300,03 ;   7,381267 ;   21,55
1731,01 ; 300,01 ;   7,732955 ;   22,95
1733,01 ; 299,92 ;   8,089680 ;   23,71
1735,01 ; 300,01 ;   9,125434 ;   26,74
1737,02 ; 300,01 ;   6,304657 ;   18,88
1739,02 ; 300,02 ;   7,736189 ;   22,68
1741,02 ; 299,96 ;   7,699738 ;   22,31
1743,02 ; 299,97 ;   8,762297 ;   25,24
1745,02 ; 300,03 ;   7,700274 ;   22,45
1747,02 ; 300,03 ;   6,665588 ;   19,85
1749,02 ; 299,95 ;   7,737402 ;   22,61
1751,02 ; 299,92 ;   9,087666 ;   26,67
1753,02 ; 299,92 ;   8,052361 ;   23,98
1755,03 ; 299,94 ;   7,726366 ;   22,95
1757,03 ; 299,96 ;   7,735668 ;   22,21
1759,03 ; 300,04 ;   7,373372 ;   21,80
1761,03 ; 299,98 ;   6,701952 ;   19,15
1763,03 ; 300,03 ;   8,736200 ;   25,18
1765,03 ; 300,02 ;   7,021579 ;   20,55
1767,03 ; 299,95 ;   8,058608 ;   23,36
1769,03 ; 300,02 ;   8,764757 ;   25,99
1771,03 ; 299,99 ;   6,701625 ;   19,56
1773,04 ; 299,99 ;   8,055933 ;   23,78
1775,04 ; 300,03 ;   7,704797 ;   22,74
1777,04 ; 299,96 ;   7,024728 ;   20,89
1779,04 ; 299,97 ;   8,767879 ;   25,95
1781,04 ; 299,96 ;   7,738187 ;   22,47
1783,04 ; 299,97 ;   8,054014 ;   23,18
1785,04 ; 299,97 ;   7,696353 ;   22,47
1787,04 ; 299,99 ;   7,729121 ;   22,82
1789,04 ; 299,98 ;   7,381227 ;   21,71
1791,05 ; 300,01 ;   8,057770 ;   23,12
1793,05 ; 299,99 ;   7,338840 ;   21,67
1795,05 ; 299,99 ;   8,090516 ;   23,44
1797,05 ; 299,98 ;   7,737774 ;   22,75
1799,05 ; 300,02 ;   8,055159 ;   23,12
1801,05 ; 300,02 ;   7,374285 ;   21,30
1803,05 ; 300,02 ;   7,737805 ;   22,68
1805,05 ; 300,01 ;   7,727778 ;   22,68
1807,06 ; 299,99 ;   8,092867 ;   23,05
1809,06 ; 299,97 ;   8,090583 ;   23,44
1811,06 ; 300,03 ;   8,056604 ;   23,86
1813,06 ; 300,02 ;   6,666888 ;   19,87
1815,06 ; 300,02 ;   8,051627 ;   23,37
1817,06 ; 300,03 ;   7,726064 ;   22,68
1819,06 ; 300,05 ;   7,381756 ;   21,94
1821,06 ; 299,98 ;   7,375091 ;   21,52
1823,06 ; 299,97 ;   8,765756 ;   25,87
1825,07 ; 299,97 ;   8,088391 ;   23,51
1827,07 ; 299,97 ;   7,734685 ;   22,82
1829,07 ; 300,04 ;   7,699118 ;   22,82
1831,07 ; 299,98 ;   6,661438 ;   19,50
1833,07 ; 300,01 ;   8,763335 ;   25,19
1835,07 ; 300,02 ;   7,375974 ;   21,66
1837,07 ; 299,97 ;   7,693111 ;   22,33
1839,07 ; 299,91 ;   8,407845 ;   24,89
1841,07 ; 299,95 ;   8,768170 ;   25,40
1843,08 ; 299,97 ;   7,338590 ;   21,51
1845,08 ; 300,02 ;   7,380211 ;   21,79
1847,08 ; 299,95 ;   7,019007 ;   20,61
1849,08 ; 300,01 ;   9,126873 ;   26,01
1851,08 ; 299,97 ;   6,697960 ;   19,95
1853,08 ; 299,98 ;   8,445318 ;   24,56
1855,08 ; 299,98 ;   7,738838 ;   22,09
1857,08 ; 300,01 ;   7,700915 ;   22,78
1859,08 ; 299,99 ;   7,376715 ;   21,68
1861,09 ; 300,03 ;   8,059543 ;   23,45
1863,09 ; 299,99 ;   7,019031 ;   20,91
1865,09 ; 300,09 ;   8,445230 ;   24,49
1867,09 ; 299,99 ;   6,343401 ;   18,33
1869,09 ; 300,04 ;   9,087283 ;   26,90
1871,09 ; 300,02 ;   7,019855 ;   20,54
1873,09 ; 300,01 ;   8,051145 ;   23,72
1875,09 ; 299,98 ;   8,084397 ;   23,05
1877,10 ; 300,09 ;   8,086165 ;   23,81
1879,10 ; 300,03 ;   5,991912 ;   17,98
1881,10 ; 300,01 ;   8,761734 ;   25,05
1883,10 ; 299,98 ;   8,048942 ;   23,74
1885,10 ; 299,99 ;   8,049600 ;   23,81
1887,10 ; 299,99 ;   7,695609 ;   22,40
1889,10 ; 299,99 ;   7,739800 ;   22,75
1891,10 ; 300,02 ;   7,699423 ;   22,75
1893,10 ; 299,97 ;   7,373703 ;   21,64
1895,11 ; 299,96 ;   8,413932 ;   24,89
1897,11 ; 299,97 ;   8,092037 ;   23,19
1899,11 ; 299,99 ;   7,735534 ;   22,48
1901,11 ; 300,02 ;   7,375462 ;   21,72
1903,11 ; 300,02 ;   7,342316 ;   21,65
1905,11 ; 299,99 ;   7,739901 ;   22,68
1907,11 ; 299,99 ;   8,092369 ;   23,79
1909,11 ; 300,03 ;   7,733433 ;   22,75
1911,11 ; 299,99 ;   7,021158 ;   20,91
1913,12 ; 300,02 ;   8,407720 ;   24,48
1915,12 ; 300,03 ;   7,370280 ;   21,64
1917,12 ; 299,99 ;   7,381947 ;   21,94
1919,12 ; 300,01 ;   8,405093 ;   24,48
1921,12 ; 299,97 ;   7,696662 ;   22,01
1923,12 ; 299,97 ;   8,406609 ;   24,55
1925,12 ; 299,95 ;   7,727367 ;   22,82
1927,12 ; 300,02 ;   8,089573 ;   23,93
1929,12 ; 299,98 ;   6,700742 ;   19,57
1931,13 ; 299,97 ;   8,407613 ;   24,16
1933,13 ; 300,02 ;   8,090377 ;   23,52
1935,13 ; 300,02 ;   7,015924 ;   20,61
1937,13 ; 300,03 ;   7,702923 ;   22,68
1939,13 ; 299,95 ;   7,376466 ;   21,94
1941,13 ; 300,03 ;   9,081301 ;   26,70
1943,13 ; 299,98 ;   6,309830 ;   18,84
1945,13 ; 300,03 ;   8,442478 ;   24,85
1947,13 ; 299,94 ;   7,018616 ;   20,56
1949,14 ; 300,03 ;   9,445073 ;   27,07
1951,14 ; 299,98 ;   6,349067 ;   18,49
1953,14 ; 299,96 ;   8,410740 ;   24,85
1955,14 ; 299,97 ;   8,055184 ;   23,89
1957,14 ; 299,96 ;   7,699151 ;   22,48
1959,14 ; 299,97 ;   8,046240 ;   23,20
1961,14 ; 300,02 ;   7,733536 ;   22,49
1963,14 ; 299,99 ;   7,015218 ;   20,62
1965,15 ; 300,09 ;   8,054024 ;   23,80
1967,15 ; 299,95 ;   6,310307 ;   18,33
1969,15 ; 299,97 ;   10,155687 ;   29,12
1971,15 ; 299,99 ;   7,334348 ;   21,80
1973,15 ; 299,99 ;   7,380485 ;   21,73
1975,15 ; 299,98 ;   7,729095 ;   22,76
1977,15 ; 299,97 ;   8,090193 ;   23,13
1979,15 ; 299,96 ;   8,090747 ;   23,53
1981,15 ; 300,04 ;   8,048929 ;   23,21
1983,16 ; 300,02 ;   6,662860 ;   19,17
1985,16 ; 299,97 ;   8,087246 ;   23,73
1987,16 ; 300,02 ;   8,412494 ;   24,91
1989,16 ; 299,99 ;   7,016300 ;   20,62
1991,16 ; 300,03 ;   8,049465 ;   23,80
1993,16 ; 299,98 ;   7,019774 ;   20,92
1995,16 ; 300,04 ;   8,410831 ;   24,86
1997,16 ; 300,03 ;   7,015307 ;   20,20
1999,16 ; 300,02 ;   7,692240 ;   22,99
2001,17 ; 299,99 ;   8,085263 ;   23,38
2003,17 ; 299,98 ;   8,087920 ;   23,80
2005,17 ; 299,97 ;   8,090038 ;   23,13
2007,17 ; 299,97 ;   8,056024 ;   23,52
2009,17 ; 299,96 ;   7,688840 ;   22,84
2011,17 ; 300,02 ;   8,086315 ;   23,21
2013,17 ; 300,02 ;   7,015808 ;   20,28
2015,17 ; 299,98 ;   7,696458 ;   22,70
2017,17 ; 299,94 ;   8,404660 ;   24,17
2019,18 ; 300,02 ;   8,762414 ;   25,01
2021,18 ; 300,08 ;   6,702319 ;   19,24
2023,18 ; 300,01 ;   6,663981 ;   19,74
2025,18 ; 300,03 ;   8,765314 ;   25,83
2027,18 ; 299,99 ;   7,368933 ;   21,61
2029,18 ; 300,03 ;   8,443748 ;   24,49
2031,18 ; 299,95 ;   7,024915 ;   20,92
2033,18 ; 299,97 ;   9,118081 ;   26,71
2035,18 ; 300,10 ;   7,379763 ;   21,80
2037,19 ; 300,04 ;   5,633886 ;   16,56
2039,19 ; 300,12 ;   8,767852 ;   25,38
2041,19 ; 300,10 ;   6,348027 ;   18,92
2043,19 ; 300,04 ;   8,052055 ;   23,11
2045,19 ; 299,99 ;   8,764924 ;   25,37
2047,19 ; 300,02 ;   8,441757 ;   24,82
2049,19 ; 300,06 ;   7,380154 ;   21,64
2051,19 ; 299,97 ;   7,020236 ;   20,46
2053,19 ; 300,03 ;   9,122885 ;   26,96
2055,20 ; 299,92 ;   6,658388 ;   19,86
2057,20 ; 300,02 ;   9,477910 ;   27,79
2059,20 ; 299,92 ;   6,350850 ;   18,53
2061,20 ; 299,89 ;   9,437005 ;   27,11
2063,20 ; 299,97 ;   8,409283 ;   24,44
2065,20 ; 299,97 ;   6,661891 ;   19,37
2067,20 ; 299,98 ;   7,729218 ;   22,83
2069,20 ; 299,96 ;   7,733966 ;   22,09
2071,21 ; 299,99 ;   8,047786 ;   23,89
2073,21 ; 300,01 ;   7,376564 ;   21,38
2075,21 ; 299,94 ;   7,728299 ;   22,02
2077,21 ; 299,95 ;   9,122185 ;   26,04
2079,21 ; 300,05 ;   7,702296 ;   22,56
2081,21 ; 300,06 ;   5,950556 ;   17,74
2083,21 ; 300,03 ;   7,699909 ;   22,20
2085,21 ; 300,09 ;   8,407217 ;   24,02
2087,21 ; 300,08 ;   7,020078 ;   20,06
2089,22 ; 300,10 ;   7,730040 ;   22,84
2091,22 ; 300,10 ;   7,382785 ;   21,38
2093,22 ; 300,04 ;   7,729672 ;   22,41
2095,22 ; 300,03 ;   8,767065 ;   25,36
2097,22 ; 300,02 ;   7,727856 ;   22,97
2099,22 ; 300,08 ;   8,090322 ;   23,36
2101,22 ; 300,02 ;   6,666678 ;   19,71
2103,22 ; 300,01 ;   8,765697 ;   25,42
2105,22 ; 300,08 ;   8,058586 ;   23,03
2107,23 ; 300,09 ;   6,698911 ;   19,36
2109,23 ; 300,04 ;   7,703618 ;   22,10
2111,23 ; 300,02 ;   8,410566 ;   24,65
2113,23 ; 299,97 ;   8,050273 ;   23,69
2115,23 ; 300,04 ;   8,407777 ;   24,87
2117,23 ; 300,03 ;   6,665179 ;   19,47
2119,23 ; 300,06 ;   7,694420 ;   22,95
2121,23 ; 299,98 ;   7,380560 ;   21,12
2123,23 ; 299,94 ;   9,119785 ;   26,19
2125,24 ; 300,08 ;   8,408425 ;   24,96
2127,24 ; 299,99 ;   5,625575 ;   16,24
2129,24 ; 300,02 ;   9,116435 ;   26,51
2131,24 ; 299,98 ;   7,377727 ;   21,61
2133,24 ; 300,04 ;   8,405079 ;   24,12
2135,24 ; 300,09 ;   7,018981 ;   20,15
2137,24 ; 299,98 ;   7,019024 ;   20,35
2139,24 ; 300,06 ;   9,443237 ;   27,22
2141,24 ; 300,06 ;   6,665102 ;   19,04
2143,25 ; 300,09 ;   7,729426 ;   22,49
2145,25 ; 300,05 ;   7,380731 ;   21,38
2147,25 ; 300,01 ;   8,051253 ;   23,89
2149,25 ; 300,03 ;   8,403272 ;   24,72
2151,25 ; 300,09 ;   7,375760 ;   21,54
2153,25 ; 300,05 ;   6,662910 ;   19,99
2155,25 ; 300,03 ;   8,050337 ;   23,88
2157,25 ; 300,03 ;   8,050718 ;   23,60
2159,26 ; 299,99 ;   7,726056 ;   22,57
2161,26 ; 299,98 ;   8,412197 ;   24,41
2163,26 ; 299,98 ;   8,050154 ;   23,05
2165,26 ; 300,02 ;   7,725888 ;   22,71
2167,26 ; 300,08 ;   7,375900 ;   21,23
2169,26 ; 300,04 ;   6,660740 ;   19,66
2171,26 ; 300,02 ;   8,414331 ;   24,27
2173,26 ; 299,94 ;   8,048404 ;   23,64
2175,26 ; 299,99 ;   9,117485 ;   26,30
2177,27 ; 299,98 ;   7,018744 ;   20,26
2179,27 ; 299,98 ;   8,048331 ;   23,05
2181,27 ; 299,96 ;   7,732448 ;   22,71
2183,27 ; 299,97 ;   8,056527 ;   23,82
2185,27 ; 299,99 ;   7,697812 ;   22,41
2187,27 ; 300,08 ;   7,374624 ;   21,65
2189,27 ; 299,98 ;   6,305910 ;   18,63
2191,27 ; 300,04 ;   9,126216 ;   26,85
2193,27 ; 300,01 ;   7,021093 ;   20,12
2195,28 ; 300,08 ;   8,442607 ;   24,02
2197,28 ; 299,97 ;   6,665969 ;   19,31
2199,28 ; 300,04 ;   9,477746 ;   27,59
2201,28 ; 300,04 ;   6,700806 ;   19,43
2203,28 ; 300,02 ;   7,699756 ;   22,53
2205,28 ; 299,95 ;   8,053933 ;   23,64
2207,28 ; 299,97 ;   8,762848 ;   25,93
2209,28 ; 300,03 ;   7,381934 ;   21,71
2211,28 ; 299,99 ;   6,660463 ;   19,80
2213,29 ; 300,04 ;   8,410838 ;   24,40
2215,29 ; 300,03 ;   7,014680 ;   20,46
2217,29 ; 300,03 ;   7,734550 ;   22,90
2219,29 ; 300,06 ;   7,700624 ;   22,56
2221,29 ; 300,01 ;   7,373237 ;   21,08
2223,29 ; 299,98 ;   8,762761 ;   25,04
2225,29 ; 300,03 ;   8,054493 ;   23,73
2227,29 ; 299,92 ;   7,018061 ;   20,48
2229,29 ; 299,98 ;   9,437352 ;   27,72
2231,30 ; 299,90 ;   6,660392 ;   19,93
2233,30 ; 300,04 ;   9,121146 ;   26,76
2235,30 ; 299,99 ;   5,631529 ;   16,32
2237,30 ; 299,95 ;   8,437049 ;   24,75
2239,30 ; 299,95 ;   8,409189 ;   24,89
2241,30 ; 299,97 ;   7,728117 ;   22,82
2243,30 ; 300,03 ;   7,338681 ;   21,72
2245,30 ; 300,01 ;   6,697278 ;   19,80
2247,30 ; 300,01 ;   8,052412 ;   23,67
2249,31 ; 300,03 ;   7,698065 ;   22,63
2251,31 ; 300,02 ;   7,377384 ;   21,53
2253,31 ; 299,99 ;   8,050384 ;   23,30
2255,31 ; 299,98 ;   8,050289 ;   23,72
2257,31 ; 299,99 ;   8,048595 ;   23,05
2259,31 ; 299,96 ;   7,691741 ;   22,34
2261,31 ; 300,03 ;   8,407670 ;   24,16
2263,31 ; 299,89 ;   6,661327 ;   19,45
2265,31 ; 299,92 ;   10,185575 ;   29,21
2267,32 ; 299,99 ;   7,374257 ;   21,52
2269,32 ; 299,92 ;   6,663218 ;   19,58
2271,32 ; 299,92 ;   9,117102 ;   26,02
2273,32 ; 299,91 ;   7,732109 ;   22,91
2275,32 ; 300,02 ;   8,089988 ;   23,28
2277,32 ; 299,92 ;   6,349071 ;   18,14
2279,32 ; 299,98 ;   9,469970 ;   27,06
2281,32 ; 300,03 ;   6,659299 ;   19,97
2283,33 ; 299,97 ;   7,017871 ;   20,52
2285,33 ; 299,98 ;   8,768247 ;   25,54
2287,33 ; 300,02 ;   7,723958 ;   22,04
2289,33 ; 300,02 ;   7,375438 ;   21,25
2291,33 ; 299,98 ;   7,727909 ;   22,64
2293,33 ; 300,10 ;   8,409962 ;   24,11
2295,33 ; 300,10 ;   5,986457 ;   17,19
2297,33 ; 299,97 ;   7,693679 ;   22,37
2299,33 ; 300,02 ;   9,836206 ;   28,64
2301,34 ; 300,04 ;   7,016626 ;   20,55
2303,34 ; 300,03 ;   7,374967 ;   21,52
2305,34 ; 300,04 ;   7,689926 ;   22,92
2307,34 ; 300,02 ;   7,727665 ;   22,21
2309,34 ; 300,04 ;   8,094652 ;   23,66
2311,34 ; 300,05 ;   7,380052 ;   21,51
2313,34 ; 300,03 ;   7,370515 ;   21,81
2315,34 ; 300,03 ;   8,048633 ;   23,60
2317,34 ; 299,96 ;   7,693048 ;   22,57
2319,35 ; 300,04 ;   8,767382 ;   25,89
2321,35 ; 300,08 ;   6,701858 ;   19,09
2323,35 ; 299,98 ;   7,017360 ;   20,69
2325,35 ; 299,98 ;   9,114949 ;   26,85
2327,35 ; 299,97 ;   7,725198 ;   22,70
2329,35 ; 300,04 ;   8,086135 ;   23,44
2331,35 ; 300,03 ;   6,700792 ;   19,43
2333,35 ; 300,02 ;   7,690323 ;   22,91
2335,35 ; 300,01 ;   8,085752 ;   23,30
2337,36 ; 299,95 ;   7,740235 ;   22,98
2339,36 ; 299,99 ;   8,766817 ;   25,59
2341,36 ; 300,02 ;   7,018218 ;   20,61
2343,36 ; 299,98 ;   7,372638 ;   21,57
2345,36 ; 300,01 ;   8,411285 ;   24,09
2347,36 ; 299,97 ;   7,375614 ;   21,60
2349,36 ; 300,01 ;   8,406555 ;   24,48
2351,36 ; 300,05 ;   7,014464 ;   20,91
2353,36 ; 299,99 ;   7,015748 ;   20,42
2355,37 ; 299,96 ;   8,763730 ;   25,44
2357,37 ; 299,98 ;   8,445223 ;   24,16
2359,37 ; 299,97 ;   7,373971 ;   21,67
2361,37 ; 299,89 ;   8,048809 ;   23,45
2363,37 ; 299,91 ;   9,115543 ;   26,45
2365,37 ; 299,99 ;   7,377237 ;   21,89
2367,37 ; 299,96 ;   6,659200 ;   19,24
2369,37 ; 300,01 ;   8,404922 ;   24,17
2371,37 ; 299,99 ;   7,020047 ;   20,58
2373,38 ; 300,02 ;   8,050610 ;   23,39
2375,38 ; 300,02 ;   7,338365 ;   21,59
2377,38 ; 299,95 ;   7,734601 ;   22,62
2379,38 ; 299,97 ;   8,758956 ;   25,95
2381,38 ; 300,03 ;   7,375054 ;   21,73
2383,38 ; 299,97 ;   6,660482 ;   19,82
2385,38 ; 300,02 ;   8,763695 ;   25,53
2387,38 ; 300,04 ;   7,018242 ;   20,56
2389,38 ; 299,97 ;   7,376580 ;   21,52
2391,39 ; 300,04 ;   8,763053 ;   25,88
2393,39 ; 299,98 ;   6,700463 ;   19,45
2395,39 ; 300,01 ;   8,761325 ;   25,14
2397,39 ; 299,97 ;   7,375123 ;   21,61
2399,39 ; 300,03 ;   8,407730 ;   24,50
2401,39 ; 299,97 ;   6,665885 ;   19,81
2403,39 ; 299,97 ;   8,763842 ;   25,53
2405,39 ; 300,02 ;   7,732616 ;   22,77
2407,39 ; 299,99 ;   7,018164 ;   20,56
2409,40 ; 299,95 ;   8,051960 ;   23,74
2411,40 ; 299,92 ;   8,411111 ;   24,92
2413,40 ; 299,96 ;   8,088738 ;   23,95
2415,40 ; 299,98 ;   7,376707 ;   21,07
2417,40 ; 299,92 ;   7,372956 ;   21,70
2419,40 ; 299,99 ;   8,761475 ;   25,69
2421,40 ; 299,96 ;   6,695242 ;   19,60
2423,40 ; 299,95 ;   8,440509 ;   24,19
2425,41 ; 299,89 ;   8,085227 ;   23,55
2427,41 ; 299,96 ;   8,764247 ;   25,45
2429,41 ; 299,87 ;   6,657842 ;   19,71
2431,41 ; 299,98 ;   9,475869 ;   27,25
2433,41 ; 299,99 ;   5,988340 ;   17,57
2435,41 ; 300,02 ;   7,729379 ;   22,39
2437,41 ; 300,02 ;   7,378441 ;   21,63
2439,41 ; 299,97 ;   7,725613 ;   22,66
2441,41 ; 300,05 ;   8,443865 ;   24,88
2443,41 ; 300,02 ;   6,345764 ;   18,74
2445,42 ; 299,99 ;   8,409860 ;   24,39
2447,42 ; 300,03 ;   8,092472 ;   23,77
2449,42 ; 299,97 ;   7,053806 ;   20,88
2451,42 ; 299,99 ;   8,798747 ;   25,56
2453,42 ; 299,96 ;   7,376340 ;   21,69
2455,42 ; 299,97 ;   8,405195 ;   24,21
2457,42 ; 299,97 ;   7,689184 ;   22,46
2459,42 ; 299,99 ;   7,734627 ;   22,81
2461,43 ; 299,91 ;   7,373273 ;   21,70
2463,43 ; 299,99 ;   9,124088 ;   26,43
2465,43 ; 299,95 ;   6,665601 ;   19,29
2467,43 ; 299,99 ;   8,404919 ;   24,96
2469,43 ; 299,98 ;   7,021399 ;   20,67
2471,43 ; 300,04 ;   8,051402 ;   23,11
2473,43 ; 300,01 ;   7,017878 ;   20,18
2475,43 ; 299,99 ;   8,408758 ;   24,08
2477,43 ; 299,96 ;   8,048119 ;   23,43
2479,44 ; 300,02 ;   8,409118 ;   24,22
2481,44 ; 300,02 ;   7,020723 ;   20,25
2483,44 ; 299,99 ;   7,687199 ;   22,67
2485,44 ; 300,05 ;   8,085714 ;   23,78
2487,44 ; 300,01 ;   6,664744 ;   19,79
2489,44 ; 300,08 ;   8,440337 ;   24,77
2491,44 ; 299,99 ;   6,666487 ;   19,37
2493,44 ; 300,03 ;   9,124384 ;   26,54
2495,44 ; 299,97 ;   7,019722 ;   20,89
2497,45 ; 300,01 ;   8,759371 ;   25,57
2499,45 ; 300,03 ;   7,016640 ;   20,96
2501,45 ; 300,08 ;   7,377258 ;   21,58
2503,45 ; 299,97 ;   7,015007 ;   20,40
2505,45 ; 299,99 ;   9,441339 ;   27,64
2507,45 ; 299,97 ;   7,369813 ;   21,70
2509,45 ; 300,05 ;   8,091868 ;   23,84
2511,45 ; 300,02 ;   6,311518 ;   18,74
2513,45 ; 299,96 ;   8,406881 ;   24,39
2515,46 ; 300,04 ;   8,760773 ;   25,25
2517,46 ; 300,02 ;   6,699294 ;   19,14
2519,46 ; 299,94 ;   8,054050 ;   23,70
2521,46 ; 300,02 ;   9,088449 ;   26,35
2523,46 ; 300,03 ;   6,663796 ;   19,21
2525,46 ; 299,96 ;   7,372027 ;   21,92
2527,46 ; 299,95 ;   8,763171 ;   25,93
2529,46 ; 299,99 ;   8,088170 ;   23,57
2531,46 ; 299,91 ;   7,017711 ;   20,66
2533,47 ; 299,96 ;   9,085600 ;   26,43
2535,47 ; 300,05 ;   7,016172 ;   20,76
2537,47 ; 299,98 ;   6,302253 ;   18,41
2539,47 ; 299,96 ;   8,760976 ;   25,87
2541,47 ; 299,96 ;   8,078510 ;   23,87
2543,47 ; 300,02 ;   7,734690 ;   22,84
2545,47 ; 299,98 ;   7,015445 ;   20,25
2547,47 ; 299,98 ;   8,412947 ;   24,15
2549,48 ; 299,97 ;   7,737494 ;   22,77
2551,48 ; 299,95 ;   8,048606 ;   23,51
2553,48 ; 300,02 ;   8,050610 ;   23,93
2555,48 ; 299,95 ;   6,661161 ;   19,57
2557,48 ; 300,01 ;   9,122642 ;   26,00
2559,48 ; 299,97 ;   6,664614 ;   19,94
2561,48 ; 300,04 ;   8,402508 ;   24,55
2563,48 ; 300,04 ;   6,659084 ;   19,50
2565,48 ; 299,98 ;   7,735416 ;   22,61
2567,49 ; 300,01 ;   8,760645 ;   25,19
2569,49 ; 300,03 ;   7,377338 ;   21,67
2571,49 ; 300,04 ;   7,374782 ;   21,59
2573,49 ; 299,94 ;   7,692079 ;   22,26
2575,49 ; 299,99 ;   9,472813 ;   27,40
2577,49 ; 299,90 ;   7,015688 ;   20,33
2579,49 ; 299,98 ;   9,469966 ;   27,18
2581,49 ; 299,40 ;   6,335576 ;   18,98
2583,49 ; 297,56 ;   17,471049 ;   50,48
2585,50 ; 295,23 ;   38,735128 ;  111,36
2587,50 ; 292,87 ;   43,025993 ;  125,00
2589,50 ; 290,93 ;   43,092164 ;  125,00
2591,50 ; 289,18 ;   39,386014 ;  113,41
2593,50 ; 287,92 ;   38,181423 ;  110,87
2595,50 ; 287,02 ;   32,320213 ;   93,46
2597,50 ; 286,57 ;   27,797631 ;   80,93
2599,51 ; 286,49 ;   21,879576 ;   63,30
2601,51 ; 286,73 ;   16,358129 ;   47,63
2603,51 ; 287,11 ;   11,511960 ;   33,79
2605,51 ; 287,78 ;   9,079243 ;   26,74
2607,51 ; 288,43 ;   4,182922 ;   12,55
2609,51 ; 289,09 ;   4,228835 ;   12,23
2611,51 ; 289,88 ;   3,520924 ;   10,12
2613,52 ; 290,61 ;   0,745893 ;    2,70
2615,52 ; 291,14 ;   1,106888 ;    3,80
2617,52 ; 291,80 ;   3,878104 ;   11,28
2619,52 ; 292,22 ;   1,423577 ;    4,20
2621,52 ; 292,65 ;   4,550736 ;   13,70
2623,52 ; 292,99 ;   4,194633 ;   12,44
2625,52 ; 293,24 ;   5,260639 ;   15,56
2627,52 ; 293,38 ;   6,653463 ;   19,30
2629,52 ; 293,55 ;   8,387804 ;   24,05
2631,53 ; 293,79 ;   7,720267 ;   22,49
2633,53 ; 293,85 ;   6,650339 ;   19,33
2635,53 ; 293,88 ;   9,466076 ;   27,06
2637,53 ; 293,92 ;   10,172615 ;   29,03
2639,53 ; 293,93 ;   9,807493 ;   28,16
2641,53 ; 293,88 ;   10,493171 ;   30,17
2643,53 ; 293,95 ;   11,561272 ;   33,41
2645,53 ; 293,95 ;   9,460499 ;   27,98
2647,54 ; 294,04 ;   10,842233 ;   31,40
2649,54 ; 294,03 ;   9,459770 ;   27,28
2651,54 ; 294,13 ;   11,167519 ;   32,09
2653,54 ; 294,13 ;   9,458767 ;   27,62
2655,54 ; 294,20 ;   11,194212 ;   32,07
2657,54 ; 294,30 ;   9,775441 ;   28,67
2659,54 ; 294,45 ;   9,453961 ;   27,99
2661,54 ; 294,55 ;   8,745008 ;   25,04
2663,55 ; 294,65 ;   9,460987 ;   27,80
2665,55 ; 294,70 ;   9,462447 ;   27,42
2667,55 ; 294,84 ;   10,172095 ;   29,60
2669,55 ; 294,97 ;   8,752142 ;   25,64
2671,55 ; 295,09 ;   9,104211 ;   26,21
2673,55 ; 295,27 ;   9,104788 ;   26,45
2675,55 ; 295,36 ;   8,066779 ;   23,02
2677,55 ; 295,54 ;   9,428835 ;   27,49
2679,56 ; 295,62 ;   8,035411 ;   23,03
2681,56 ; 295,73 ;   9,464552 ;   27,52
2683,56 ; 295,84 ;   9,107028 ;   26,02
2685,56 ; 295,89 ;   8,751664 ;   25,54
2687,56 ; 296,05 ;   9,780218 ;   28,72
2689,56 ; 296,19 ;   8,042852 ;   23,24
2691,56 ; 296,27 ;   8,395803 ;   24,42
2693,56 ; 296,41 ;   9,105226 ;   26,42
2695,56 ; 296,48 ;   8,044951 ;   23,77
2697,57 ; 296,59 ;   9,105049 ;   26,84
2699,57 ; 296,71 ;   8,432742 ;   24,96
2701,57 ; 296,77 ;   8,430661 ;   24,43
2703,57 ; 296,82 ;   9,467322 ;   27,20
2705,57 ; 296,97 ;   9,427350 ;   27,19
2707,57 ; 296,96 ;   7,686089 ;   22,76
2709,57 ; 297,12 ;   10,173810 ;   29,84
2711,57 ; 297,24 ;   7,718565 ;   22,27
2713,58 ; 297,26 ;   8,046432 ;   23,42
2715,58 ; 297,38 ;   9,782730 ;   28,34
2717,58 ; 297,38 ;   8,040225 ;   23,63
2719,58 ; 297,48 ;   9,825252 ;   28,95
2721,58 ; 297,51 ;   8,073703 ;   23,91
2723,58 ; 297,65 ;   9,468441 ;   27,77
2725,58 ; 297,66 ;   7,725316 ;   22,29
2727,58 ; 297,86 ;   9,785071 ;   28,25
2729,59 ; 297,84 ;   6,651515 ;   19,12
2731,59 ; 297,92 ;   10,176127 ;   29,32
2733,59 ; 297,98 ;   8,397671 ;   24,33
2735,59 ; 298,04 ;   8,752501 ;   25,65
2737,59 ; 298,15 ;   8,755229 ;   25,21
2739,59 ; 298,20 ;   7,727555 ;   22,91
2741,59 ; 298,27 ;   8,751294 ;   25,62
2743,59 ; 298,31 ;   8,436048 ;   24,09
2745,60 ; 298,39 ;   8,753905 ;   25,79
2747,60 ; 298,47 ;   8,078401 ;   23,91
2749,60 ; 298,39 ;   8,086386 ;   23,75
2751,60 ; 298,49 ;   10,493154 ;   30,98
2753,60 ; 298,55 ;   7,722944 ;   22,81
2755,60 ; 298,62 ;   8,399991 ;   24,79
2757,60 ; 298,69 ;   8,045064 ;   23,96
2759,60 ; 298,81 ;   8,042771 ;   23,81
2761,60 ; 298,75 ;   7,371864 ;   21,08
2763,61 ; 298,76 ;   10,142569 ;   29,62
2765,61 ; 298,91 ;   9,111530 ;   26,55
2767,61 ; 298,91 ;   6,661516 ;   19,95
2769,61 ; 298,94 ;   9,110705 ;   26,57
2771,61 ; 298,98 ;   8,758169 ;   25,14
2773,61 ; 298,98 ;   8,398633 ;   24,36
2775,61 ; 299,08 ;   9,113569 ;   26,49
2777,61 ; 299,12 ;   7,690821 ;   22,11
2779,61 ; 299,14 ;   8,402559 ;   24,45
2781,62 ; 299,23 ;   8,755717 ;   25,12
2783,62 ; 299,23 ;   7,333135 ;   21,77
2785,62 ; 299,23 ;   8,759036 ;   25,95
2787,62 ; 299,30 ;   8,755154 ;   25,99
2789,62 ; 299,42 ;   7,684497 ;   22,71
2791,62 ; 299,28 ;   7,014951 ;   20,31
2793,62 ; 299,39 ;   11,214273 ;   32,17
2795,62 ; 299,38 ;   7,012242 ;   20,82
2797,63 ; 299,39 ;   9,104961 ;   26,42
2799,63 ; 299,53 ;   8,754773 ;   25,03
2801,63 ; 299,52 ;   6,653174 ;   19,10
2803,63 ; 299,51 ;   8,761233 ;   25,71
2805,63 ; 299,51 ;   9,114132 ;   26,13
2807,63 ; 299,60 ;   8,759546 ;   25,46
2809,63 ; 299,63 ;   7,368444 ;   21,06
2811,63 ; 299,73 ;   8,395893 ;   24,11
2813,64 ; 299,70 ;   6,651652 ;   20,00
2815,64 ; 299,74 ;   9,115350 ;   26,70
2817,64 ; 299,77 ;   7,684832 ;   22,77
2819,64 ; 299,74 ;   8,079953 ;   23,75
2821,64 ; 299,72 ;   8,762782 ;   25,90
2823,64 ; 299,77 ;   8,752448 ;   25,99
2825,64 ; 299,82 ;   7,692554 ;   22,75
2827,64 ; 299,85 ;   7,724756 ;   22,25
2829,65 ; 299,85 ;   8,086417 ;   23,20
2831,65 ; 299,88 ;   8,438174 ;   24,59
2833,65 ; 299,91 ;   8,084414 ;   23,49
2835,65 ; 299,85 ;   7,730542 ;   22,69
2837,65 ; 299,88 ;   9,429168 ;   27,37
2839,65 ; 299,96 ;   8,046972 ;   23,51
2841,65 ; 299,92 ;   7,013420 ;   20,49
2843,65 ; 299,90 ;   9,107892 ;   26,14
2845,65 ; 299,96 ;   8,752829 ;   25,52
2847,66 ; 299,96 ;   7,368058 ;   21,53
2849,66 ; 300,01 ;   8,400806 ;   24,30
2851,66 ; 299,92 ;   7,690562 ;   22,09
2853,66 ; 300,02 ;   9,820304 ;   28,22
2855,66 ; 299,96 ;   6,656170 ;   19,99
2857,66 ; 300,02 ;   9,114687 ;   26,72
2859,66 ; 299,99 ;   7,358819 ;   21,72
2861,66 ; 300,05 ;   8,754132 ;   25,25
2863,66 ; 299,99 ;   7,374848 ;   21,26
2865,67 ; 300,06 ;   9,106149 ;   26,97
2867,67 ; 300,04 ;   7,014663 ;   20,89
2869,67 ; 300,06 ;   8,755018 ;   25,10
2871,67 ; 300,03 ;   7,718123 ;   22,95
2873,67 ; 300,09 ;   8,788400 ;   25,46
2875,67 ; 300,10 ;   7,375167 ;   21,50
2877,67 ; 300,10 ;   8,039954 ;   23,17
2879,67 ; 300,16 ;   8,077501 ;   23,86
2881,68 ; 300,08 ;   7,013722 ;   20,90
2883,68 ; 300,15 ;   9,468604 ;   27,72
2885,68 ; 300,15 ;   7,012618 ;   20,59
2887,68 ; 300,12 ;   8,041760 ;   23,69
2889,68 ; 300,09 ;   8,752346 ;   25,16
2891,68 ; 300,12 ;   8,758931 ;   25,25
2893,68 ; 300,18 ;   7,721645 ;   22,38
2895,68 ; 300,06 ;   7,009986 ;   20,81
2897,69 ; 300,15 ;   10,144026 ;   29,10
2899,69 ; 300,18 ;   6,657676 ;   19,85
2901,69 ; 300,16 ;   7,726104 ;   22,17
2903,69 ; 300,17 ;   8,402519 ;   24,28
2905,69 ; 300,09 ;   8,042823 ;   23,21
2907,69 ; 300,22 ;   9,462987 ;   27,61
2909,69 ; 300,17 ;   5,986663 ;   17,53
2911,69 ; 300,10 ;   8,758209 ;   25,60
2913,69 ; 300,17 ;   9,106015 ;   26,85
2915,70 ; 300,13 ;   7,008656 ;   20,41
2917,70 ; 300,10 ;   8,750952 ;   25,72
2919,70 ; 300,20 ;   8,397424 ;   24,75
2921,70 ; 300,16 ;   6,329616 ;   18,91
2923,70 ; 300,20 ;   8,750557 ;   25,24
2925,70 ; 300,17 ;   7,728982 ;   22,03
2927,70 ; 300,20 ;   8,399633 ;   24,51
2929,70 ; 300,26 ;   7,720373 ;   22,35
2931,71 ; 300,23 ;   7,010433 ;   20,43
2933,71 ; 300,13 ;   8,400338 ;   24,28
2935,71 ; 300,20 ;   9,778818 ;   28,41
2937,71 ; 300,20 ;   7,011194 ;   20,24
2939,71 ; 300,15 ;   8,043460 ;   23,34
2941,71 ; 300,16 ;   8,753460 ;   25,54
2943,71 ; 300,20 ;   7,684322 ;   22,72
2945,71 ; 300,20 ;   7,374577 ;   21,93
2947,71 ; 300,17 ;   8,037364 ;   23,30
2949,72 ; 300,22 ;   8,432996 ;   24,40
2951,72 ; 300,16 ;   7,370958 ;   21,14
2953,72 ; 300,22 ;   8,751524 ;   25,79
2955,72 ; 300,15 ;   7,013321 ;   20,77
2957,72 ; 300,20 ;   9,106803 ;   26,50
2959,72 ; 300,24 ;   7,015817 ;   20,80
2961,72 ; 300,17 ;   7,369944 ;   21,36
2963,72 ; 300,20 ;   9,110635 ;   26,40
2965,72 ; 300,23 ;   7,373682 ;   21,81
2967,73 ; 300,10 ;   7,368846 ;   21,70
2969,73 ; 300,14 ;   10,138821 ;   29,35
2971,73 ; 300,09 ;   7,367176 ;   21,62
2973,73 ; 300,10 ;   8,752819 ;   25,93
2975,73 ; 300,13 ;   7,723342 ;   22,77
2977,73 ; 300,14 ;   7,731120 ;   22,35
2979,73 ; 300,12 ;   7,716042 ;   22,64
2981,73 ; 300,15 ;   8,431744 ;   24,43
2983,74 ; 300,12 ;   7,365522 ;   21,91
2985,74 ; 300,17 ;   8,399861 ;   24,76
2987,74 ; 300,16 ;   7,015849 ;   20,79
2989,74 ; 300,13 ;   8,075453 ;   23,57
2991,74 ; 300,17 ;   8,757680 ;   25,06
2993,74 ; 300,08 ;   7,369987 ;   21,11
2995,74 ; 300,17 ;   9,428996 ;   27,61
2997,74 ; 300,22 ;   6,654191 ;   19,03
2999,75 ; 300,17 ;   7,018038 ;   20,95
3001,75 ; 300,17 ;   8,758059 ;   25,22
3003,75 ; 300,18 ;   8,044764 ;   23,14
3005,75 ; 300,18 ;   7,722266 ;   22,76
3007,75 ; 300,14 ;   8,084651 ;   23,10
3009,75 ; 300,14 ;   8,394626 ;   24,94
3011,75 ; 300,05 ;   8,039990 ;   23,20
3013,75 ; 300,16 ;   9,462056 ;   27,26
3015,75 ; 300,09 ;   6,298722 ;   18,29
3017,76 ; 300,12 ;   9,110934 ;   26,81
3019,76 ; 300,12 ;   7,363044 ;   21,87
3021,76 ; 300,16 ;   8,079858 ;   23,25
3023,76 ; 300,14 ;   7,361774 ;   21,02
3025,76 ; 300,12 ;   8,434541 ;   24,20
3027,76 ; 300,12 ;   8,433115 ;   24,26
3029,76 ; 300,03 ;   8,073987 ;   23,22
3031,76 ; 300,12 ;   9,466148 ;   27,27
3033,77 ; 299,98 ;   6,695659 ;   19,41
3035,77 ; 300,22 ;   10,135664 ;   29,49
3037,77 ; 300,20 ;   4,235572 ;   12,54
3039,77 ; 300,17 ;   8,046232 ;   23,99
3041,77 ; 300,20 ;   8,396135 ;   24,06
3043,77 ; 300,17 ;   7,368747 ;   21,90
3045,77 ; 300,09 ;   8,396719 ;   24,04
3047,77 ; 300,20 ;   9,428543 ;   27,05
3049,77 ; 300,13 ;   5,977318 ;   17,71
3051,78 ; 300,17 ;   9,109697 ;   26,58
3053,78 ; 300,12 ;   7,012450 ;   20,90
3055,78 ; 300,12 ;   8,750092 ;   25,55
3057,78 ; 300,17 ;   8,038565 ;   23,12
3059,78 ; 300,16 ;   7,012703 ;   20,53
3061,78 ; 300,14 ;   8,036886 ;   23,31
3063,78 ; 300,12 ;   8,427868 ;   24,06
3065,78 ; 300,13 ;   8,395697 ;   24,13
3067,78 ; 300,12 ;   7,721919 ;   22,72
3069,79 ; 300,03 ;   8,040008 ;   23,43
3071,79 ; 300,08 ;   9,461423 ;   27,14
3073,79 ; 300,14 ;   7,364608 ;   21,12
3075,79 ; 300,13 ;   7,011385 ;   20,23
3077,79 ; 300,09 ;   8,078570 ;   23,73
3079,79 ; 300,04 ;   8,400260 ;   24,88
3081,79 ; 300,15 ;   8,790068 ;   25,36
3083,79 ; 300,10 ;   6,328860 ;   18,12
3085,80 ; 300,14 ;   8,755119 ;   25,16
3087,80 ; 299,97 ;   7,364822 ;   21,24
3089,80 ; 300,13 ;   10,852006 ;   31,08
3091,80 ; 300,12 ;   5,622233 ;   16,10
3093,80 ; 300,10 ;   8,078880 ;   23,37
3095,80 ; 300,12 ;   8,046765 ;   23,76
3097,80 ; 300,15 ;   7,683418 ;   22,32
3099,80 ; 300,14 ;   7,364269 ;   21,53
3101,81 ; 300,14 ;   8,078356 ;   23,27
3103,81 ; 300,09 ;   7,724005 ;   22,92
3105,81 ; 300,13 ;   8,748284 ;   25,50
3107,81 ; 300,14 ;   7,361000 ;   21,23
3109,81 ; 300,13 ;   7,726562 ;   22,21
3111,81 ; 300,12 ;   8,038293 ;   23,63
3113,81 ; 300,06 ;   8,074891 ;   23,31
3115,81 ; 300,13 ;   8,784436 ;   25,54
3117,81 ; 300,10 ;   7,007159 ;   20,16
3119,82 ; 300,04 ;   8,436341 ;   24,03
3121,82 ; 300,13 ;   8,753826 ;   25,94
3123,82 ; 300,03 ;   6,649872 ;   19,11
3125,82 ; 300,13 ;   9,465477 ;   27,34
3127,82 ; 300,14 ;   6,341901 ;   18,76
3129,82 ; 300,12 ;   7,715164 ;   22,16
3131,82 ; 300,13 ;   8,078364 ;   23,95
3133,82 ; 300,13 ;   7,689509 ;   22,54
3135,82 ; 300,10 ;   7,720215 ;   22,88
3137,83 ; 300,15 ;   8,038928 ;   23,98
3139,83 ; 300,15 ;   7,008482 ;   20,72
3141,83 ; 300,10 ;   7,720735 ;   22,79
3143,83 ; 300,06 ;   8,435565 ;   25,00
3145,83 ; 300,09 ;   8,396602 ;   24,77
3147,83 ; 300,06 ;   7,368158 ;   21,93
3149,83 ; 300,03 ;   8,402345 ;   24,07
3151,83 ; 300,06 ;   8,395062 ;   24,51
3153,84 ; 299,97 ;   7,368658 ;   21,64
3155,84 ; 299,97 ;   9,429953 ;   27,46
3157,84 ; 299,98 ;   8,037416 ;   23,31
3159,84 ; 300,05 ;   7,714928 ;   22,57
3161,84 ; 300,02 ;   6,661144 ;   19,94
3163,84 ; 299,99 ;   8,396868 ;   24,90
3165,84 ; 300,01 ;   8,395804 ;   24,28
3167,84 ; 300,05 ;   7,680416 ;   22,50
3169,84 ; 299,95 ;   7,009717 ;   20,97
3171,85 ; 299,98 ;   9,818452 ;   28,21
3173,85 ; 299,94 ;   7,368428 ;   21,53
3175,85 ; 300,03 ;   8,744519 ;   25,48
3177,85 ; 300,06 ;   6,295236 ;   18,98
3179,85 ; 299,98 ;   7,366321 ;   21,65
3181,85 ; 300,03 ;   9,105677 ;   26,72
3183,85 ; 300,05 ;   7,329348 ;   21,05
3185,85 ; 300,03 ;   7,722211 ;   22,01
3187,86 ; 300,03 ;   8,393973 ;   24,15
3189,86 ; 300,03 ;   8,032324 ;   23,11
3191,86 ; 299,99 ;   8,078435 ;   23,11
3193,86 ; 299,95 ;   8,432011 ;   24,96
3195,86 ; 299,95 ;   8,751741 ;   25,45
3197,86 ; 299,99 ;   8,070832 ;   23,38
3199,86 ; 299,95 ;   7,363665 ;   21,16
3201,86 ; 299,99 ;   8,752669 ;   25,45
3203,86 ; 300,06 ;   7,360795 ;   21,17
3205,87 ; 299,98 ;   6,654452 ;   19,91
3207,87 ; 300,03 ;   9,106579 ;   26,72
3209,87 ; 299,99 ;   7,365503 ;   21,04
3211,87 ; 300,04 ;   8,393301 ;   24,96
3213,87 ; 300,05 ;   7,365770 ;   21,02
3215,87 ; 300,05 ;   7,716699 ;   22,35
3217,87 ; 300,01 ;   8,080515 ;   23,04
3219,87 ; 299,91 ;   8,747289 ;   25,25
3221,88 ; 300,17 ;   9,463024 ;   27,61
3223,88 ; 300,09 ;   3,880492 ;   11,28
3225,88 ; 300,09 ;   9,108247 ;   26,74
3227,88 ; 300,08 ;   7,723560 ;   22,93
3229,88 ; 300,05 ;   8,042051 ;   23,30
3231,88 ; 300,04 ;   8,393658 ;   24,06
3233,88 ; 300,03 ;   8,071764 ;   23,76
3235,88 ; 300,01 ;   8,072577 ;   23,43
3237,88 ; 300,05 ;   8,431808 ;   24,19
3239,89 ; 300,03 ;   7,012536 ;   20,94
3241,89 ; 300,03 ;   8,430162 ;   24,12
3243,89 ; 300,04 ;   8,078866 ;   23,08
3245,89 ; 300,04 ;   7,679382 ;   22,71
3247,89 ; 300,08 ;   8,075704 ;   23,05
3249,89 ; 300,04 ;   7,367705 ;   21,20
3251,89 ; 299,99 ;   8,396333 ;   24,78
3253,89 ; 299,97 ;   8,753314 ;   25,26
3255,90 ; 299,98 ;   8,392805 ;   24,30
3257,90 ; 299,98 ;   7,678611 ;   22,52
3259,90 ; 300,03 ;   8,077411 ;   23,21
3261,90 ; 300,05 ;   7,364359 ;   21,00
3263,90 ; 300,01 ;   7,363874 ;   21,96
3265,90 ; 299,99 ;   8,749665 ;   25,21
3267,90 ; 300,01 ;   8,037016 ;   23,88
3269,90 ; 300,06 ;   7,712717 ;   22,45
3271,90 ; 300,08 ;   7,043421 ;   20,55
3273,91 ; 300,09 ;   7,725738 ;   22,23
3275,91 ; 300,16 ;   7,719326 ;   22,55
3277,91 ; 300,05 ;   6,693543 ;   19,20
3279,91 ; 300,03 ;   9,422709 ;   27,81
3281,91 ; 300,09 ;   8,393933 ;   24,08
3283,91 ; 300,04 ;   7,006178 ;   20,46
3285,91 ; 299,97 ;   8,749450 ;   25,09
3287,91 ; 300,16 ;   9,109962 ;   26,34
3289,92 ; 300,01 ;   4,593495 ;   14,00
3291,92 ; 300,02 ;   10,528312 ;   30,02
3293,92 ; 300,03 ;   7,677433 ;   22,73
3295,92 ; 300,04 ;   7,723035 ;   22,34
3297,92 ; 300,02 ;   7,680816 ;   22,66
3299,92 ; 300,02 ;   8,430557 ;   24,11
3301,92 ; 300,08 ;   8,077416 ;   23,07
3303,92 ; 300,02 ;   7,010237 ;   20,12
3305,92 ; 299,98 ;   8,751987 ;   25,83
3307,93 ; 300,04 ;   8,396099 ;   24,54
3309,93 ; 299,97 ;   7,006707 ;   20,58
3311,93 ; 300,04 ;   9,102821 ;   26,32
3313,93 ; 300,06 ;   6,690733 ;   19,88
3315,93 ; 300,01 ;   7,357434 ;   21,89
3317,93 ; 300,02 ;   8,786415 ;   25,50
3319,93 ; 300,04 ;   7,720326 ;   22,72
3321,93 ; 300,08 ;   7,366026 ;   21,95
3323,93 ; 300,06 ;   7,366494 ;   21,14
3325,94 ; 299,96 ;   8,073701 ;   23,60
3327,94 ; 300,01 ;   9,463689 ;   27,71
3329,94 ; 300,08 ;   7,363779 ;   21,00
3331,94 ; 300,09 ;   6,652407 ;   19,75
3333,94 ; 300,01 ;   7,680821 ;   22,49
3335,94 ; 300,02 ;   9,113358 ;   26,52
3337,94 ; 300,05 ;   7,686729 ;   22,70
3339,94 ; 299,95 ;   7,366743 ;   21,20
3341,95 ; 300,04 ;   9,779189 ;   28,09
3343,95 ; 299,98 ;   6,297182 ;   18,83
3345,95 ; 299,98 ;   8,755535 ;   25,55
3347,95 ; 300,01 ;   8,036979 ;   23,14
3349,95 ; 299,96 ;   7,719164 ;   22,03
3351,95 ; 299,98 ;   8,753653 ;   25,28
3353,95 ; 300,03 ;   7,724442 ;   22,10
3355,95 ; 300,05 ;   7,005360 ;   20,92
3357,95 ; 300,08 ;   7,365807 ;   21,89
3359,96 ; 300,08 ;   7,329480 ;   21,81
3361,96 ; 300,04 ;   7,726449 ;   22,85
3363,96 ; 300,02 ;   8,394110 ;   24,69
3365,96 ; 300,10 ;   8,394558 ;   24,07
3367,96 ; 300,05 ;   6,299564 ;   18,97
3369,96 ; 300,01 ;   8,434831 ;   24,98
3371,96 ; 299,95 ;   8,752167 ;   25,12
3373,96 ; 299,99 ;   9,103191 ;   26,00
3375,96 ; 299,96 ;   7,366640 ;   21,02
3377,97 ; 299,92 ;   8,388304 ;   24,57
3379,97 ; 299,94 ;   8,753953 ;   25,04
3381,97 ; 299,98 ;   7,713711 ;   22,58
3383,97 ; 300,08 ;   7,366095 ;   21,06
3385,97 ; 299,98 ;   6,336533 ;   18,70
3387,97 ; 300,02 ;   9,458442 ;   27,27
3389,97 ; 299,98 ;   7,366566 ;   21,65
3391,97 ; 300,04 ;   8,393008 ;   24,51
3393,98 ; 300,03 ;   7,009351 ;   20,54
3395,98 ; 300,03 ;   8,070224 ;   23,33
3397,98 ; 299,98 ;   7,725289 ;   22,98
3399,98 ; 300,03 ;   8,749965 ;   25,20
3401,98 ; 299,97 ;   7,044167 ;   20,91
3403,98 ; 299,94 ;   8,754007 ;   25,93
3405,98 ; 300,05 ;   8,428885 ;   24,65
3407,98 ; 300,01 ;   5,977958 ;   17,73
3409,98 ; 300,02 ;   8,748496 ;   25,13
3411,99 ; 300,04 ;   7,717815 ;   22,68
3413,99 ; 299,97 ;   7,369259 ;   21,92
3415,99 ; 300,01 ;   9,106763 ;   26,28
3417,99 ; 299,98 ;   7,361056 ;   21,32
3419,99 ; 299,98 ;   8,431549 ;   24,16
3421,99 ; 299,97 ;   8,079427 ;   23,12
3423,99 ; 299,98 ;   8,073823 ;   23,86
3425,99 ; 299,96 ;   7,715572 ;   22,43
3428,00 ; 299,98 ;   8,431871 ;   24,23
3430,00 ; 299,99 ;   7,720480 ;   22,09
3432,00 ; 300,03 ;   7,715511 ;   22,76
3434,00 ; 299,94 ;   7,361223 ;   21,26
3436,00 ; 299,95 ;   9,464048 ;   27,42
3438,00 ; 300,01 ;   7,723269 ;   22,90
3440,00 ; 300,04 ;   7,009088 ;   20,30
3442,00 ; 300,03 ;   7,364606 ;   21,58
3444,00 ; 300,01 ;   8,039657 ;   23,33
3446,01 ; 299,97 ;   8,393992 ;   24,09
3448,01 ; 300,08 ;   8,394676 ;   24,90
3450,01 ; 299,96 ;   6,293983 ;   18,01
3452,01 ; 299,94 ;   9,780922 ;   28,38
3454,01 ; 299,97 ;   8,432119 ;   24,31
3456,01 ; 300,02 ;   7,364418 ;   21,80
3458,01 ; 299,98 ;   7,012656 ;   20,97
3460,01 ; 299,98 ;   8,426861 ;   24,51
3462,02 ; 299,95 ;   8,073261 ;   23,13
3464,02 ; 300,04 ;   8,430141 ;   24,98
3466,02 ; 300,03 ;   6,336879 ;   18,83
3468,02 ; 299,91 ;   8,076793 ;   23,34
3470,02 ; 299,99 ;   9,820032 ;   28,53
3472,02 ; 300,01 ;   6,653233 ;   19,66
3474,02 ; 300,01 ;   7,725722 ;   22,38
3476,02 ; 300,12 ;   8,036168 ;   23,07
3478,03 ; 300,01 ;   5,985513 ;   17,89
3480,03 ; 300,03 ;   9,468113 ;   27,89
3482,03 ; 300,06 ;   7,363354 ;   21,95
3484,03 ; 300,04 ;   7,368917 ;   21,51
3486,03 ; 299,98 ;   8,073103 ;   24,00
3488,03 ; 300,01 ;   8,755927 ;   25,54
3490,03 ; 300,05 ;   7,682653 ;   22,02
3492,03 ; 299,99 ;   7,009368 ;   20,84
3494,03 ; 299,95 ;   8,757794 ;   25,86
3496,04 ; 299,99 ;   8,750187 ;   25,31
3498,04 ; 299,98 ;   7,361116 ;   21,03
3500,04 ; 299,99 ;   8,078417 ;   23,47
3502,04 ; 299,95 ;   7,711928 ;   22,76
3504,04 ; 299,98 ;   8,783412 ;   25,32
3506,04 ; 299,97 ;   7,366867 ;   21,40
3508,04 ; 299,96 ;   8,037460 ;   23,87
3510,04 ; 300,02 ;   8,073718 ;   23,55
3512,04 ; 299,96 ;   7,044729 ;   20,62
3514,05 ; 300,02 ;   8,756638 ;   25,62
3516,05 ; 300,04 ;   7,042591 ;   20,62
3518,05 ; 300,08 ;   7,365418 ;   21,93
3520,05 ; 299,96 ;   7,370986 ;   21,12
3522,05 ; 299,98 ;   9,812604 ;   28,38
3524,05 ; 300,06 ;   7,718027 ;   22,09
3526,05 ; 299,99 ;   6,689998 ;   19,44
3528,05 ; 300,01 ;   9,102286 ;   26,21
3530,06 ; 299,95 ;   7,721631 ;   22,37
3532,06 ; 300,02 ;   9,103750 ;   26,01
3534,06 ; 299,92 ;   6,649931 ;   19,93
3536,06 ; 299,96 ;   9,428714 ;   27,47
3538,06 ; 299,96 ;   7,357012 ;   21,48
3540,06 ; 299,98 ;   8,037433 ;   23,21
3542,06 ; 299,98 ;   7,716966 ;   22,10
3544,06 ; 300,03 ;   8,045698 ;   23,14
3546,06 ; 299,96 ;   7,009990 ;   20,92
3548,07 ; 299,99 ;   9,107133 ;   26,32
3550,07 ; 299,99 ;   7,363859 ;   21,73
3552,07 ; 299,99 ;   8,079987 ;   23,12
3554,07 ; 300,04 ;   8,038227 ;   23,12
3556,07 ; 299,96 ;   7,008517 ;   20,90
3558,07 ; 300,02 ;   9,108310 ;   26,67
3560,07 ; 300,05 ;   7,042211 ;   20,63
3562,07 ; 299,97 ;   7,362202 ;   21,20
3564,08 ; 300,01 ;   9,108705 ;   26,99
3566,08 ; 300,01 ;   7,363086 ;   21,34
3568,08 ; 300,01 ;   8,037227 ;   23,07
3570,08 ; 299,98 ;   8,074209 ;   23,07
3572,08 ; 300,05 ;   8,433801 ;   24,17
3574,08 ; 299,98 ;   6,694030 ;   19,81
3576,08 ; 299,99 ;   9,102270 ;   26,24
3578,08 ; 299,98 ;   7,723904 ;   22,77
3580,08 ; 300,06 ;   8,044036 ;   23,48
3582,09 ; 300,02 ;   6,651097 ;   19,44
3584,09 ; 299,96 ;   8,755893 ;   25,11
3586,09 ; 299,98 ;   8,749935 ;   25,62
3588,09 ; 300,04 ;   7,679480 ;   22,10
3590,09 ; 299,96 ;   7,010391 ;   20,55
3592,09 ; 300,01 ;   9,109133 ;   26,66
3594,09 ; 300,03 ;   7,011848 ;   20,99
3596,09 ; 300,04 ;   7,363416 ;   21,96
3598,10 ; 300,09 ;   7,679551 ;   22,62
3600,10 ; 300,01 ;   7,010566 ;   20,75
3602,10 ; 300,01 ;   9,106501 ;   26,51
3604,10 ; 300,03 ;   8,070485 ;   23,06
3606,10 ; 300,05 ;   7,367624 ;   21,95
3608,10 ; 299,94 ;   7,363387 ;   21,87
3610,10 ; 300,05 ;   9,780945 ;   28,45
3612,10 ; 299,98 ;   5,939015 ;   17,73
3614,10 ; 300,02 ;   9,110383 ;   26,23
3616,11 ; 299,99 ;   7,366517 ;   21,65
3618,11 ; 299,98 ;   8,395070 ;   24,14
3620,11 ; 299,92 ;   8,042106 ;   23,47
3622,11 ; 300,04 ;   9,109851 ;   26,08
3624,11 ; 299,92 ;   5,982052 ;   17,78
3626,11 ; 300,03 ;   9,818023 ;   28,50
3628,11 ; 299,96 ;   6,330666 ;   18,15
3630,11 ; 300,04 ;   9,102947 ;   26,31
3632,12 ; 300,03 ;   6,686787 ;   19,51
3634,12 ; 300,03 ;   8,040826 ;   23,33
3636,12 ; 300,03 ;   7,718134 ;   22,98
3638,12 ; 299,99 ;   7,685455 ;   22,98
3640,12 ; 299,96 ;   8,403192 ;   24,83
3642,12 ; 300,02 ;   8,392847 ;   24,58
3644,12 ; 300,01 ;   7,010929 ;   20,61
3646,12 ; 299,99 ;   8,072137 ;   23,40
3648,13 ; 300,02 ;   8,079641 ;   23,79
3650,13 ; 299,94 ;   7,330968 ;   21,99
3652,13 ; 300,02 ;   9,111848 ;   26,72
3654,13 ; 300,02 ;   6,663180 ;   19,58
3656,13 ; 299,97 ;   8,038566 ;   23,03
3658,13 ; 299,98 ;   8,755413 ;   25,25
3660,13 ; 299,90 ;   7,681846 ;   22,44
3662,13 ; 299,96 ;   9,468213 ;   27,19
3664,13 ; 300,03 ;   7,007792 ;   20,44
3666,14 ; 299,90 ;   6,659505 ;   19,88
3668,14 ; 299,91 ;   10,135864 ;   29,27
3670,14 ; 299,92 ;   7,683061 ;   22,66
3672,14 ; 299,99 ;   7,722507 ;   22,99
3674,14 ; 299,99 ;   7,011229 ;   20,01
3676,14 ; 299,96 ;   8,038836 ;   23,12
3678,14 ; 300,01 ;   8,430393 ;   24,60
3680,14 ; 300,03 ;   7,369245 ;   21,01
3682,15 ; 299,92 ;   7,365594 ;   21,97
3684,15 ; 299,94 ;   9,780837 ;   28,18
3686,15 ; 299,96 ;   7,680484 ;   22,60
3688,15 ; 299,99 ;   7,722373 ;   22,19
3690,15 ; 299,96 ;   7,363921 ;   21,75
3692,15 ; 300,06 ;   8,399984 ;   24,61
3694,15 ; 300,03 ;   6,294770 ;   18,43
3696,15 ; 299,99 ;   8,430999 ;   24,40
3698,16 ; 300,03 ;   8,431955 ;   24,86
3700,16 ; 300,09 ;   7,364566 ;   21,28
3702,16 ; 300,04 ;   7,013775 ;   20,43
3704,16 ; 299,99 ;   8,754152 ;   25,06
3706,16 ; 300,03 ;   8,749705 ;   25,20
3708,16 ; 300,09 ;   7,369295 ;   21,28
3710,16 ; 300,01 ;   7,004119 ;   20,42
3712,16 ; 299,98 ;   9,113276 ;   26,53
3714,16 ; 300,03 ;   8,399013 ;   24,18
3716,17 ; 300,09 ;   7,010786 ;   20,93
3718,17 ; 300,03 ;   7,011759 ;   20,41
3720,17 ; 299,95 ;   8,749390 ;   25,41
3722,17 ; 300,02 ;   9,469672 ;   27,05
3724,17 ; 300,03 ;   6,688455 ;   19,93
3726,17 ; 300,02 ;   7,681606 ;   22,30
3728,17 ; 299,94 ;   8,079066 ;   23,73
3730,17 ; 300,06 ;   9,110759 ;   26,73
3732,18 ; 299,96 ;   5,937831 ;   17,37
3734,18 ; 299,92 ;   9,426698 ;   27,70
3736,18 ; 299,99 ;   8,752094 ;   25,05
3738,18 ; 300,02 ;   7,049004 ;   20,01
3740,18 ; 299,98 ;   7,685375 ;   22,01
3742,18 ; 299,99 ;   8,429332 ;   24,52
3744,18 ; 299,94 ;   7,722840 ;   22,77
3746,18 ; 299,94 ;   8,747072 ;   25,70
3748,18 ; 300,02 ;   8,042061 ;   23,29
3750,19 ; 300,03 ;   6,651435 ;   19,60
3752,19 ; 299,99 ;   7,723605 ;   22,31
3754,19 ; 299,99 ;   8,387731 ;   24,85
3756,19 ; 300,04 ;   8,076505 ;   23,12
3758,19 ; 300,03 ;   7,011112 ;   20,91
3760,19 ; 300,12 ;   8,082519 ;   23,35
3762,19 ; 300,10 ;   6,302363 ;   18,94
3764,19 ; 300,08 ;   8,083799 ;   23,47
3766,20 ; 300,06 ;   8,081755 ;   23,88
3768,20 ; 300,08 ;   8,039180 ;   23,58
3770,20 ; 300,04 ;   7,722707 ;   22,15
3772,20 ; 300,03 ;   8,392343 ;   24,68
3774,20 ; 300,02 ;   8,038349 ;   23,32
3776,20 ; 300,03 ;   8,036774 ;   23,71
3778,20 ; 299,98 ;   7,727657 ;   22,28
3780,20 ; 300,03 ;   8,755376 ;   25,19
3782,21 ; 300,01 ;   7,010387 ;   20,90
3784,21 ; 299,98 ;   8,429233 ;   24,08
3786,21 ; 299,95 ;   8,432506 ;   24,15
3788,21 ; 299,99 ;   8,427896 ;   24,96
3790,21 ; 300,02 ;   7,367795 ;   21,02
3792,21 ; 300,05 ;   7,366216 ;   21,99
3794,21 ; 300,02 ;   7,366191 ;   21,17
3796,21 ; 299,95 ;   8,396212 ;   24,74
3798,21 ; 299,94 ;   9,098867 ;   26,34
3800,22 ; 299,97 ;   8,077036 ;   23,60
3802,22 ; 299,95 ;   7,362429 ;   21,78
3804,22 ; 299,91 ;   8,426209 ;   24,28
3806,22 ; 300,03 ;   8,429544 ;   24,72
3808,22 ; 299,98 ;   5,981216 ;   17,80
3810,22 ; 300,01 ;   8,753036 ;   25,20
3812,22 ; 299,94 ;   7,717151 ;   22,02
3814,22 ; 300,04 ;   9,100933 ;   26,38
3816,22 ; 299,97 ;   6,333334 ;   18,47
3818,23 ; 300,02 ;   9,104141 ;   26,28
3820,23 ; 299,98 ;   7,006498 ;   20,96
3822,23 ; 300,02 ;   8,435791 ;   24,51
3824,23 ; 300,03 ;   7,361477 ;   21,65
3826,23 ; 300,01 ;   7,717861 ;   22,29
3828,23 ; 300,04 ;   8,395926 ;   24,09
3830,23 ; 299,99 ;   7,362117 ;   21,58
3832,23 ; 300,06 ;   8,750869 ;   25,17
3834,24 ; 300,08 ;   6,660808 ;   19,78
3836,24 ; 300,03 ;   7,716222 ;   22,14
3838,24 ; 299,99 ;   8,749126 ;   25,05
3840,24 ; 300,06 ;   8,428919 ;   24,82
3842,24 ; 300,02 ;   6,686513 ;   19,77
3844,24 ; 299,95 ;   8,747474 ;   25,09
3846,24 ; 299,97 ;   9,101204 ;   26,34
3848,24 ; 299,98 ;   7,718329 ;   22,13
3850,25 ; 300,03 ;   7,710437 ;   22,43
3852,25 ; 299,97 ;   7,008225 ;   20,90
3854,25 ; 299,98 ;   8,781000 ;   25,93
3856,25 ; 300,04 ;   7,719844 ;   22,43
3858,25 ; 299,98 ;   7,006318 ;   20,53
3860,25 ; 300,04 ;   8,748676 ;   25,53
3862,25 ; 300,01 ;   7,010417 ;   20,53
3864,25 ; 300,03 ;   8,396873 ;   24,43
3866,25 ; 299,99 ;   7,361187 ;   21,94
3868,26 ; 299,99 ;   8,390207 ;   24,82
3870,26 ; 300,04 ;   8,038023 ;   23,09
3872,26 ; 300,03 ;   7,005233 ;   20,87
3874,26 ; 299,97 ;   8,072667 ;   23,31
3876,26 ; 300,06 ;   8,782471 ;   25,92
3878,26 ; 300,04 ;   6,340068 ;   18,73
3880,26 ; 299,99 ;   8,036282 ;   23,98
3882,26 ; 299,98 ;   8,752057 ;   25,16
3884,26 ; 299,97 ;   8,042462 ;   23,45
3886,27 ; 299,98 ;   8,035653 ;   23,85
3888,27 ; 299,98 ;   7,722598 ;   22,42
3890,27 ; 299,98 ;   8,036987 ;   23,11
3892,27 ; 299,91 ;   8,035034 ;   23,11
3894,27 ; 299,94 ;   9,109763 ;   26,43
3896,27 ; 300,04 ;   7,682320 ;   22,22
3898,27 ; 300,01 ;   6,332413 ;   18,46
3900,27 ; 299,99 ;   8,391330 ;   24,43
3902,28 ; 299,95 ;   8,032497 ;   23,78
3904,28 ; 300,05 ;   8,752227 ;   25,31
3906,28 ; 300,01 ;   6,295830 ;   18,07
3908,28 ; 300,04 ;   8,786560 ;   25,12
3910,28 ; 300,01 ;   7,366279 ;   21,57
3912,28 ; 299,98 ;   8,427579 ;   24,43
3914,28 ; 300,03 ;   8,429105 ;   24,15
3916,28 ; 300,01 ;   7,009411 ;   20,90
3918,29 ; 299,98 ;   8,395864 ;   24,08
3920,29 ; 299,98 ;   8,394013 ;   24,15
3922,29 ; 299,96 ;   8,033726 ;   23,11
3924,29 ; 300,03 ;   8,390583 ;   24,22
3926,29 ; 300,03 ;   6,651375 ;   19,86
3928,29 ; 300,13 ;   7,722740 ;   22,97
3930,29 ; 300,05 ;   6,289948 ;   18,54
3932,29 ; 300,04 ;   9,102885 ;   26,00
3934,29 ; 300,05 ;   8,067109 ;   23,63
3936,30 ; 300,03 ;   7,717500 ;   22,20
3938,30 ; 300,03 ;   8,074839 ;   23,99
3940,30 ; 300,03 ;   7,723724 ;   22,96
3942,30 ; 300,03 ;   7,720620 ;   22,95
3944,30 ; 299,98 ;   7,680035 ;   22,95
3946,30 ; 299,99 ;   8,750370 ;   25,17
3948,30 ; 299,96 ;   7,713888 ;   22,73
3950,30 ; 299,92 ;   8,432007 ;   24,55
3952,31 ; 299,95 ;   8,785734 ;   25,01
3954,31 ; 300,01 ;   7,720198 ;   22,18
3956,31 ; 300,04 ;   7,007828 ;   20,27
3958,31 ; 300,04 ;   7,361024 ;   21,55
3960,31 ; 300,08 ;   7,715168 ;   22,93
3962,31 ; 299,99 ;   7,361672 ;   21,09
3964,31 ; 300,01 ;   9,106154 ;   26,87
3966,31 ; 300,01 ;   7,679098 ;   22,33
3968,31 ; 300,01 ;   8,076392 ;   23,02
3970,32 ; 300,03 ;   8,039932 ;   23,02
3972,32 ; 300,03 ;   7,363613 ;   21,91
3974,32 ; 299,97 ;   7,680690 ;   22,95
3976,32 ; 300,01 ;   8,784497 ;   25,90
3978,32 ; 299,98 ;   7,364857 ;   21,29
3980,32 ; 300,01 ;   8,392218 ;   24,13
3982,32 ; 299,98 ;   7,361848 ;   21,99
3984,32 ; 299,98 ;   8,389596 ;   24,13
3986,33 ; 300,08 ;   8,030938 ;   23,09
3988,33 ; 299,95 ;   6,336415 ;   18,66
3990,33 ; 299,97 ;   10,138941 ;   29,08
3992,33 ; 299,98 ;   7,720687 ;   22,10
3994,33 ; 300,06 ;   7,683568 ;   22,40
3996,33 ; 299,99 ;   6,654218 ;   19,40
3998,33 ; 300,01 ;   9,105973 ;   26,18
4000,33 ; 300,04 ;   7,713666 ;   22,33
4002,33 ; 300,02 ;   7,363681 ;   21,54
4004,34 ; 300,06 ;   8,427483 ;   24,03
4006,34 ; 300,01 ;   7,043554 ;   20,78
4008,34 ; 299,95 ;   8,747339 ;   25,43
4010,34 ; 299,98 ;   8,747399 ;   25,97
4012,34 ; 300,05 ;   7,362277 ;   21,36
4014,34 ; 300,06 ;   6,687617 ;   19,77
4016,34 ; 300,04 ;   7,679933 ;   22,50
4018,34 ; 299,96 ;   8,079768 ;   23,95
4020,35 ; 299,98 ;   9,098329 ;   26,61
4022,35 ; 300,02 ;   7,722388 ;   22,05
4024,35 ; 299,98 ;   7,362822 ;   21,61
4026,35 ; 299,98 ;   8,393561 ;   24,47
4028,35 ; 300,04 ;   8,033350 ;   23,08
4030,35 ; 300,05 ;   7,002304 ;   20,50
4032,35 ; 300,01 ;   7,720578 ;   22,18
4034,35 ; 300,04 ;   8,747642 ;   25,08
4036,35 ; 300,10 ;   7,358085 ;   21,53
4038,36 ; 300,02 ;   6,655127 ;   19,96
4040,36 ; 300,09 ;   9,103986 ;   26,78
4042,36 ; 300,04 ;   6,689207 ;   19,65
4044,36 ; 299,95 ;   8,392409 ;   24,97
4046,36 ; 300,01 ;   9,421629 ;   27,33
4048,36 ; 299,95 ;   7,003552 ;   20,23
4050,36 ; 299,92 ;   8,751220 ;   25,95
4052,36 ; 299,99 ;   8,391017 ;   24,30
4054,37 ; 300,08 ;   6,646405 ;   19,94
4056,37 ; 300,01 ;   6,337856 ;   18,99
4058,37 ; 299,95 ;   9,105370 ;   26,11
4060,37 ; 299,99 ;   8,782468 ;   25,95
4062,37 ; 299,91 ;   7,005029 ;   20,98
4064,37 ; 299,91 ;   9,106209 ;   26,74
4066,37 ; 299,96 ;   8,037743 ;   23,29
4068,37 ; 299,98 ;   7,362315 ;   21,08
4070,37 ; 299,92 ;   7,721056 ;   22,05
4072,38 ; 300,12 ;   9,070546 ;   26,04
4074,38 ; 300,02 ;   4,910576 ;   14,04
4076,38 ; 299,97 ;   9,459670 ;   27,48
4078,38 ; 299,99 ;   8,753616 ;   25,20
4080,38 ; 299,96 ;   7,716128 ;   22,02
4082,38 ; 299,98 ;   8,393626 ;   24,54
4084,38 ; 299,96 ;   7,724929 ;   22,05
4086,38 ; 299,96 ;   8,388989 ;   24,20
4088,39 ; 299,91 ;   8,075116 ;   23,16
4090,39 ; 299,98 ;   8,752731 ;   25,38
4092,39 ; 300,04 ;   6,647330 ;   19,99
4094,39 ; 300,02 ;   7,006210 ;   20,51
4096,39 ; 299,98 ;   8,391047 ;   24,04
4098,39 ; 299,95 ;   8,392072 ;   24,48
4100,39 ; 300,04 ;   8,394280 ;   24,94
4102,39 ; 299,99 ;   6,295676 ;   18,78
4104,40 ; 299,92 ;   8,751936 ;   25,14
4106,40 ; 300,04 ;   9,104696 ;   26,40
4108,40 ; 299,97 ;   5,972942 ;   17,75
4110,40 ; 300,01 ;   9,106583 ;   26,26
4112,40 ; 300,06 ;   7,364438 ;   21,30
4114,40 ; 300,04 ;   7,006880 ;   20,44
4116,40 ; 299,99 ;   8,077297 ;   23,97
4118,40 ; 300,01 ;   8,748828 ;   25,14
4120,40 ; 300,06 ;   7,724620 ;   22,33
4122,41 ; 300,06 ;   7,002782 ;   20,44
4124,41 ; 300,04 ;   7,724962 ;   22,85
4126,41 ; 300,06 ;   8,033787 ;   23,96
4128,41 ; 300,04 ;   7,367518 ;   21,81
4130,41 ; 300,06 ;   8,072339 ;   23,95
4132,41 ; 300,02 ;   7,368910 ;   21,81
4134,41 ; 300,05 ;   8,749248 ;   25,06
4136,41 ; 300,01 ;   7,366036 ;   21,13
4138,42 ; 300,01 ;   8,751337 ;   25,08
4140,42 ; 299,88 ;   8,036273 ;   23,00
4142,42 ; 299,92 ;   10,133375 ;   29,28
4144,42 ; 299,97 ;   7,362107 ;   21,20
4146,42 ; 299,98 ;   7,361000 ;   21,06
4148,42 ; 299,98 ;   7,687041 ;   22,39
4150,42 ; 299,90 ;   8,037580 ;   23,09
4152,42 ; 299,98 ;   9,462238 ;   27,15
4154,42 ; 299,92 ;   6,654779 ;   19,29
4156,43 ; 299,94 ;   9,106585 ;   26,05
4158,43 ; 299,97 ;   7,722141 ;   22,55
4160,43 ; 300,03 ;   7,364201 ;   21,77
4162,43 ; 299,99 ;   7,007604 ;   20,19
4164,43 ; 300,13 ;   8,394147 ;   24,80
4166,43 ; 300,01 ;   5,624334 ;   16,80
4168,43 ; 300,09 ;   9,813259 ;   28,20
4170,43 ; 300,01 ;   6,686732 ;   19,33
4172,44 ; 299,98 ;   9,096892 ;   26,47
4174,44 ; 300,04 ;   8,394355 ;   24,13
4176,44 ; 300,09 ;   7,007204 ;   20,50
4178,44 ; 300,13 ;   7,043914 ;   20,70
4180,44 ; 300,04 ;   7,004863 ;   20,93
4182,44 ; 300,05 ;   9,107017 ;   26,71
4184,44 ; 300,05 ;   7,723221 ;   22,17
4186,44 ; 300,02 ;   7,715433 ;   22,86
4188,45 ; 300,03 ;   8,398056 ;   24,70
4190,45 ; 300,05 ;   7,678940 ;   22,23
4192,45 ; 300,01 ;   7,370092 ;   21,82
4194,45 ; 299,97 ;   8,748736 ;   25,07
4196,45 ; 299,90 ;   8,392081 ;   24,84
4198,45 ; 300,05 ;   9,097432 ;   26,44
4200,45 ; 299,94 ;   5,262949 ;   15,95
4202,45 ; 300,05 ;   9,777848 ;   28,39
4204,45 ; 299,98 ;   5,937371 ;   17,67
4206,46 ; 300,04 ;   9,102847 ;   26,18
4208,46 ; 300,06 ;   7,008708 ;   20,48
4210,46 ; 299,97 ;   7,367623 ;   21,79
4212,46 ; 300,02 ;   9,461212 ;   27,26
4214,46 ; 300,02 ;   7,007377 ;   20,90
4216,46 ; 300,01 ;   7,688612 ;   22,97
