Tempo total (s) ;Temperatura (ºC) ; Potencia atual (W) ; Saida
P:  12.50 I: 100.00 D:  23.80 Tensão:5.233 V
2,03 ; 300,04 ;   8,381340 ;   85,36
4,07 ; 300,05 ;   8,875038 ;   90,50
6,10 ; 300,05 ;   7,985653 ;   81,15
8,13 ; 299,96 ;   8,189829 ;   83,42
10,17 ; 300,06 ;   9,669945 ;   98,32
12,20 ; 300,04 ;   6,710376 ;   68,46
14,23 ; 299,97 ;   8,580744 ;   87,03
16,27 ; 300,04 ;   9,276708 ;   94,77
18,30 ; 300,01 ;   7,207740 ;   73,31
20,33 ; 300,03 ;   8,687789 ;   88,56
22,37 ; 300,05 ;   7,905419 ;   80,26
24,40 ; 300,04 ;   7,806944 ;   79,95
26,43 ; 300,14 ;   8,395282 ;   85,85
28,47 ; 300,06 ;   6,619678 ;   67,40
30,50 ; 300,16 ;   9,283543 ;   94,65
32,53 ; 300,02 ;   6,619784 ;   67,04
34,57 ; 300,12 ;   10,365666 ;  105,47
36,60 ; 300,13 ;   6,626878 ;   67,61
38,63 ; 300,09 ;   8,004868 ;   81,19
40,67 ; 300,03 ;   8,694820 ;   88,51
42,70 ; 300,08 ;   8,993107 ;   91,48
44,73 ; 300,09 ;   7,508556 ;   76,01
46,77 ; 300,04 ;   7,990783 ;   81,61
48,80 ; 300,06 ;   8,879031 ;   90,18
50,83 ; 300,05 ;   7,802377 ;   79,59
52,87 ; 300,15 ;   8,295348 ;   84,24
54,90 ; 300,03 ;   6,719383 ;   68,16
56,93 ; 299,99 ;   9,878207 ;  100,49
58,97 ; 300,10 ;   8,798374 ;   89,55
61,00 ; 300,13 ;   6,528011 ;   66,43
63,03 ; 300,09 ;   7,707987 ;   78,69
65,07 ; 299,99 ;   8,705078 ;   88,30
67,10 ; 300,12 ;   9,586001 ;   97,48
69,13 ; 300,01 ;   6,229124 ;   63,88
71,17 ; 300,13 ;   9,784112 ;   99,53
73,20 ; 300,05 ;   6,327849 ;   64,89
75,23 ; 300,13 ;   9,188734 ;   93,19
77,27 ; 300,02 ;   7,017280 ;   71,71
79,30 ; 300,06 ;   9,765489 ;   99,37
81,33 ; 300,10 ;   7,395144 ;   75,90
83,37 ; 300,04 ;   7,497891 ;   76,52
85,40 ; 300,04 ;   9,079999 ;   92,16
87,43 ; 300,09 ;   8,096690 ;   83,00
89,47 ; 300,02 ;   7,411075 ;   75,53
91,50 ; 300,14 ;   9,179140 ;   93,56
93,53 ; 300,06 ;   6,226742 ;   63,38
95,57 ; 299,98 ;   9,283853 ;   94,07
97,60 ; 300,05 ;   9,383879 ;   95,04
99,63 ; 300,03 ;   7,111917 ;   72,43
101,67 ; 300,06 ;   8,495736 ;   86,43
103,70 ; 300,08 ;   7,715419 ;   78,02
105,73 ; 300,08 ;   7,910390 ;   80,09
107,77 ; 299,98 ;   8,111783 ;   82,36
109,80 ; 300,03 ;   9,589893 ;   97,25
111,83 ; 300,06 ;   7,518182 ;   76,09
113,87 ; 300,10 ;   7,620235 ;   77,96
115,90 ; 299,98 ;   7,518122 ;   76,31
117,93 ; 300,02 ;   9,881466 ;  100,63
119,97 ; 300,08 ;   7,713834 ;   78,52
122,00 ; 300,08 ;   7,217596 ;   73,15
124,03 ; 299,99 ;   8,105576 ;   82,27
126,07 ; 300,01 ;   9,398491 ;   95,93
128,10 ; 300,06 ;   7,915128 ;   80,87
130,13 ; 300,13 ;   7,318496 ;   74,45
132,17 ; 300,09 ;   7,118101 ;   72,49
134,20 ; 300,09 ;   8,600499 ;   87,82
136,23 ; 299,99 ;   8,108408 ;   82,09
138,27 ; 300,06 ;   9,491859 ;   96,98
140,30 ; 300,10 ;   7,118371 ;   72,08
142,33 ; 300,06 ;   7,522191 ;   76,13
144,37 ; 300,05 ;   8,701924 ;   88,04
146,40 ; 299,95 ;   8,209515 ;   83,55
148,43 ; 300,01 ;   9,794633 ;   99,79
150,47 ; 300,05 ;   7,219182 ;   73,85
152,50 ; 299,99 ;   7,419672 ;   75,55
154,53 ; 300,09 ;   9,105866 ;   92,33
156,57 ; 300,04 ;   6,730605 ;   68,27
158,60 ; 300,10 ;   8,797727 ;   89,43
160,63 ; 300,03 ;   7,111100 ;   72,61
162,66 ; 300,01 ;   9,089494 ;   92,92
164,70 ; 299,99 ;   8,496438 ;   86,35
166,73 ; 300,02 ;   8,403524 ;   85,41
168,76 ; 300,06 ;   7,809640 ;   79,40
170,80 ; 300,09 ;   7,412956 ;   75,37
172,83 ; 299,99 ;   7,709628 ;   78,48
174,86 ; 300,05 ;   9,482313 ;   96,79
176,90 ; 299,99 ;   7,214435 ;   73,15
178,93 ; 300,05 ;   9,090961 ;   92,22
180,96 ; 300,01 ;   7,212321 ;   73,13
183,00 ; 299,98 ;   8,795883 ;   89,72
185,03 ; 300,01 ;   8,493657 ;   86,59
187,06 ; 299,95 ;   7,809373 ;   79,43
189,10 ; 299,97 ;   9,094403 ;   92,80
191,13 ; 299,98 ;   7,811842 ;   79,94
193,16 ; 300,04 ;   7,911210 ;   80,89
195,20 ; 299,98 ;   7,316904 ;   74,48
197,23 ; 300,01 ;   8,997475 ;   91,18
199,26 ; 300,06 ;   7,809022 ;   79,45
201,30 ; 300,05 ;   7,314598 ;   74,18
203,33 ; 300,05 ;   8,204729 ;   83,41
205,36 ; 299,92 ;   8,102320 ;   82,25
207,40 ; 299,99 ;   10,169900 ;  103,36
209,43 ; 300,09 ;   7,122677 ;   72,76
211,46 ; 300,05 ;   6,718305 ;   68,14
213,50 ; 300,06 ;   8,504885 ;   86,81
215,53 ; 300,06 ;   7,909739 ;   80,98
217,56 ; 300,02 ;   8,102443 ;   82,11
219,60 ; 299,99 ;   8,798941 ;   89,55
221,63 ; 300,04 ;   8,507303 ;   86,41
223,66 ; 299,98 ;   7,418526 ;   75,53
225,70 ; 299,95 ;   8,999898 ;   91,08
227,73 ; 300,03 ;   8,801219 ;   89,29
229,76 ; 300,05 ;   6,831439 ;   69,93
231,80 ; 300,01 ;   7,711600 ;   78,76
233,83 ; 300,04 ;   8,798860 ;   89,63
235,86 ; 299,91 ;   7,611919 ;   77,80
237,90 ; 300,02 ;   10,085644 ;  102,25
239,93 ; 300,02 ;   6,631127 ;   67,82
241,96 ; 300,04 ;   8,103987 ;   82,68
244,00 ; 300,03 ;   7,711608 ;   78,95
246,03 ; 299,97 ;   8,215980 ;   83,61
248,06 ; 299,99 ;   9,102947 ;   92,40
250,10 ; 300,12 ;   7,812974 ;   79,53
252,13 ; 300,02 ;   6,229820 ;   63,08
254,16 ; 299,98 ;   9,595573 ;   97,49
256,20 ; 300,08 ;   8,598158 ;   87,61
258,23 ; 300,03 ;   6,721904 ;   68,13
260,26 ; 300,02 ;   8,800242 ;   89,27
262,30 ; 299,97 ;   8,305078 ;   84,90
264,33 ; 300,02 ;   8,892219 ;   90,06
266,36 ; 300,05 ;   7,424149 ;   75,75
268,40 ; 300,02 ;   7,507618 ;   76,39
270,43 ; 299,99 ;   8,701152 ;   88,31
272,46 ; 300,08 ;   8,506788 ;   86,32
274,50 ; 299,99 ;   6,823705 ;   69,22
276,53 ; 299,99 ;   9,386429 ;   95,44
278,56 ; 299,99 ;   8,114046 ;   82,87
280,60 ; 299,97 ;   8,115664 ;   82,88
282,63 ; 299,96 ;   8,504279 ;   86,61
284,66 ; 299,99 ;   8,306087 ;   84,43
286,70 ; 300,02 ;   7,719099 ;   78,32
288,73 ; 299,99 ;   7,813406 ;   79,17
290,76 ; 299,94 ;   8,498356 ;   86,33
292,80 ; 299,92 ;   8,994819 ;   91,59
294,83 ; 299,94 ;   8,511888 ;   86,09
296,86 ; 299,97 ;   8,015729 ;   81,34
298,90 ; 299,97 ;   7,714156 ;   78,68
300,93 ; 299,98 ;   8,208073 ;   83,25
302,96 ; 299,97 ;   7,915641 ;   80,78
305,00 ; 300,01 ;   8,408044 ;   85,55
307,03 ; 299,95 ;   7,613484 ;   77,06
309,06 ; 299,97 ;   9,105206 ;   92,72
311,10 ; 300,05 ;   7,814144 ;   79,86
313,13 ; 300,05 ;   6,825993 ;   69,62
315,16 ; 300,05 ;   8,108461 ;   82,18
317,20 ; 300,05 ;   8,108380 ;   82,17
319,23 ; 300,02 ;   8,118454 ;   82,16
321,26 ; 299,96 ;   8,712888 ;   88,36
323,30 ; 300,02 ;   9,006598 ;   91,34
325,33 ; 300,08 ;   7,323348 ;   74,65
327,36 ; 300,05 ;   7,130562 ;   72,70
329,40 ; 300,06 ;   8,411321 ;   85,55
331,43 ; 300,09 ;   7,915421 ;   80,87
333,46 ; 299,98 ;   7,716629 ;   78,27
335,49 ; 300,02 ;   9,602910 ;   97,83
337,53 ; 300,08 ;   7,723971 ;   78,00
339,56 ; 300,01 ;   7,129849 ;   72,63
341,59 ; 300,02 ;   9,106238 ;   92,94
343,63 ; 300,04 ;   8,015284 ;   81,41
345,66 ; 300,05 ;   7,715283 ;   78,82
347,69 ; 299,95 ;   7,825309 ;   79,75
349,73 ; 299,95 ;   9,803614 ;   99,43
351,76 ; 300,03 ;   8,209507 ;   83,43
353,79 ; 299,97 ;   6,827072 ;   69,78
355,83 ; 300,01 ;   9,109402 ;   92,29
357,86 ; 299,99 ;   7,525952 ;   76,94
359,89 ; 300,08 ;   8,415008 ;   85,13
361,93 ; 299,98 ;   6,837193 ;   69,17
363,96 ; 299,99 ;   9,504093 ;   96,64
365,99 ; 299,98 ;   8,020681 ;   81,69
368,03 ; 300,04 ;   8,323748 ;   84,08
370,06 ; 299,99 ;   7,333133 ;   74,24
372,09 ; 300,01 ;   8,807110 ;   89,68
374,13 ; 299,97 ;   7,924805 ;   80,34
376,16 ; 300,03 ;   8,708270 ;   88,84
378,19 ; 300,01 ;   7,232347 ;   73,20
380,23 ; 299,98 ;   8,514370 ;   86,06
382,26 ; 300,05 ;   8,510379 ;   86,35
384,29 ; 299,97 ;   7,020021 ;   71,75
386,33 ; 299,95 ;   9,405922 ;   95,70
388,36 ; 300,05 ;   8,511916 ;   86,85
390,39 ; 300,12 ;   6,535265 ;   66,04
392,43 ; 300,04 ;   7,130835 ;   72,08
394,46 ; 299,98 ;   9,201723 ;   93,62
396,49 ; 300,01 ;   8,909774 ;   90,89
398,53 ; 300,06 ;   7,826741 ;   79,16
400,56 ; 300,06 ;   7,221128 ;   73,89
402,59 ; 299,98 ;   8,019063 ;   81,87
404,63 ; 300,01 ;   9,303040 ;   94,28
406,66 ; 300,06 ;   7,817463 ;   79,13
408,69 ; 299,94 ;   7,230526 ;   73,85
410,73 ; 299,99 ;   9,997915 ;  101,72
412,76 ; 299,99 ;   7,321086 ;   74,76
414,79 ; 299,99 ;   8,109639 ;   82,76
416,83 ; 299,99 ;   8,119504 ;   82,76
418,86 ; 300,02 ;   8,118972 ;   82,76
420,89 ; 300,01 ;   7,818023 ;   79,04
422,93 ; 299,97 ;   8,222513 ;   83,70
424,96 ; 300,02 ;   8,716722 ;   88,77
426,99 ; 300,02 ;   7,425186 ;   75,61
429,03 ; 300,04 ;   8,119148 ;   82,46
431,06 ; 300,02 ;   7,726541 ;   78,73
433,09 ; 300,03 ;   8,415786 ;   85,88
435,13 ; 300,01 ;   7,821147 ;   79,96
437,16 ; 300,09 ;   8,414816 ;   85,97
439,19 ; 299,98 ;   6,933430 ;   70,11
441,23 ; 300,02 ;   9,604099 ;   97,67
443,26 ; 300,06 ;   7,620333 ;   77,85
445,29 ; 300,02 ;   7,333575 ;   74,95
447,33 ; 299,99 ;   8,811986 ;   89,25
449,36 ; 299,94 ;   8,521419 ;   86,12
451,39 ; 300,02 ;   9,015441 ;   91,40
453,43 ; 300,01 ;   6,934104 ;   70,99
455,46 ; 299,98 ;   8,226575 ;   83,65
457,49 ; 300,02 ;   8,521471 ;   86,24
459,53 ; 299,97 ;   7,624341 ;   77,84
461,56 ; 299,98 ;   8,817277 ;   89,86
463,59 ; 300,01 ;   7,927616 ;   80,53
465,63 ; 299,92 ;   7,817845 ;   79,09
467,66 ; 299,94 ;   9,514261 ;   96,19
469,69 ; 299,97 ;   8,030042 ;   81,15
471,73 ; 300,02 ;   7,727077 ;   78,48
473,76 ; 300,02 ;   7,432336 ;   75,60
475,79 ; 299,95 ;   8,128696 ;   82,46
477,83 ; 299,95 ;   9,210845 ;   93,63
479,86 ; 299,96 ;   8,219730 ;   83,36
481,89 ; 300,03 ;   7,927053 ;   80,89
483,92 ; 300,03 ;   7,136510 ;   72,01
485,96 ; 300,09 ;   8,128798 ;   82,28
487,99 ; 300,03 ;   7,235135 ;   73,58
490,02 ; 300,01 ;   8,911927 ;   90,25
492,06 ; 300,06 ;   8,416049 ;   85,98
494,09 ; 300,08 ;   7,228977 ;   73,85
496,12 ; 300,05 ;   7,830758 ;   79,34
498,16 ; 300,06 ;   8,415537 ;   85,34
500,19 ; 300,06 ;   7,924142 ;   80,65
502,22 ; 299,99 ;   8,017416 ;   81,78
504,26 ; 300,03 ;   9,110647 ;   92,95
506,29 ; 300,08 ;   7,532694 ;   76,45
508,32 ; 300,04 ;   7,331951 ;   74,70
510,36 ; 299,96 ;   8,621911 ;   87,75
512,39 ; 300,02 ;   9,314302 ;   94,45
514,42 ; 300,01 ;   7,330122 ;   74,33
516,46 ; 299,98 ;   8,221695 ;   83,57
518,49 ; 299,97 ;   8,524192 ;   86,16
520,52 ; 299,94 ;   8,414009 ;   85,22
522,56 ; 299,96 ;   8,617743 ;   87,91
524,59 ; 299,90 ;   7,827975 ;   79,62
526,62 ; 299,98 ;   9,212541 ;   93,01
528,66 ; 300,08 ;   6,929274 ;   70,22
530,69 ; 300,01 ;   6,634420 ;   67,89
532,72 ; 299,97 ;   9,113228 ;   92,77
534,76 ; 300,04 ;   8,717873 ;   88,69
536,79 ; 299,95 ;   7,040941 ;   71,79
538,82 ; 299,98 ;   9,507622 ;   96,99
540,86 ; 300,03 ;   7,627648 ;   77,07
542,89 ; 300,03 ;   7,433147 ;   75,33
544,92 ; 300,04 ;   8,131862 ;   82,18
546,96 ; 300,04 ;   7,931183 ;   80,93
548,99 ; 300,03 ;   8,125295 ;   82,07
551,02 ; 299,99 ;   8,217613 ;   83,30
553,06 ; 299,99 ;   8,722203 ;   88,36
555,09 ; 299,95 ;   8,128608 ;   82,65
557,12 ; 299,94 ;   8,922558 ;   90,11
559,16 ; 300,04 ;   8,317627 ;   84,50
561,19 ; 300,09 ;   6,636805 ;   67,22
563,22 ; 299,99 ;   7,336527 ;   74,61
565,26 ; 300,03 ;   9,511464 ;   96,37
567,29 ; 300,03 ;   7,530241 ;   76,44
569,32 ; 300,04 ;   8,122874 ;   82,14
571,36 ; 299,99 ;   7,922195 ;   80,89
573,39 ; 300,02 ;   8,822133 ;   89,48
575,42 ; 299,97 ;   7,730694 ;   78,90
577,46 ; 299,96 ;   8,812610 ;   89,78
579,49 ; 299,99 ;   8,317704 ;   84,17
581,52 ; 300,02 ;   7,730766 ;   78,07
583,56 ; 300,03 ;   7,730142 ;   78,91
585,59 ; 300,09 ;   7,822235 ;   79,85
587,62 ; 299,95 ;   7,234666 ;   73,43
589,66 ; 300,04 ;   10,200167 ;  103,77
591,69 ; 299,98 ;   6,740914 ;   68,30
593,72 ; 299,94 ;   8,914709 ;   90,71
595,76 ; 299,97 ;   8,924080 ;   90,17
597,79 ; 299,95 ;   7,730194 ;   78,36
599,82 ; 299,97 ;   8,522351 ;   86,67
601,86 ; 299,97 ;   7,832846 ;   79,52
603,89 ; 300,02 ;   8,126391 ;   82,96
605,92 ; 300,02 ;   7,439019 ;   75,51
607,96 ; 300,01 ;   8,126202 ;   82,37
609,99 ; 300,09 ;   8,230267 ;   83,61
612,02 ; 300,02 ;   6,940946 ;   70,03
614,06 ; 300,01 ;   9,116753 ;   92,62
616,09 ; 299,99 ;   8,229380 ;   83,58
618,12 ; 300,09 ;   8,325587 ;   84,92
620,16 ; 300,10 ;   6,646900 ;   67,73
622,19 ; 299,88 ;   7,741371 ;   78,93
624,22 ; 300,08 ;   11,595794 ;  117,22
626,26 ; 300,05 ;   5,058829 ;   51,80
628,29 ; 300,05 ;   8,427463 ;   85,23
630,32 ; 300,02 ;   8,023844 ;   81,79
632,36 ; 300,01 ;   8,620153 ;   87,98
634,39 ; 300,02 ;   8,230417 ;   83,51
636,42 ; 300,05 ;   8,032126 ;   81,12
638,46 ; 300,05 ;   7,539015 ;   76,05
640,49 ; 300,04 ;   8,034078 ;   81,75
642,52 ; 300,01 ;   8,335446 ;   84,22
644,56 ; 300,12 ;   8,530238 ;   86,90
646,59 ; 300,05 ;   6,353045 ;   64,93
648,62 ; 300,05 ;   8,923157 ;   90,84
650,66 ; 299,96 ;   8,034415 ;   81,68
652,69 ; 299,99 ;   9,521141 ;   96,57
654,72 ; 299,96 ;   7,637086 ;   77,90
656,76 ; 300,03 ;   8,619683 ;   87,45
658,79 ; 299,92 ;   7,040723 ;   71,70
660,82 ; 299,96 ;   9,815216 ;   99,38
662,86 ; 299,96 ;   7,638133 ;   77,18
664,89 ; 299,94 ;   8,124007 ;   82,91
666,92 ; 299,99 ;   8,530127 ;   86,64
668,96 ; 299,96 ;   7,333551 ;   74,53
670,99 ; 300,01 ;   8,618305 ;   87,50
673,02 ; 299,97 ;   7,426901 ;   75,49
675,06 ; 300,04 ;   8,722351 ;   88,56
677,09 ; 300,01 ;   7,038343 ;   71,67
679,12 ; 299,96 ;   8,528390 ;   86,91
681,15 ; 299,96 ;   8,822186 ;   89,80
683,19 ; 299,96 ;   8,132559 ;   82,95
685,22 ; 300,01 ;   8,124181 ;   82,96
687,25 ; 299,99 ;   7,435546 ;   75,51
689,29 ; 299,96 ;   8,334669 ;   84,85
691,32 ; 299,98 ;   8,630734 ;   87,54
693,35 ; 299,98 ;   7,829653 ;   79,25
695,39 ; 300,02 ;   8,133220 ;   82,68
697,42 ; 299,99 ;   7,629729 ;   77,71
699,45 ; 300,05 ;   8,525665 ;   86,01
701,49 ; 300,02 ;   7,132161 ;   72,65
703,52 ; 299,99 ;   8,620060 ;   87,99
705,55 ; 300,01 ;   8,425465 ;   85,99
707,59 ; 300,04 ;   7,929194 ;   80,08
709,62 ; 299,95 ;   7,637693 ;   77,40
711,65 ; 299,98 ;   9,519758 ;   96,87
713,69 ; 299,95 ;   7,538381 ;   76,95
715,72 ; 300,06 ;   8,722221 ;   88,89
717,75 ; 299,98 ;   6,353267 ;   64,54
719,79 ; 299,98 ;   9,317461 ;   94,10
721,82 ; 300,01 ;   8,123920 ;   82,68
723,85 ; 299,95 ;   7,738327 ;   78,95
725,89 ; 299,97 ;   9,118357 ;   92,32
727,92 ; 300,05 ;   7,832044 ;   79,46
729,95 ; 300,03 ;   6,840735 ;   69,23
731,99 ; 300,02 ;   8,427287 ;   85,52
734,02 ; 299,97 ;   8,325884 ;   84,57
736,05 ; 299,98 ;   8,823368 ;   89,73
738,09 ; 300,04 ;   7,932064 ;   80,40
740,12 ; 300,08 ;   7,234171 ;   73,99
742,15 ; 300,02 ;   7,436432 ;   75,76
744,19 ; 300,02 ;   9,024326 ;   91,40
746,22 ; 300,05 ;   8,134937 ;   82,25
748,25 ; 300,03 ;   7,536720 ;   76,03
750,29 ; 299,97 ;   8,435521 ;   85,46
752,32 ; 299,97 ;   9,024539 ;   91,98
754,35 ; 299,97 ;   8,126942 ;   82,83
756,39 ; 300,02 ;   8,135656 ;   82,84
758,42 ; 299,97 ;   7,439577 ;   75,39
760,45 ; 299,97 ;   8,830018 ;   89,70
762,49 ; 300,02 ;   8,135529 ;   82,85
764,52 ; 300,04 ;   7,435240 ;   75,40
766,55 ; 299,98 ;   7,730650 ;   78,53
768,59 ; 300,03 ;   8,923615 ;   90,65
770,62 ; 300,08 ;   7,438278 ;   75,20
772,65 ; 300,04 ;   7,344430 ;   74,59
774,69 ; 300,05 ;   8,630372 ;   87,65
776,72 ; 300,08 ;   7,831481 ;   79,43
778,75 ; 300,03 ;   7,638833 ;   77,98
780,79 ; 300,15 ;   8,721260 ;   88,85
782,82 ; 299,97 ;   6,244220 ;   63,34
784,85 ; 299,97 ;   10,805062 ;  109,03
786,89 ; 299,97 ;   8,127072 ;   82,74
788,92 ; 300,05 ;   8,135468 ;   82,75
790,95 ; 299,98 ;   6,849848 ;   69,09
792,99 ; 300,01 ;   9,124578 ;   92,83
795,02 ; 300,02 ;   7,732071 ;   78,82
797,05 ; 300,03 ;   8,032301 ;   81,00
799,09 ; 299,96 ;   7,832540 ;   79,66
801,12 ; 300,04 ;   9,226819 ;   93,12
803,15 ; 299,96 ;   6,949933 ;   70,41
805,19 ; 300,02 ;   9,326947 ;   94,27
807,22 ; 300,02 ;   7,344409 ;   74,14
809,25 ; 300,02 ;   8,134898 ;   82,14
811,29 ; 299,98 ;   8,133652 ;   82,14
813,32 ; 299,98 ;   8,627204 ;   87,10
815,35 ; 299,99 ;   8,131245 ;   82,54
817,39 ; 299,96 ;   8,024184 ;   81,30
819,42 ; 299,97 ;   8,630567 ;   87,41
821,45 ; 299,92 ;   8,031295 ;   81,61
823,49 ; 299,96 ;   8,921768 ;   90,21
825,52 ; 300,06 ;   7,639283 ;   77,16
827,55 ; 300,01 ;   6,545849 ;   66,73
829,59 ; 300,02 ;   8,922706 ;   90,27
831,62 ; 300,03 ;   8,031924 ;   81,03
833,65 ; 300,14 ;   7,831657 ;   79,68
835,69 ; 299,95 ;   6,351671 ;   64,56
837,72 ; 300,05 ;   10,900031 ;  111,59
839,75 ; 300,01 ;   6,276479 ;   65,64
841,79 ; 300,05 ;   8,597451 ;   89,09
843,82 ; 300,05 ;   7,136913 ;   74,77
845,85 ; 299,95 ;   7,825247 ;   81,61
847,89 ; 299,99 ;   9,499977 ;   99,00
849,92 ; 299,85 ;   7,261520 ;   75,55
851,95 ; 298,52 ;   10,095479 ;  104,79
853,99 ; 296,16 ;   12,014361 ;  125,00
856,02 ; 293,65 ;   12,030040 ;  125,00
858,05 ; 291,13 ;   12,034891 ;  125,00
860,09 ; 288,80 ;   11,943626 ;  125,00
862,12 ; 286,84 ;   11,913298 ;  125,00
864,15 ; 285,04 ;   11,916920 ;  125,00
866,19 ; 283,53 ;   11,909822 ;  125,00
868,22 ; 282,21 ;   11,908890 ;  125,00
870,25 ; 280,99 ;   11,910232 ;  125,00
872,29 ; 280,02 ;   11,882836 ;  125,00
874,32 ; 279,14 ;   11,874067 ;  125,00
876,35 ; 278,39 ;   11,888049 ;  125,00
878,39 ; 277,84 ;   11,881984 ;  125,00
880,42 ; 277,30 ;   11,879067 ;  125,00
882,45 ; 276,80 ;   11,863758 ;  125,00
884,49 ; 276,48 ;   11,858739 ;  125,00
886,52 ; 276,15 ;   11,859167 ;  125,00
888,55 ; 275,98 ;   11,865316 ;  125,00
890,59 ; 275,83 ;   11,868312 ;  125,00
892,62 ; 275,73 ;   11,864515 ;  125,00
894,65 ; 275,66 ;   11,860983 ;  125,00
896,69 ; 275,67 ;   11,853318 ;  125,00
898,72 ; 275,73 ;   11,863616 ;  125,00
900,75 ; 275,80 ;   11,855512 ;  125,00
902,79 ; 276,05 ;   11,854140 ;  125,00
904,82 ; 276,07 ;   11,858704 ;  125,00
906,85 ; 276,37 ;   11,849506 ;  125,00
908,89 ; 276,53 ;   11,843743 ;  125,00
910,92 ; 276,80 ;   11,841841 ;  125,00
912,95 ; 277,05 ;   11,808206 ;  125,00
914,99 ; 277,27 ;   11,805156 ;  125,00
917,02 ; 277,52 ;   11,811734 ;  125,00
919,05 ; 277,95 ;   11,875677 ;  125,00
921,09 ; 278,20 ;   11,851689 ;  125,00
923,12 ; 278,53 ;   11,852342 ;  125,00
925,15 ; 278,84 ;   11,836018 ;  125,00
927,19 ; 279,21 ;   11,849785 ;  125,00
929,22 ; 279,57 ;   11,811252 ;  125,00
931,25 ; 279,93 ;   11,793172 ;  125,00
933,29 ; 280,29 ;   11,791612 ;  125,00
935,32 ; 280,68 ;   11,843392 ;  125,00
937,35 ; 281,13 ;   11,841953 ;  125,00
939,39 ; 281,44 ;   11,855264 ;  125,00
941,42 ; 281,87 ;   11,843566 ;  125,00
943,45 ; 282,26 ;   11,852739 ;  125,00
945,49 ; 282,64 ;   11,861461 ;  125,00
947,52 ; 283,02 ;   11,849793 ;  125,00
949,55 ; 283,46 ;   11,823150 ;  125,00
951,59 ; 283,88 ;   11,808577 ;  125,00
953,62 ; 284,26 ;   11,808917 ;  125,00
955,65 ; 284,69 ;   11,821828 ;  125,00
957,69 ; 285,13 ;   11,825740 ;  125,00
959,72 ; 285,54 ;   11,833999 ;  124,45
961,75 ; 285,98 ;   11,839477 ;  125,00
963,79 ; 286,34 ;   10,925338 ;  114,80
965,82 ; 286,79 ;   11,804242 ;  124,03
967,85 ; 287,27 ;   10,529387 ;  110,40
969,89 ; 287,62 ;   9,819624 ;  103,03
971,92 ; 288,04 ;   11,470681 ;  120,14
973,95 ; 288,44 ;   10,255672 ;  107,59
975,99 ; 288,77 ;   10,347517 ;  108,98
978,02 ; 289,16 ;   11,319589 ;  118,05
980,05 ; 289,56 ;   10,188325 ;  106,78
982,09 ; 289,87 ;   9,796025 ;  102,01
984,12 ; 290,30 ;   11,045302 ;  115,69
986,15 ; 290,63 ;   9,041745 ;   94,50
988,19 ; 291,02 ;   10,169286 ;  106,37
990,22 ; 291,25 ;   9,099419 ;   95,80
992,25 ; 291,57 ;   11,390665 ;  119,17
994,29 ; 291,82 ;   9,875527 ;  103,59
996,32 ; 292,22 ;   10,727930 ;  112,83
998,35 ; 292,40 ;   8,456571 ;   88,14
1000,39 ; 292,77 ;   11,422227 ;  119,80
1002,42 ; 293,08 ;   8,565335 ;   89,64
1004,45 ; 293,33 ;   9,113387 ;   95,47
1006,49 ; 293,55 ;   9,897867 ;  103,19
1008,52 ; 293,81 ;   10,093159 ;  105,44
1010,55 ; 294,08 ;   9,517690 ;   99,22
1012,59 ; 294,23 ;   9,243242 ;   96,22
1014,62 ; 294,42 ;   10,878817 ;  113,01
1016,65 ; 294,70 ;   10,110834 ;  105,13
1018,69 ; 294,82 ;   8,766711 ;   91,62
1020,72 ; 295,06 ;   10,884558 ;  113,09
1022,75 ; 295,31 ;   9,063022 ;   94,17
1024,79 ; 295,44 ;   8,758421 ;   91,11
1026,82 ; 295,61 ;   10,401909 ;  108,99
1028,85 ; 295,88 ;   9,735499 ;  101,08
1030,89 ; 296,01 ;   7,991834 ;   83,88
1032,92 ; 296,23 ;   10,113328 ;  105,04
1034,95 ; 296,41 ;   8,606127 ;   89,52
1036,99 ; 296,52 ;   8,878315 ;   92,69
1039,02 ; 296,69 ;   9,956316 ;  103,64
1041,05 ; 296,77 ;   9,094310 ;   94,42
1043,09 ; 296,91 ;   10,258290 ;  106,84
1045,12 ; 297,08 ;   9,191588 ;   95,49
1047,15 ; 297,12 ;   8,814654 ;   91,88
1049,19 ; 297,34 ;   10,654159 ;  110,42
1051,22 ; 297,35 ;   7,955460 ;   82,07
1053,26 ; 297,51 ;   10,839495 ;  112,27
1055,29 ; 297,58 ;   8,741805 ;   90,38
1057,32 ; 297,73 ;   9,891598 ;  102,69
1059,36 ; 297,84 ;   8,644568 ;   89,96
1061,39 ; 298,05 ;   9,128725 ;   94,88
1063,42 ; 298,13 ;   7,486532 ;   77,87
1065,46 ; 298,20 ;   9,314401 ;   96,81
1067,49 ; 298,31 ;   9,328997 ;   96,29
1069,52 ; 298,43 ;   8,751820 ;   90,78
1071,56 ; 298,43 ;   8,557029 ;   88,56
1073,59 ; 298,59 ;   10,311837 ;  106,11
1075,62 ; 298,62 ;   7,791154 ;   80,42
1077,66 ; 298,69 ;   9,825087 ;  101,05
1079,69 ; 298,78 ;   9,052444 ;   93,64
1081,72 ; 298,78 ;   8,655894 ;   89,36
1083,76 ; 298,77 ;   10,028058 ;  103,38
1085,79 ; 298,98 ;   10,116928 ;  104,93
1087,82 ; 299,05 ;   6,817794 ;   70,56
1089,86 ; 299,19 ;   8,853528 ;   91,73
1091,89 ; 299,13 ;   7,600397 ;   78,75
1093,92 ; 299,19 ;   10,510386 ;  108,22
1095,96 ; 299,26 ;   8,864572 ;   91,74
1097,99 ; 299,35 ;   8,574258 ;   88,77
1100,02 ; 299,48 ;   8,185840 ;   84,33
1102,06 ; 299,48 ;   7,502277 ;   77,10
1104,09 ; 299,52 ;   9,359582 ;   96,65
1106,12 ; 299,55 ;   8,779083 ;   90,57
1108,16 ; 299,60 ;   8,877348 ;   91,44
1110,19 ; 299,57 ;   8,586118 ;   88,67
1112,22 ; 299,71 ;   9,758519 ;  100,60
1114,26 ; 299,71 ;   7,130334 ;   73,76
1116,29 ; 299,72 ;   9,165496 ;   94,41
1118,32 ; 299,69 ;   9,068510 ;   93,24
1120,36 ; 299,74 ;   9,654239 ;   99,43
1122,39 ; 299,80 ;   8,391087 ;   86,24
1124,42 ; 299,80 ;   8,287370 ;   85,60
1126,46 ; 299,80 ;   8,970274 ;   92,42
1128,49 ; 299,83 ;   9,067650 ;   93,61
1130,52 ; 299,94 ;   8,672240 ;   89,93
1132,56 ; 299,94 ;   7,406015 ;   76,00
1134,59 ; 299,91 ;   8,964167 ;   92,02
1136,62 ; 299,98 ;   9,262737 ;   95,77
1138,66 ; 299,97 ;   7,892575 ;   81,18
1140,69 ; 299,95 ;   9,061484 ;   93,95
1142,72 ; 299,95 ;   9,253316 ;   95,40
1144,76 ; 300,05 ;   8,863609 ;   91,99
1146,79 ; 299,98 ;   7,209069 ;   74,61
1148,82 ; 300,06 ;   9,835726 ;  101,78
1150,86 ; 300,10 ;   7,700216 ;   79,07
1152,89 ; 300,01 ;   8,186938 ;   84,27
1154,92 ; 300,05 ;   10,138484 ;  104,87
1156,96 ; 300,10 ;   8,089610 ;   83,70
1158,99 ; 300,05 ;   8,092396 ;   83,08
1161,02 ; 300,09 ;   9,463149 ;   97,38
1163,06 ; 300,16 ;   8,294807 ;   85,53
1165,09 ; 300,17 ;   7,516407 ;   77,64
1167,12 ; 300,09 ;   8,490547 ;   87,80
1169,16 ; 300,14 ;   9,962096 ;  102,56
1171,19 ; 300,18 ;   7,918378 ;   81,27
1173,22 ; 300,12 ;   8,110549 ;   83,02
1175,26 ; 300,16 ;   9,581609 ;   98,63
1177,29 ; 300,14 ;   8,022823 ;   82,00
1179,32 ; 300,22 ;   8,993073 ;   92,55
1181,36 ; 300,14 ;   7,417205 ;   76,66
1183,39 ; 300,17 ;   9,763033 ;  100,46
1185,42 ; 300,22 ;   8,209019 ;   84,02
1187,46 ; 300,14 ;   7,913448 ;   81,09
1189,49 ; 300,16 ;   9,762090 ;  100,33
1191,52 ; 300,16 ;   8,306456 ;   85,13
1193,56 ; 300,15 ;   8,602211 ;   88,52
1195,59 ; 300,16 ;   8,804088 ;   90,96
1197,62 ; 300,17 ;   8,408760 ;   86,15
1199,66 ; 300,15 ;   8,510217 ;   87,15
1201,69 ; 300,28 ;   8,897608 ;   91,98
1203,72 ; 300,17 ;   6,562324 ;   67,40
1205,76 ; 300,23 ;   10,166977 ;  104,14
1207,79 ; 300,18 ;   7,629030 ;   78,15
1209,82 ; 300,24 ;   9,296594 ;   95,94
1211,86 ; 300,26 ;   7,545007 ;   77,96
1213,89 ; 300,26 ;   8,224447 ;   84,55
1215,93 ; 300,24 ;   8,419587 ;   86,77
1217,96 ; 300,18 ;   8,710470 ;   89,19
1219,99 ; 300,24 ;   9,407534 ;   96,79
1222,03 ; 300,17 ;   7,554463 ;   77,65
1224,06 ; 300,22 ;   9,503539 ;   97,92
1226,09 ; 300,23 ;   7,837600 ;   80,13
1228,13 ; 300,22 ;   8,228099 ;   84,45
1230,16 ; 300,17 ;   8,717439 ;   89,16
1232,19 ; 300,22 ;   9,209641 ;   94,28
1234,23 ; 300,20 ;   7,740362 ;   79,92
1236,26 ; 300,28 ;   8,713576 ;   89,21
1238,29 ; 300,20 ;   7,246869 ;   74,44
1240,33 ; 300,18 ;   9,590634 ;   98,23
1242,36 ; 300,17 ;   8,819983 ;   90,48
1244,39 ; 300,18 ;   8,621632 ;   88,24
1246,43 ; 300,18 ;   8,323874 ;   85,81
1248,46 ; 300,23 ;   8,425737 ;   86,91
1250,49 ; 300,14 ;   7,643814 ;   78,17
1252,53 ; 300,14 ;   9,895429 ;  101,02
1254,56 ; 300,18 ;   8,536609 ;   87,27
1256,59 ; 300,20 ;   7,948071 ;   81,02
1258,63 ; 300,27 ;   8,238600 ;   84,20
1260,66 ; 300,17 ;   7,360647 ;   75,25
1262,69 ; 300,18 ;   9,807085 ;  100,38
1264,73 ; 300,27 ;   8,345267 ;   85,38
1266,76 ; 300,20 ;   7,069256 ;   72,81
1268,79 ; 300,26 ;   9,412004 ;   96,50
1270,83 ; 300,18 ;   7,454980 ;   76,23
1272,86 ; 300,20 ;   9,514967 ;   97,74
1274,89 ; 300,16 ;   8,150854 ;   83,77
1276,93 ; 300,23 ;   8,840827 ;   90,98
1278,96 ; 300,20 ;   7,365800 ;   75,18
1280,99 ; 300,18 ;   8,931343 ;   91,62
1283,03 ; 300,24 ;   8,641425 ;   88,34
1285,06 ; 300,23 ;   7,459478 ;   76,06
1287,09 ; 300,18 ;   8,450064 ;   86,39
1289,13 ; 300,17 ;   9,131376 ;   93,89
1291,16 ; 300,08 ;   8,545483 ;   87,08
1293,19 ; 300,13 ;   9,826499 ;  100,80
1295,23 ; 300,09 ;   7,764755 ;   79,62
1297,26 ; 300,14 ;   9,035897 ;   92,66
1299,29 ; 300,17 ;   7,664116 ;   78,22
1301,33 ; 300,28 ;   7,952864 ;   81,22
1303,36 ; 300,22 ;   6,687802 ;   68,34
1305,39 ; 300,20 ;   9,234682 ;   94,22
1307,43 ; 300,15 ;   8,648598 ;   88,75
1309,46 ; 300,20 ;   9,043968 ;   92,72
1311,49 ; 300,20 ;   7,667658 ;   78,37
1313,53 ; 300,17 ;   8,357233 ;   85,18
1315,56 ; 300,17 ;   8,644910 ;   88,86
1317,59 ; 300,14 ;   8,349739 ;   85,39
1319,63 ; 300,14 ;   8,846632 ;   90,32
1321,66 ; 300,15 ;   8,357686 ;   85,71
1323,69 ; 300,14 ;   8,258636 ;   84,43
1325,73 ; 300,08 ;   8,458219 ;   86,78
1327,76 ; 300,15 ;   9,341983 ;   95,54
1329,79 ; 300,12 ;   7,377234 ;   75,19
1331,83 ; 300,20 ;   8,843504 ;   90,41
1333,86 ; 300,13 ;   7,085372 ;   72,14
1335,89 ; 300,16 ;   9,536611 ;   97,08
1337,93 ; 300,09 ;   7,767007 ;   79,41
1339,96 ; 300,16 ;   9,535736 ;   97,51
1341,99 ; 300,18 ;   7,176223 ;   73,64
1344,03 ; 300,18 ;   8,058969 ;   82,54
1346,06 ; 300,17 ;   8,256750 ;   84,78
1348,09 ; 300,12 ;   8,345412 ;   85,97
1350,13 ; 300,13 ;   9,140191 ;   93,49
1352,16 ; 300,10 ;   8,255605 ;   84,21
1354,19 ; 300,18 ;   8,743527 ;   89,05
1356,23 ; 300,15 ;   7,173161 ;   73,17
1358,26 ; 300,16 ;   8,736609 ;   89,53
1360,29 ; 300,09 ;   8,055610 ;   82,43
1362,33 ; 300,17 ;   9,530712 ;   97,10
1364,36 ; 300,16 ;   6,985000 ;   71,98
1366,39 ; 300,17 ;   8,355178 ;   85,75
1368,43 ; 300,12 ;   8,153546 ;   83,32
1370,46 ; 300,09 ;   9,137271 ;   93,12
1372,49 ; 300,09 ;   8,837858 ;   90,07
1374,53 ; 300,12 ;   8,357222 ;   85,47
1376,56 ; 300,12 ;   7,865919 ;   80,47
1378,59 ; 300,06 ;   8,347303 ;   85,02
1380,63 ; 300,12 ;   9,132936 ;   93,68
1382,66 ; 300,06 ;   7,468447 ;   76,97
1384,69 ; 300,08 ;   9,142010 ;   93,65
1386,73 ; 300,17 ;   8,163578 ;   83,14
1388,76 ; 300,06 ;   6,884428 ;   70,49
1390,79 ; 300,17 ;   9,931019 ;  101,57
1392,83 ; 300,14 ;   6,690816 ;   68,15
1394,86 ; 300,13 ;   8,745156 ;   89,08
1396,89 ; 300,04 ;   8,459298 ;   86,95
1398,93 ; 300,08 ;   9,630354 ;   98,31
1400,96 ; 300,12 ;   7,770674 ;   79,51
1402,99 ; 300,09 ;   7,668969 ;   78,99
1405,03 ; 300,09 ;   8,745679 ;   89,65
1407,06 ; 299,97 ;   8,364172 ;   85,05
1409,09 ; 300,04 ;   10,130617 ;  103,68
1411,13 ; 300,06 ;   7,375702 ;   75,35
1413,16 ; 300,08 ;   7,975111 ;   81,90
1415,19 ; 300,09 ;   8,065610 ;   82,83
1417,23 ; 300,13 ;   8,168458 ;   83,85
1419,26 ; 300,09 ;   7,681619 ;   78,76
1421,29 ; 300,10 ;   8,859089 ;   90,66
1423,33 ; 300,06 ;   8,072370 ;   82,43
1425,36 ; 300,02 ;   8,863947 ;   90,90
1427,39 ; 299,98 ;   9,050628 ;   92,63
1429,43 ; 300,05 ;   8,862469 ;   90,74
1431,46 ; 300,06 ;   7,276561 ;   74,99
1433,49 ; 299,98 ;   8,259422 ;   84,02
1435,53 ; 300,03 ;   9,537870 ;   97,57
1437,56 ; 300,01 ;   7,672871 ;   78,69
1439,59 ; 300,01 ;   8,763107 ;   89,27
1441,63 ; 300,06 ;   8,364531 ;   85,84
1443,66 ; 300,06 ;   7,581286 ;   77,13
1445,69 ; 300,02 ;   8,368158 ;   85,12
1447,73 ; 300,05 ;   9,057344 ;   92,56
1449,76 ; 300,06 ;   7,780669 ;   79,49
1451,79 ; 300,04 ;   8,165094 ;   83,95
1453,83 ; 300,10 ;   8,656518 ;   88,80
1455,86 ; 300,08 ;   7,381671 ;   75,42
1457,89 ; 300,06 ;   8,667408 ;   88,27
1459,93 ; 300,09 ;   8,573939 ;   87,30
1461,96 ; 300,06 ;   7,974680 ;   81,27
1463,99 ; 300,10 ;   8,665648 ;   88,41
1466,03 ; 300,05 ;   7,683462 ;   78,75
1468,06 ; 300,03 ;   8,961788 ;   91,90
1470,09 ; 300,01 ;   8,671544 ;   88,75
1472,13 ; 300,05 ;   8,770419 ;   89,04
1474,16 ; 300,01 ;   7,685654 ;   78,15
1476,19 ; 300,05 ;   9,061674 ;   92,45
1478,23 ; 300,04 ;   7,686100 ;   78,14
1480,26 ; 300,03 ;   8,572886 ;   87,47
1482,29 ; 299,96 ;   8,480294 ;   86,41
1484,33 ; 300,06 ;   9,465823 ;   96,44
1486,36 ; 300,02 ;   6,903399 ;   70,01
1488,39 ; 300,12 ;   9,064867 ;   92,31
1490,43 ; 300,04 ;   6,804163 ;   69,30
1492,46 ; 300,02 ;   9,464049 ;   96,56
1494,49 ; 300,08 ;   8,667837 ;   88,84
1496,53 ; 300,08 ;   7,382218 ;   75,47
1498,56 ; 299,98 ;   8,277542 ;   84,59
1500,59 ; 300,08 ;   9,754716 ;   99,49
1502,63 ; 300,06 ;   6,901999 ;   70,86
1504,66 ; 300,02 ;   8,565593 ;   87,04
1506,69 ; 300,13 ;   9,062991 ;   92,20
1508,73 ; 300,13 ;   6,600027 ;   67,93
1510,76 ; 300,03 ;   8,176388 ;   83,91
1512,79 ; 300,12 ;   9,646258 ;   98,78
1514,83 ; 300,04 ;   6,992458 ;   71,39
1516,86 ; 300,06 ;   9,455334 ;   96,36
1518,89 ; 300,06 ;   7,980117 ;   81,20
1520,93 ; 300,09 ;   8,281551 ;   84,61
1522,96 ; 300,06 ;   7,888436 ;   80,87
1524,99 ; 300,10 ;   8,574216 ;   88,00
1527,03 ; 300,04 ;   7,688537 ;   78,34
1529,06 ; 300,03 ;   9,165385 ;   93,97
1531,09 ; 299,98 ;   8,473271 ;   86,06
1533,13 ; 300,04 ;   9,065207 ;   92,37
1535,16 ; 300,04 ;   7,491925 ;   76,82
1537,19 ; 300,01 ;   8,263519 ;   84,80
1539,23 ; 300,06 ;   8,750425 ;   89,77
1541,26 ; 299,98 ;   7,478506 ;   76,50
1543,29 ; 300,04 ;   9,433510 ;   96,90
1545,33 ; 300,03 ;   7,475465 ;   76,77
1547,36 ; 300,04 ;   8,457865 ;   86,01
1549,39 ; 300,03 ;   8,174358 ;   83,62
1551,43 ; 300,06 ;   8,375766 ;   86,00
1553,46 ; 300,01 ;   7,782917 ;   79,88
1555,49 ; 300,05 ;   9,160846 ;   93,13
1557,53 ; 300,04 ;   7,584969 ;   77,67
1559,56 ; 300,02 ;   8,568595 ;   87,00
1561,59 ; 300,02 ;   8,667776 ;   88,43
1563,63 ; 300,05 ;   8,275298 ;   85,00
1565,66 ; 299,95 ;   7,684575 ;   78,78
1567,69 ; 299,99 ;   9,936541 ;  101,88
1569,73 ; 300,01 ;   7,685691 ;   78,43
1571,76 ; 299,96 ;   8,074801 ;   82,81
1573,79 ; 300,02 ;   9,061928 ;   92,55
1575,83 ; 300,04 ;   7,585177 ;   77,01
1577,86 ; 300,04 ;   7,983967 ;   81,27
1579,89 ; 299,92 ;   8,268980 ;   84,69
1581,93 ; 299,92 ;   10,142491 ;  103,33
1583,96 ; 299,97 ;   8,487492 ;   86,20
1585,99 ; 300,02 ;   7,688861 ;   78,76
1588,03 ; 300,01 ;   7,686672 ;   78,17
1590,06 ; 300,03 ;   8,479530 ;   86,27
1592,09 ; 300,09 ;   7,980289 ;   81,39
1594,13 ; 299,97 ;   7,490015 ;   76,12
1596,16 ; 300,01 ;   10,052836 ;  102,73
1598,19 ; 300,01 ;   7,797316 ;   79,38
1600,23 ; 300,02 ;   8,379054 ;   85,10
1602,26 ; 299,98 ;   8,180852 ;   83,85
1604,29 ; 300,01 ;   8,773711 ;   89,96
1606,33 ; 300,06 ;   7,992674 ;   81,67
1608,36 ; 300,01 ;   7,499341 ;   76,40
1610,39 ; 300,04 ;   9,172690 ;   93,08
1612,43 ; 300,05 ;   7,903484 ;   80,10
1614,46 ; 300,05 ;   8,100386 ;   82,18
1616,49 ; 300,01 ;   8,295099 ;   84,45
1618,53 ; 299,98 ;   8,985568 ;   91,89
1620,56 ; 300,03 ;   8,682789 ;   88,76
1622,59 ; 300,05 ;   7,602209 ;   77,88
1624,63 ; 300,04 ;   8,002821 ;   81,01
1626,66 ; 300,04 ;   8,496489 ;   86,91
1628,69 ; 300,03 ;   8,289550 ;   84,61
1630,73 ; 300,06 ;   8,389602 ;   85,84
1632,76 ; 299,91 ;   7,796236 ;   79,72
1634,79 ; 300,01 ;   10,565167 ;  107,90
1636,83 ; 300,02 ;   7,022065 ;   71,28
1638,86 ; 300,05 ;   8,194747 ;   83,75
1640,89 ; 300,02 ;   7,694512 ;   78,68
1642,93 ; 299,98 ;   8,891605 ;   90,59
1644,96 ; 300,01 ;   8,787001 ;   89,85
1646,99 ; 299,96 ;   8,001574 ;   81,55
1649,03 ; 300,03 ;   9,087064 ;   92,43
1651,06 ; 300,04 ;   7,312575 ;   74,39
1653,09 ; 300,12 ;   8,189521 ;   83,44
1655,13 ; 300,13 ;   7,111468 ;   72,14
1657,16 ; 300,08 ;   8,098836 ;   82,30
1659,19 ; 300,09 ;   8,887419 ;   90,87
1661,23 ; 300,13 ;   8,098899 ;   82,75
1663,26 ; 300,04 ;   7,608179 ;   77,65
1665,29 ; 300,09 ;   9,583360 ;   97,01
1667,33 ; 300,09 ;   7,514128 ;   76,97
1669,36 ; 300,06 ;   8,202207 ;   83,80
1671,39 ; 299,98 ;   8,596899 ;   87,51
1673,43 ; 299,99 ;   9,492552 ;   96,49
1675,46 ; 300,06 ;   8,201599 ;   83,82
1677,49 ; 300,10 ;   7,212823 ;   73,78
1679,53 ; 300,08 ;   7,613907 ;   77,84
1681,56 ; 300,04 ;   8,595865 ;   87,26
1683,59 ; 300,01 ;   8,896868 ;   90,02
1685,63 ; 299,94 ;   8,795076 ;   89,27
1687,66 ; 300,08 ;   9,390130 ;   95,88
1689,69 ; 300,02 ;   6,225353 ;   63,24
1691,73 ; 300,02 ;   9,181753 ;   93,73
1693,76 ; 300,03 ;   8,301417 ;   84,59
1695,79 ; 300,01 ;   8,100514 ;   82,10
1697,83 ; 300,14 ;   8,696183 ;   88,11
1699,86 ; 300,06 ;   6,233437 ;   63,55
1701,89 ; 300,03 ;   9,391977 ;   95,37
1703,93 ; 300,02 ;   8,706962 ;   88,90
1705,96 ; 300,08 ;   8,507544 ;   86,80
1707,99 ; 300,08 ;   7,318424 ;   74,57
1710,03 ; 300,04 ;   8,208068 ;   83,69
1712,06 ; 300,02 ;   8,801643 ;   89,89
1714,09 ; 300,03 ;   8,599269 ;   87,89
1716,13 ; 300,08 ;   8,006980 ;   81,97
1718,16 ; 300,02 ;   7,520371 ;   76,80
1720,19 ; 300,09 ;   9,197098 ;   93,57
1722,23 ; 300,10 ;   7,227443 ;   73,24
1724,26 ; 300,03 ;   8,015889 ;   81,02
1726,29 ; 300,01 ;   9,297965 ;   94,46
1728,33 ; 300,04 ;   8,603828 ;   87,90
1730,36 ; 300,06 ;   7,824478 ;   79,50
1732,39 ; 300,05 ;   7,913884 ;   80,33
1734,43 ; 299,98 ;   8,318056 ;   84,99
1736,46 ; 300,03 ;   9,399149 ;   95,01
1738,49 ; 300,04 ;   7,623145 ;   77,27
1740,53 ; 300,06 ;   8,108192 ;   82,88
1742,56 ; 300,02 ;   7,916972 ;   80,29
1744,59 ; 300,10 ;   9,005877 ;   91,15
1746,63 ; 300,04 ;   6,926187 ;   70,62
1748,66 ; 300,13 ;   9,209104 ;   93,11
1750,69 ; 300,06 ;   6,935001 ;   70,29
1752,73 ; 300,15 ;   9,106660 ;   92,77
1754,76 ; 300,16 ;   6,827758 ;   69,95
1756,79 ; 300,09 ;   7,816112 ;   79,99
1758,83 ; 300,08 ;   9,309783 ;   94,67
1760,86 ; 300,10 ;   8,322352 ;   84,46
1762,89 ; 299,98 ;   7,817825 ;   79,56
1764,93 ; 300,08 ;   9,997816 ;  101,60
1766,96 ; 300,02 ;   6,839376 ;   69,55
1768,99 ; 300,04 ;   9,209057 ;   93,19
1771,03 ; 300,03 ;   7,918261 ;   80,32
1773,06 ; 300,06 ;   8,312590 ;   84,98
1775,09 ; 300,04 ;   7,725814 ;   78,85
1777,13 ; 300,05 ;   8,605926 ;   87,14
1779,16 ; 300,01 ;   8,012150 ;   81,22
1781,19 ; 300,10 ;   8,911244 ;   90,95
1783,23 ; 300,03 ;   6,836721 ;   69,18
1785,26 ; 300,01 ;   9,302705 ;   94,04
1787,29 ; 300,03 ;   8,607486 ;   87,48
1789,33 ; 299,97 ;   7,918244 ;   80,32
1791,36 ; 300,02 ;   9,202049 ;   93,68
1793,39 ; 300,02 ;   7,628161 ;   77,09
1795,43 ; 299,92 ;   8,223175 ;   83,94
1797,46 ; 299,98 ;   9,698988 ;   98,85
1799,49 ; 300,03 ;   7,428085 ;   75,21
1801,53 ; 300,01 ;   7,529621 ;   76,91
1803,56 ; 300,02 ;   8,612629 ;   87,49
1805,59 ; 300,08 ;   8,123851 ;   82,81
1807,63 ; 300,03 ;   7,329085 ;   74,01
1809,66 ; 300,01 ;   8,915385 ;   90,59
1811,69 ; 300,01 ;   8,611608 ;   87,45
1813,73 ; 300,04 ;   8,318779 ;   84,02
1815,76 ; 300,06 ;   7,824865 ;   79,05
1817,79 ; 300,05 ;   7,821738 ;   79,88
1819,83 ; 300,04 ;   8,316671 ;   84,54
1821,86 ; 300,04 ;   8,418941 ;   85,87
1823,89 ; 299,98 ;   8,217189 ;   83,57
1825,93 ; 300,02 ;   9,116704 ;   92,26
1827,96 ; 299,98 ;   7,823804 ;   79,29
1829,99 ; 300,01 ;   8,719225 ;   88,83
1832,03 ; 300,12 ;   7,925552 ;   80,53
1834,06 ; 299,95 ;   6,539705 ;   66,55
1836,09 ; 300,03 ;   10,793244 ;  109,87
1838,13 ; 299,98 ;   7,032250 ;   71,08
1840,16 ; 300,01 ;   9,004996 ;   91,10
1842,19 ; 299,96 ;   7,923384 ;   80,51
1844,23 ; 299,96 ;   9,014392 ;   91,39
1846,26 ; 299,97 ;   8,319031 ;   84,55
1848,29 ; 300,03 ;   8,218153 ;   83,31
1850,33 ; 299,94 ;   7,332007 ;   74,53
1852,36 ; 300,04 ;   9,705348 ;   98,58
1854,39 ; 300,09 ;   6,736223 ;   68,72
1856,42 ; 299,94 ;   7,531360 ;   76,11
1858,46 ; 300,06 ;   10,494045 ;  106,56
1860,49 ; 300,04 ;   6,336352 ;   64,98
1862,52 ; 300,08 ;   8,513794 ;   86,97
1864,56 ; 300,04 ;   7,630611 ;   77,32
1866,59 ; 300,02 ;   8,818508 ;   89,23
1868,62 ; 299,99 ;   8,615887 ;   87,23
1870,66 ; 300,01 ;   8,624554 ;   87,53
1872,69 ; 299,92 ;   8,020837 ;   81,62
1874,72 ; 299,98 ;   9,611995 ;   97,56
1876,76 ; 300,03 ;   7,434275 ;   75,07
1878,79 ; 300,01 ;   7,536693 ;   76,77
1880,82 ; 299,94 ;   8,620081 ;   87,34
1882,86 ; 300,10 ;   9,415442 ;   95,10
1884,89 ; 300,08 ;   5,746609 ;   58,74
1886,93 ; 300,03 ;   8,517399 ;   86,44
1888,96 ; 300,01 ;   8,912902 ;   90,44
1890,99 ; 300,04 ;   8,628472 ;   87,30
1893,02 ; 300,01 ;   7,737126 ;   78,90
1895,06 ; 300,04 ;   8,723581 ;   88,43
1897,09 ; 300,06 ;   7,737629 ;   78,89
1899,13 ; 300,16 ;   7,836855 ;   79,72
1901,16 ; 300,15 ;   6,542978 ;   66,99
1903,19 ; 300,14 ;   8,326929 ;   84,29
1905,22 ; 300,03 ;   8,233935 ;   83,21
1907,26 ; 300,06 ;   9,814586 ;   99,42
1909,29 ; 300,08 ;   7,729686 ;   78,44
1911,32 ; 300,12 ;   7,932156 ;   80,51
1913,36 ; 299,97 ;   7,534868 ;   76,57
1915,39 ; 299,98 ;   10,398833 ;  105,86
1917,42 ; 300,08 ;   8,023225 ;   81,67
1919,46 ; 300,05 ;   6,837594 ;   69,05
1921,49 ; 299,99 ;   8,516212 ;   86,47
1923,52 ; 300,04 ;   9,114899 ;   92,97
1925,56 ; 299,99 ;   7,527325 ;   76,37
1927,59 ; 300,03 ;   8,923266 ;   90,67
1929,62 ; 300,02 ;   7,627612 ;   77,60
1931,66 ; 299,97 ;   8,427144 ;   85,80
1933,69 ; 299,97 ;   8,922389 ;   90,96
1935,72 ; 299,97 ;   8,328064 ;   84,11
1937,76 ; 299,92 ;   8,323248 ;   84,12
1939,79 ; 299,91 ;   9,015305 ;   91,58
1941,82 ; 299,97 ;   8,427706 ;   85,99
1943,86 ; 300,02 ;   7,537047 ;   76,17
1945,89 ; 300,04 ;   7,526692 ;   76,72
1947,92 ; 299,98 ;   7,830633 ;   79,85
1949,96 ; 299,91 ;   9,022077 ;   91,97
1951,99 ; 300,08 ;   9,408901 ;   95,16
1954,02 ; 300,01 ;   5,756126 ;   58,79
1956,06 ; 299,99 ;   9,214491 ;   93,96
1958,09 ; 299,98 ;   8,528527 ;   86,16
1960,12 ; 299,98 ;   8,432570 ;   85,11
1962,16 ; 300,01 ;   8,223049 ;   83,98
1964,19 ; 300,02 ;   7,929868 ;   80,25
1966,22 ; 299,97 ;   8,133953 ;   82,44
1968,26 ; 299,98 ;   9,021305 ;   91,03
1970,29 ; 300,13 ;   8,029129 ;   81,69
1972,32 ; 300,03 ;   6,049180 ;   61,61
1974,36 ; 299,97 ;   9,616945 ;   97,07
1976,39 ; 300,03 ;   9,214305 ;   93,29
1978,42 ; 300,02 ;   7,335520 ;   74,21
1980,46 ; 300,03 ;   8,432626 ;   85,83
1982,49 ; 299,98 ;   8,030095 ;   81,06
1984,52 ; 300,06 ;   8,920916 ;   90,79
1986,56 ; 300,02 ;   7,040925 ;   71,51
1988,59 ; 299,98 ;   8,918657 ;   90,39
1990,62 ; 300,02 ;   8,719516 ;   88,49
1992,66 ; 300,04 ;   7,735433 ;   78,95
1994,69 ; 300,05 ;   7,828225 ;   79,79
1996,72 ; 300,09 ;   7,929507 ;   80,72
1998,76 ; 300,01 ;   7,735992 ;   78,03
2000,79 ; 300,04 ;   9,416810 ;   95,01
2002,82 ; 300,06 ;   7,728736 ;   78,60
2004,86 ; 299,98 ;   7,829824 ;   79,44
2006,89 ; 300,09 ;   9,418838 ;   95,28
2008,92 ; 299,90 ;   6,643276 ;   67,69
2010,96 ; 299,96 ;   11,088812 ;  112,36
2012,99 ; 299,98 ;   7,433806 ;   75,01
2015,02 ; 299,92 ;   7,920950 ;   80,43
2017,06 ; 300,01 ;   9,213869 ;   93,81
2019,09 ; 299,98 ;   7,030256 ;   71,02
2021,12 ; 299,88 ;   8,620564 ;   87,31
2023,16 ; 299,92 ;   10,004633 ;  101,29
2025,19 ; 300,01 ;   7,635589 ;   77,86
2027,22 ; 300,01 ;   7,029685 ;   71,07
2029,26 ; 300,02 ;   8,227047 ;   83,64
2031,29 ; 300,03 ;   8,133192 ;   82,39
2033,32 ; 300,06 ;   8,032740 ;   81,05
2035,36 ; 300,01 ;   7,735776 ;   78,35
2037,39 ; 300,02 ;   9,015515 ;   91,61
2039,42 ; 299,98 ;   8,123640 ;   82,36
2041,46 ; 299,95 ;   8,721451 ;   88,47
2043,49 ; 300,03 ;   8,920898 ;   90,12
2045,52 ; 299,95 ;   6,940549 ;   70,75
2047,56 ; 300,10 ;   9,519729 ;   96,99
2049,59 ; 300,02 ;   5,856608 ;   59,57
2051,62 ; 300,02 ;   9,517942 ;   96,07
2053,66 ; 299,97 ;   8,225256 ;   83,50
2055,69 ; 299,95 ;   8,921498 ;   90,95
2057,72 ; 300,01 ;   8,619101 ;   87,83
2059,76 ; 300,04 ;   7,341822 ;   74,47
2061,79 ; 300,06 ;   7,735315 ;   78,64
2063,82 ; 300,04 ;   7,827375 ;   79,48
2065,86 ; 300,09 ;   8,527700 ;   86,62
2067,89 ; 300,04 ;   7,433250 ;   75,72
2069,92 ; 300,09 ;   8,926430 ;   90,01
2071,96 ; 300,01 ;   7,435207 ;   75,69
2073,99 ; 300,04 ;   9,314897 ;   94,96
2076,02 ; 300,01 ;   7,727406 ;   78,55
2078,06 ; 300,01 ;   8,728776 ;   88,08
2080,09 ; 300,03 ;   8,223870 ;   83,51
2082,12 ; 300,05 ;   7,829458 ;   79,78
2084,16 ; 300,01 ;   7,836402 ;   79,47
2086,19 ; 299,96 ;   8,922133 ;   90,34
2088,22 ; 299,99 ;   8,920293 ;   90,94
2090,26 ; 299,96 ;   7,829219 ;   79,12
2092,29 ; 300,05 ;   8,728049 ;   88,67
2094,32 ; 300,02 ;   6,847853 ;   69,19
2096,36 ; 300,01 ;   8,827851 ;   89,11
2098,39 ; 299,97 ;   8,326602 ;   84,63
2100,42 ; 299,97 ;   8,821560 ;   89,70
2102,46 ; 300,01 ;   8,233786 ;   83,99
2104,49 ; 300,05 ;   7,634792 ;   77,79
2106,52 ; 300,01 ;   7,537334 ;   76,04
2108,56 ; 300,12 ;   8,922495 ;   90,35
2110,59 ; 300,04 ;   6,543340 ;   66,09
2112,62 ; 300,02 ;   9,325102 ;   94,49
2114,66 ; 300,05 ;   8,524338 ;   86,77
2116,69 ; 300,02 ;   7,635585 ;   77,13
2118,72 ; 300,01 ;   8,821033 ;   89,04
2120,76 ; 299,92 ;   8,322846 ;   84,57
2122,79 ; 300,01 ;   9,618412 ;   97,09
2124,82 ; 300,06 ;   6,938346 ;   70,86
2126,86 ; 299,98 ;   7,341108 ;   74,74
2128,89 ; 299,99 ;   9,418015 ;   95,15
2130,92 ; 300,01 ;   8,129884 ;   82,48
2132,96 ; 299,96 ;   8,031084 ;   81,14
2134,99 ; 300,01 ;   8,920558 ;   90,88
2137,02 ; 299,96 ;   7,534823 ;   76,58
2139,06 ; 299,96 ;   8,921347 ;   90,89
2141,09 ; 300,04 ;   8,333981 ;   84,04
2143,12 ; 300,05 ;   7,039386 ;   71,63
2145,16 ; 300,05 ;   7,929260 ;   80,56
2147,19 ; 300,02 ;   8,123671 ;   82,83
2149,22 ; 299,96 ;   8,822792 ;   89,03
2151,26 ; 300,04 ;   9,123231 ;   92,01
2153,29 ; 299,99 ;   7,040072 ;   71,59
2155,32 ; 300,03 ;   8,920449 ;   90,47
2157,36 ; 300,01 ;   7,628728 ;   77,40
2159,39 ; 300,05 ;   8,527712 ;   86,84
2161,42 ; 300,01 ;   7,435572 ;   75,95
2163,46 ; 300,06 ;   8,919803 ;   90,25
2165,49 ; 300,03 ;   7,327113 ;   74,69
2167,52 ; 300,08 ;   8,614735 ;   87,65
2169,56 ; 300,01 ;   7,428783 ;   75,61
2171,59 ; 299,96 ;   9,195030 ;   93,63
2173,62 ; 300,02 ;   8,906198 ;   90,80
2175,66 ; 299,99 ;   7,428863 ;   75,25
2177,69 ; 299,94 ;   8,510968 ;   86,98
2179,72 ; 300,02 ;   9,105703 ;   92,25
2181,76 ; 299,92 ;   7,027500 ;   71,84
2183,79 ; 299,95 ;   9,692823 ;   98,18
2185,82 ; 299,97 ;   7,919226 ;   80,75
2187,86 ; 299,92 ;   7,915817 ;   80,47
2189,89 ; 299,92 ;   9,006354 ;   91,36
2191,92 ; 300,02 ;   8,320276 ;   84,52
2193,96 ; 299,96 ;   6,836227 ;   69,63
2195,99 ; 300,04 ;   9,106504 ;   92,04
2198,02 ; 299,97 ;   7,030771 ;   71,62
2200,06 ; 299,98 ;   9,307440 ;   94,23
2202,09 ; 299,97 ;   8,017374 ;   81,46
2204,12 ; 299,91 ;   8,511187 ;   86,24
2206,16 ; 299,96 ;   9,106067 ;   92,66
2208,19 ; 300,02 ;   7,626128 ;   77,22
2210,22 ; 300,01 ;   7,423127 ;   75,39
2212,26 ; 300,03 ;   8,319647 ;   84,63
2214,29 ; 299,97 ;   7,816841 ;   79,76
2216,32 ; 300,02 ;   9,207116 ;   93,12
2218,36 ; 300,02 ;   7,523642 ;   76,53
2220,39 ; 300,06 ;   8,208557 ;   83,38
2222,42 ; 299,97 ;   7,422508 ;   75,92
2224,46 ; 300,01 ;   9,602055 ;   97,68
2226,49 ; 299,98 ;   7,623666 ;   77,76
2228,52 ; 300,01 ;   8,612918 ;   87,20
2230,56 ; 300,08 ;   7,915799 ;   80,04
2232,59 ; 299,94 ;   7,129185 ;   72,29
2234,62 ; 300,08 ;   10,285050 ;  104,93
2236,66 ; 299,98 ;   6,038456 ;   61,99
2238,69 ; 299,98 ;   9,589402 ;   97,46
2240,72 ; 300,02 ;   8,206723 ;   83,75
2242,75 ; 300,01 ;   7,723514 ;   78,78
2244,79 ; 299,95 ;   8,315676 ;   84,59
2246,82 ; 299,96 ;   9,202981 ;   93,39
2248,86 ; 299,90 ;   8,016702 ;   81,77
2250,89 ; 299,95 ;   9,298919 ;   94,01
2252,92 ; 299,91 ;   7,622560 ;   77,44
2254,95 ; 299,94 ;   8,804587 ;   89,28
2256,99 ; 299,87 ;   8,017121 ;   81,00
2259,02 ; 299,92 ;   9,398922 ;   95,63
2261,05 ; 299,94 ;   7,521739 ;   76,67
2263,09 ; 299,99 ;   8,114063 ;   82,21
2265,12 ; 299,91 ;   7,422418 ;   75,82
2267,16 ; 299,95 ;   9,497872 ;   96,24
2269,19 ; 299,95 ;   7,814075 ;   79,87
2271,22 ; 300,02 ;   8,307061 ;   84,45
2273,26 ; 300,08 ;   7,218319 ;   73,29
2275,29 ; 300,08 ;   7,216210 ;   73,63
2277,32 ; 300,01 ;   8,105524 ;   82,75
2279,35 ; 300,09 ;   9,203732 ;   93,91
2281,39 ; 300,05 ;   7,027333 ;   71,20
2283,42 ; 300,04 ;   8,612595 ;   87,58
2285,45 ; 299,97 ;   8,406870 ;   85,48
2287,49 ; 299,99 ;   9,297827 ;   94,36
2289,52 ; 299,94 ;   7,916404 ;   80,36
2291,55 ; 299,96 ;   9,097854 ;   92,48
2293,59 ; 299,96 ;   7,926381 ;   80,77
2295,62 ; 299,96 ;   8,318360 ;   84,21
2297,65 ; 299,90 ;   8,318736 ;   84,22
2299,69 ; 299,97 ;   9,299959 ;   94,18
2301,72 ; 299,99 ;   7,231571 ;   73,87
2303,75 ; 300,03 ;   7,916354 ;   80,44
2305,79 ; 299,99 ;   7,625145 ;   77,66
2307,82 ; 300,01 ;   8,803918 ;   89,58
2309,85 ; 299,99 ;   8,019914 ;   81,38
2311,89 ; 299,99 ;   8,512095 ;   86,15
2313,92 ; 300,01 ;   8,211412 ;   83,86
2315,95 ; 300,05 ;   8,019757 ;   81,38
2317,99 ; 300,01 ;   7,524400 ;   76,21
2320,02 ; 300,05 ;   8,909829 ;   90,51
2322,05 ; 299,97 ;   7,526371 ;   76,19
2324,09 ; 300,05 ;   9,505943 ;   96,71
2326,12 ; 300,01 ;   6,940342 ;   70,48
2328,15 ; 300,01 ;   8,908273 ;   90,48
2330,19 ; 299,97 ;   8,219651 ;   83,63
2332,22 ; 300,05 ;   8,810379 ;   89,84
2334,25 ; 299,98 ;   6,930841 ;   70,47
2336,29 ; 299,97 ;   9,301881 ;   94,21
2338,32 ; 300,01 ;   8,508500 ;   86,41
2340,35 ; 299,95 ;   7,626605 ;   77,92
2342,39 ; 299,99 ;   9,204364 ;   93,57
2344,42 ; 300,02 ;   7,527163 ;   76,98
2346,45 ; 300,01 ;   7,919639 ;   80,12
2348,49 ; 299,98 ;   8,313934 ;   84,78
2350,52 ; 299,97 ;   8,610657 ;   87,37
2352,55 ; 299,90 ;   8,517437 ;   86,43
2354,59 ; 300,03 ;   9,403885 ;   95,33
2356,62 ; 300,03 ;   6,234598 ;   63,95
2358,65 ; 299,98 ;   8,212455 ;   83,37
2360,69 ; 300,06 ;   8,910894 ;   90,82
2362,72 ; 300,01 ;   7,032961 ;   71,54
2364,75 ; 300,03 ;   9,008929 ;   91,65
2366,79 ; 300,04 ;   7,822833 ;   79,92
2368,82 ; 300,02 ;   8,123572 ;   82,10
2370,85 ; 300,02 ;   8,515820 ;   86,96
2372,89 ; 299,99 ;   8,214615 ;   83,53
2374,92 ; 300,02 ;   8,611967 ;   87,25
2376,95 ; 300,06 ;   7,922891 ;   80,09
2378,99 ; 300,02 ;   7,527846 ;   76,06
2381,02 ; 299,98 ;   8,908882 ;   90,36
2383,05 ; 299,97 ;   8,710134 ;   88,47
2385,09 ; 299,94 ;   8,508370 ;   86,39
2387,12 ; 299,99 ;   8,812931 ;   89,08
2389,15 ; 299,98 ;   7,429892 ;   75,82
2391,19 ; 300,06 ;   8,417709 ;   85,07
2393,22 ; 299,98 ;   7,031612 ;   71,51
2395,25 ; 300,01 ;   9,398339 ;   95,35
2397,29 ; 300,03 ;   7,923387 ;   80,19
2399,32 ; 300,01 ;   7,822682 ;   79,89
2401,35 ; 300,05 ;   8,608430 ;   87,04
2403,39 ; 299,94 ;   7,522548 ;   76,15
2405,42 ; 300,01 ;   10,001810 ;  101,63
2407,45 ; 299,95 ;   7,228712 ;   73,32
2409,49 ; 300,06 ;   9,208725 ;   93,55
2411,52 ; 299,99 ;   6,437710 ;   65,78
2413,55 ; 299,97 ;   9,305808 ;   94,10
2415,59 ; 300,01 ;   8,621063 ;   87,54
2417,62 ; 300,04 ;   7,623959 ;   77,90
2419,65 ; 300,03 ;   7,723215 ;   78,64
2421,69 ; 300,02 ;   8,317020 ;   84,45
2423,72 ; 300,05 ;   8,421561 ;   85,78
2425,75 ; 300,09 ;   7,632867 ;   77,28
2427,79 ; 300,03 ;   7,724868 ;   78,01
2429,82 ; 299,98 ;   9,007432 ;   91,26
2431,85 ; 299,94 ;   8,916898 ;   90,71
2433,89 ; 299,99 ;   9,008615 ;   91,31
2435,92 ; 300,08 ;   7,430815 ;   75,77
2437,95 ; 300,08 ;   6,933491 ;   70,10
2439,99 ; 300,05 ;   8,117259 ;   82,65
2442,02 ; 300,05 ;   8,511251 ;   86,36
2444,05 ; 299,96 ;   8,118312 ;   82,92
2446,09 ; 299,92 ;   9,606405 ;   97,81
2448,12 ; 299,99 ;   8,916916 ;   90,33
2450,15 ; 300,04 ;   7,230134 ;   73,45
2452,19 ; 300,03 ;   7,531208 ;   76,28
2454,22 ; 300,01 ;   8,318486 ;   84,37
2456,25 ; 300,04 ;   8,512091 ;   86,95
2458,29 ; 299,96 ;   7,723991 ;   78,55
2460,32 ; 299,98 ;   9,410771 ;   95,54
2462,35 ; 299,97 ;   7,926039 ;   80,38
2464,39 ; 300,02 ;   8,511385 ;   86,30
2466,42 ; 300,02 ;   7,523489 ;   76,57
2468,45 ; 300,03 ;   8,226653 ;   83,42
2470,49 ; 300,02 ;   7,926753 ;   80,94
2472,52 ; 299,95 ;   8,409547 ;   85,70
2474,55 ; 299,98 ;   9,309012 ;   94,59
2476,59 ; 300,04 ;   7,722206 ;   78,11
2478,62 ; 299,98 ;   7,419833 ;   75,12
2480,65 ; 299,95 ;   9,007864 ;   91,82
2482,69 ; 299,98 ;   8,916002 ;   90,03
2484,72 ; 299,99 ;   7,723916 ;   78,12
2486,75 ; 299,96 ;   8,126553 ;   82,59
2488,79 ; 300,01 ;   8,710283 ;   88,71
2490,82 ; 300,06 ;   7,521822 ;   76,69
2492,85 ; 299,92 ;   7,326687 ;   74,85
2494,89 ; 299,96 ;   10,388957 ;  105,20
2496,92 ; 300,01 ;   7,721974 ;   78,43
2498,95 ; 299,87 ;   7,531656 ;   76,71
2500,99 ; 299,95 ;   10,400733 ;  105,92
2503,02 ; 299,95 ;   7,134788 ;   72,95
2505,05 ; 299,98 ;   8,317074 ;   84,40
2507,09 ; 299,95 ;   7,722973 ;   78,21
2509,12 ; 300,06 ;   8,915390 ;   90,14
2511,15 ; 300,01 ;   6,431293 ;   65,80
2513,19 ; 300,04 ;   9,016459 ;   91,63
2515,22 ; 300,08 ;   7,725315 ;   78,65
2517,25 ; 299,96 ;   7,622253 ;   77,00
2519,29 ; 300,06 ;   10,005699 ;  101,35
2521,32 ; 300,05 ;   6,734015 ;   68,05
2523,35 ; 299,98 ;   8,321638 ;   84,13
2525,39 ; 300,01 ;   9,310848 ;   94,16
2527,42 ; 300,04 ;   7,919067 ;   80,15
2529,45 ; 300,01 ;   7,724147 ;   78,60
2531,49 ; 300,10 ;   8,715328 ;   88,14
2533,52 ; 300,02 ;   6,743536 ;   68,65
2535,55 ; 300,02 ;   9,513751 ;   96,01
2537,59 ; 300,04 ;   8,220816 ;   83,43
2539,62 ; 300,03 ;   7,829656 ;   79,70
2541,65 ; 300,09 ;   8,314345 ;   84,36
2543,69 ; 299,96 ;   7,334449 ;   74,51
2545,72 ; 299,98 ;   10,102819 ;  102,38
2547,75 ; 299,97 ;   7,919784 ;   80,37
2549,79 ; 299,98 ;   8,514586 ;   86,29
2551,82 ; 299,96 ;   8,020280 ;   81,52
2553,85 ; 299,98 ;   8,617514 ;   87,54
2555,89 ; 300,10 ;   7,929473 ;   80,39
2557,92 ; 299,96 ;   6,442362 ;   65,19
2559,95 ; 299,92 ;   10,295063 ;  104,67
2561,99 ; 299,99 ;   8,918695 ;   90,33
2564,02 ; 300,04 ;   7,233562 ;   73,45
2566,05 ; 299,96 ;   7,525276 ;   76,28
2568,09 ; 300,03 ;   9,408220 ;   95,55
2570,12 ; 299,98 ;   7,135163 ;   72,95
2572,15 ; 300,01 ;   8,920628 ;   90,68
2574,19 ; 300,01 ;   7,923216 ;   80,10
2576,22 ; 300,04 ;   8,224082 ;   83,53
2578,25 ; 300,01 ;   7,729467 ;   78,55
2580,29 ; 299,99 ;   8,710235 ;   88,09
2582,32 ; 300,06 ;   8,417439 ;   86,00
2584,35 ; 300,03 ;   7,135104 ;   72,53
2586,38 ; 300,02 ;   8,622556 ;   87,77
2588,42 ; 300,03 ;   8,428080 ;   85,68
2590,45 ; 300,08 ;   7,930859 ;   80,90
2592,49 ; 300,01 ;   7,434802 ;   75,73
2594,52 ; 300,02 ;   9,217826 ;   93,74
2596,55 ; 300,03 ;   8,133638 ;   82,21
2598,58 ; 299,98 ;   7,929263 ;   80,87
2600,62 ; 299,99 ;   8,922181 ;   90,60
2602,65 ; 299,98 ;   8,125701 ;   82,51
2604,69 ; 299,95 ;   8,316504 ;   84,89
2606,72 ; 299,99 ;   8,821714 ;   89,97
2608,75 ; 300,04 ;   7,524864 ;   76,81
2610,78 ; 299,96 ;   7,528193 ;   76,21
2612,82 ; 300,03 ;   9,416371 ;   95,49
2614,85 ; 300,01 ;   7,132285 ;   72,88
2616,88 ; 300,01 ;   8,520910 ;   86,89
2618,92 ; 300,01 ;   8,225573 ;   83,46
2620,95 ; 300,01 ;   8,226998 ;   83,46
2622,98 ; 300,08 ;   8,222995 ;   83,46
2625,02 ; 300,04 ;   7,131904 ;   72,28
2627,05 ; 300,04 ;   8,722007 ;   88,75
2629,08 ; 300,02 ;   8,224391 ;   83,03
2631,12 ; 300,04 ;   8,517555 ;   86,74
2633,15 ; 299,99 ;   7,821967 ;   79,58
2635,18 ; 300,01 ;   8,922573 ;   90,46
2637,22 ; 299,99 ;   8,022869 ;   81,12
2639,25 ; 299,96 ;   8,416209 ;   85,89
2641,28 ; 299,99 ;   8,711826 ;   88,58
2643,32 ; 299,99 ;   7,828205 ;   79,04
2645,35 ; 300,01 ;   8,215957 ;   83,62
2647,38 ; 299,98 ;   8,023684 ;   81,13
2649,42 ; 300,02 ;   8,621536 ;   87,14
2651,45 ; 299,98 ;   7,730905 ;   78,75
2653,48 ; 300,02 ;   8,721438 ;   88,29
2655,52 ; 299,97 ;   7,738397 ;   78,75
2657,55 ; 300,02 ;   8,922973 ;   90,77
2659,58 ; 300,03 ;   7,537425 ;   76,47
2661,62 ; 299,96 ;   7,931502 ;   80,83
2663,65 ; 299,98 ;   9,324091 ;   94,30
2665,68 ; 300,04 ;   7,929413 ;   80,29
2667,72 ; 299,97 ;   7,432452 ;   75,02
2669,75 ; 300,03 ;   9,316056 ;   94,20
2671,78 ; 300,02 ;   7,236264 ;   73,98
2673,82 ; 300,05 ;   8,424307 ;   85,60
2675,85 ; 299,97 ;   7,634254 ;   77,10
2677,88 ; 300,05 ;   9,508846 ;   96,47
2679,92 ; 300,02 ;   6,938101 ;   70,23
2681,95 ; 299,99 ;   8,821573 ;   89,01
2683,98 ; 299,95 ;   8,621237 ;   87,02
2686,02 ; 299,96 ;   9,015031 ;   91,05
2688,05 ; 300,02 ;   8,030919 ;   81,72
2690,08 ; 300,02 ;   7,436102 ;   75,32
2692,12 ; 300,02 ;   8,224821 ;   83,31
2694,15 ; 300,01 ;   8,228339 ;   83,31
2696,18 ; 300,06 ;   8,324917 ;   84,55
2698,22 ; 300,10 ;   7,334831 ;   74,70
2700,25 ; 300,05 ;   7,536831 ;   76,47
2702,28 ; 299,97 ;   8,821584 ;   89,62
2704,32 ; 300,02 ;   9,519143 ;   96,42
2706,35 ; 300,01 ;   7,534942 ;   76,40
2708,38 ; 300,03 ;   8,325105 ;   84,49
2710,42 ; 299,99 ;   7,830111 ;   79,62
2712,45 ; 299,99 ;   8,822026 ;   89,25
2714,48 ; 300,01 ;   8,230738 ;   83,54
2716,52 ; 300,02 ;   8,031289 ;   81,06
2718,55 ; 299,98 ;   8,122975 ;   82,10
2720,58 ; 299,92 ;   8,728314 ;   88,21
2722,62 ; 300,04 ;   9,224865 ;   93,58
2724,65 ; 300,02 ;   6,450454 ;   65,82
2726,68 ; 299,92 ;   8,526207 ;   86,68
2728,72 ; 300,01 ;   9,718294 ;   98,16
2730,75 ; 299,97 ;   6,936576 ;   70,80
2732,78 ; 299,99 ;   8,817694 ;   89,58
2734,82 ; 300,02 ;   7,931075 ;   80,14
2736,85 ; 300,09 ;   7,835983 ;   79,85
2738,88 ; 299,97 ;   7,141186 ;   72,09
2740,92 ; 299,92 ;   9,913323 ;  101,00
2742,95 ; 299,92 ;   9,021962 ;   91,31
2744,98 ; 300,01 ;   8,324580 ;   84,47
2747,02 ; 300,04 ;   6,937984 ;   70,82
2749,05 ; 299,95 ;   7,728913 ;   78,43
2751,08 ; 300,06 ;   9,616511 ;   97,91
2753,12 ; 300,03 ;   6,444724 ;   65,56
2755,15 ; 300,01 ;   8,627784 ;   87,65
2757,18 ; 300,04 ;   8,529273 ;   86,80
2759,22 ; 300,02 ;   7,739752 ;   78,40
2761,25 ; 299,99 ;   8,527163 ;   86,69
2763,28 ; 299,92 ;   8,528236 ;   86,99
2765,32 ; 300,12 ;   9,325777 ;   94,75
2767,35 ; 300,09 ;   5,261113 ;   53,40
2769,38 ; 299,99 ;   8,527930 ;   86,93
2771,42 ; 300,06 ;   9,621867 ;   97,25
2773,45 ; 300,03 ;   7,140543 ;   72,34
2775,48 ; 299,99 ;   8,627765 ;   87,59
2777,52 ; 299,96 ;   8,824039 ;   89,22
2779,55 ; 300,01 ;   8,719729 ;   88,48
2781,58 ; 300,02 ;   7,538267 ;   76,46
2783,62 ; 299,96 ;   8,125561 ;   82,07
2785,65 ; 299,95 ;   9,025810 ;   91,91
2787,68 ; 300,02 ;   8,523660 ;   86,41
2789,72 ; 300,01 ;   7,135518 ;   72,95
2791,75 ; 299,99 ;   8,327475 ;   84,48
2793,78 ; 300,09 ;   8,420803 ;   85,82
2795,82 ; 299,99 ;   6,740488 ;   68,62
2797,85 ; 299,90 ;   9,624214 ;   97,23
2799,88 ; 299,92 ;   9,722706 ;   98,43
2801,92 ; 299,97 ;   8,036818 ;   81,01
2803,95 ; 300,02 ;   7,535887 ;   77,00
2805,98 ; 300,08 ;   7,538204 ;   76,41
2808,02 ; 300,04 ;   7,238718 ;   73,32
2810,05 ; 299,99 ;   8,732400 ;   88,66
2812,08 ; 300,03 ;   8,926665 ;   90,39
2814,12 ; 300,08 ;   7,635450 ;   77,32
2816,15 ; 300,03 ;   7,440376 ;   75,57
2818,18 ; 299,95 ;   8,826813 ;   89,87
2820,22 ; 300,03 ;   9,522047 ;   96,67
2822,25 ; 300,08 ;   6,943516 ;   70,44
2824,28 ; 300,01 ;   7,438124 ;   75,55
2826,32 ; 300,02 ;   9,229190 ;   93,57
2828,35 ; 300,09 ;   8,138418 ;   82,04
2830,38 ; 299,96 ;   7,041838 ;   72,00
2832,42 ; 300,04 ;   10,111838 ;  102,15
2834,45 ; 299,99 ;   7,040512 ;   71,44
2836,48 ; 300,02 ;   8,921826 ;   90,31
2838,52 ; 300,01 ;   7,829831 ;   79,73
2840,55 ; 299,90 ;   8,334153 ;   84,40
2842,58 ; 300,01 ;   9,915999 ;  100,65
2844,62 ; 300,08 ;   6,646775 ;   67,27
2846,65 ; 300,03 ;   7,142054 ;   72,10
2848,68 ; 299,98 ;   8,821568 ;   89,82
2850,72 ; 299,99 ;   8,928401 ;   90,41
2852,75 ; 299,97 ;   8,123763 ;   82,31
2854,78 ; 299,95 ;   8,629539 ;   87,18
2856,82 ; 299,94 ;   8,629907 ;   87,49
2858,85 ; 300,03 ;   8,424800 ;   85,32
2860,88 ; 299,98 ;   6,841099 ;   69,28
2862,92 ; 299,94 ;   8,923571 ;   90,44
2864,95 ; 299,99 ;   9,023357 ;   91,04
2866,98 ; 300,03 ;   7,437474 ;   75,50
2869,02 ; 300,04 ;   7,637144 ;   77,29
2871,05 ; 300,02 ;   8,031261 ;   81,76
2873,08 ; 299,95 ;   8,527664 ;   86,62
2875,12 ; 299,98 ;   9,318087 ;   94,37
2877,15 ; 300,02 ;   7,637566 ;   77,88
2879,18 ; 299,96 ;   7,730565 ;   78,63
2881,22 ; 299,90 ;   9,024069 ;   91,90
2883,25 ; 300,05 ;   9,217291 ;   93,85
2885,28 ; 299,98 ;   5,857904 ;   59,87
2887,32 ; 299,97 ;   9,223983 ;   93,90
2889,35 ; 300,01 ;   8,527131 ;   86,11
2891,38 ; 300,04 ;   7,637699 ;   77,61
2893,42 ; 299,96 ;   7,728600 ;   78,36
2895,45 ; 300,03 ;   9,417330 ;   95,35
2897,48 ; 300,02 ;   7,142896 ;   72,74
2899,52 ; 299,96 ;   8,425283 ;   85,51
2901,55 ; 299,98 ;   9,023019 ;   91,92
2903,58 ; 299,95 ;   7,931156 ;   80,20
2905,62 ; 299,95 ;   8,821671 ;   89,84
2907,65 ; 299,91 ;   8,327349 ;   84,14
2909,68 ; 300,01 ;   8,824121 ;   89,13
2911,72 ; 299,96 ;   6,840374 ;   69,67
2913,75 ; 300,06 ;   8,922990 ;   90,84
2915,78 ; 300,05 ;   6,647496 ;   67,83
2917,82 ; 299,98 ;   8,225734 ;   83,92
2919,85 ; 300,02 ;   9,217764 ;   93,95
2921,88 ; 299,99 ;   7,739306 ;   78,69
2923,92 ; 300,01 ;   8,528505 ;   86,99
2925,95 ; 299,98 ;   8,036261 ;   81,08
2927,98 ; 300,02 ;   8,625993 ;   87,09
2930,02 ; 299,96 ;   7,729598 ;   78,69
2932,05 ; 300,04 ;   9,024046 ;   91,96
2934,08 ; 300,06 ;   7,042942 ;   71,54
2936,12 ; 299,94 ;   7,839930 ;   79,23
2938,15 ; 300,01 ;   10,107622 ;  102,52
2940,18 ; 300,03 ;   7,243739 ;   73,07
2942,22 ; 300,02 ;   7,838996 ;   79,63
2944,25 ; 300,02 ;   8,428779 ;   85,54
2946,28 ; 299,98 ;   8,236229 ;   83,25
2948,32 ; 300,10 ;   8,730962 ;   88,21
2950,35 ; 300,04 ;   6,447065 ;   65,00
2952,38 ; 300,05 ;   9,126039 ;   92,06
2954,42 ; 299,96 ;   7,933174 ;   80,43
2956,45 ; 300,02 ;   9,613377 ;   97,62
2958,48 ; 300,04 ;   7,439067 ;   75,21
2960,52 ; 299,96 ;   7,834158 ;   79,48
2962,55 ; 300,12 ;   9,423485 ;   95,33
2964,58 ; 300,08 ;   5,859110 ;   59,05
2966,62 ; 300,03 ;   8,732031 ;   88,09
2968,65 ; 299,99 ;   8,824275 ;   89,81
2970,68 ; 299,95 ;   8,830019 ;   89,16
2972,72 ; 299,97 ;   8,924807 ;   90,90
2974,75 ; 300,01 ;   7,932771 ;   80,33
2976,78 ; 300,02 ;   7,627775 ;   77,56
2978,82 ; 299,98 ;   8,128791 ;   82,03
2980,85 ; 300,03 ;   8,725586 ;   88,14
2982,88 ; 300,01 ;   7,540108 ;   76,11
2984,91 ; 299,99 ;   8,533287 ;   86,69
2986,95 ; 299,97 ;   8,426714 ;   85,74
2988,98 ; 299,91 ;   8,621101 ;   87,19
2991,02 ; 300,09 ;   9,122898 ;   92,46
2993,05 ; 299,98 ;   5,648137 ;   57,13
2995,08 ; 300,09 ;   9,712157 ;   98,42
2997,11 ; 300,03 ;   6,647725 ;   67,42
2999,15 ; 299,96 ;   8,928346 ;   90,96
3001,18 ; 300,08 ;   9,319075 ;   94,12
3003,21 ; 299,95 ;   6,446641 ;   65,21
3005,25 ; 300,01 ;   10,210328 ;  103,47
3007,28 ; 300,04 ;   7,335418 ;   74,10
3009,31 ; 300,02 ;   7,731816 ;   78,27
3011,35 ; 299,99 ;   8,533026 ;   86,57
3013,38 ; 300,10 ;   8,530875 ;   86,86
3015,41 ; 300,09 ;   6,547709 ;   66,02
3017,45 ; 300,01 ;   8,327319 ;   84,49
3019,48 ; 300,04 ;   9,318675 ;   94,61
3021,51 ; 300,06 ;   7,729769 ;   78,21
3023,55 ; 300,02 ;   7,837924 ;   79,05
3025,58 ; 299,99 ;   8,821071 ;   89,91
3027,61 ; 299,98 ;   8,525868 ;   86,78
3029,65 ; 300,05 ;   8,327831 ;   84,60
3031,68 ; 299,91 ;   7,139534 ;   72,28
3033,71 ; 300,01 ;   10,308061 ;  104,92
3035,75 ; 300,06 ;   6,839234 ;   69,45
3037,78 ; 299,90 ;   7,333424 ;   74,47
3039,81 ; 300,03 ;   10,703651 ;  108,55
3041,85 ; 300,01 ;   6,243236 ;   63,44
3043,88 ; 299,97 ;   8,525835 ;   86,59
3045,91 ; 299,88 ;   8,822216 ;   89,38
3047,95 ; 300,03 ;   9,711801 ;   98,58
3049,98 ; 299,99 ;   5,950525 ;   60,05
3052,01 ; 299,98 ;   8,829058 ;   89,11
3054,05 ; 299,98 ;   8,326162 ;   84,64
3056,08 ; 299,97 ;   8,223821 ;   83,50
3058,11 ; 299,98 ;   8,429793 ;   85,99
3060,15 ; 300,04 ;   8,032117 ;   81,23
3062,18 ; 299,96 ;   7,337014 ;   74,82
3064,21 ; 299,95 ;   9,425400 ;   95,24
3066,25 ; 299,97 ;   8,525148 ;   86,30
3068,28 ; 300,05 ;   7,930796 ;   80,30
3070,31 ; 299,98 ;   6,942967 ;   70,06
3072,35 ; 300,01 ;   9,225056 ;   93,81
3074,38 ; 299,98 ;   7,830594 ;   79,80
3076,41 ; 299,98 ;   8,529536 ;   86,96
3078,45 ; 300,02 ;   8,235177 ;   83,53
3080,48 ; 300,01 ;   7,739461 ;   78,56
3082,51 ; 299,98 ;   8,330208 ;   84,37
3084,55 ; 300,03 ;   8,527791 ;   86,96
3086,58 ; 299,98 ;   7,537911 ;   76,08
3088,61 ; 300,01 ;   8,925386 ;   90,38
3090,65 ; 299,94 ;   7,834118 ;   79,80
3092,68 ; 299,97 ;   9,325299 ;   94,41
3094,71 ; 300,04 ;   7,833939 ;   79,17
3096,75 ; 299,97 ;   7,146213 ;   72,57
3098,78 ; 300,01 ;   9,321456 ;   94,03
3100,81 ; 299,97 ;   7,639649 ;   77,54
3102,85 ; 299,95 ;   8,826655 ;   89,46
3104,88 ; 300,01 ;   8,620881 ;   87,48
3106,91 ; 300,01 ;   7,337916 ;   74,13
3108,95 ; 300,02 ;   8,237871 ;   83,27
3110,98 ; 300,02 ;   8,138630 ;   82,02
3113,01 ; 300,09 ;   8,230523 ;   83,16
3115,05 ; 300,10 ;   7,046050 ;   71,98
3117,08 ; 300,04 ;   7,835172 ;   79,75
3119,11 ; 300,04 ;   9,028214 ;   91,95
3121,15 ; 299,97 ;   8,129182 ;   82,80
3123,18 ; 300,06 ;   9,222272 ;   93,98
3125,21 ; 300,05 ;   6,742152 ;   68,78
3127,25 ; 300,04 ;   8,233098 ;   83,73
3129,28 ; 300,01 ;   8,430345 ;   85,06
3131,31 ; 300,02 ;   8,627803 ;   87,73
3133,35 ; 299,95 ;   8,036904 ;   81,91
3135,38 ; 299,98 ;   9,317651 ;   94,23
3137,41 ; 299,99 ;   7,629354 ;   77,75
3139,45 ; 300,02 ;   8,130966 ;   82,23
3141,48 ; 300,01 ;   7,831002 ;   79,64
3143,51 ; 299,98 ;   8,324548 ;   84,31
3145,55 ; 300,01 ;   8,527148 ;   86,89
3147,58 ; 299,97 ;   7,830134 ;   79,74
3149,61 ; 299,96 ;   8,819204 ;   89,38
3151,65 ; 300,02 ;   8,327660 ;   84,92
3153,68 ; 299,98 ;   7,444434 ;   75,08
3155,71 ; 299,97 ;   8,719124 ;   88,05
3157,75 ; 299,98 ;   8,428312 ;   85,97
3159,78 ; 299,98 ;   8,032194 ;   81,21
3161,81 ; 300,08 ;   8,231881 ;   83,50
3163,85 ; 299,98 ;   6,747228 ;   68,58
3165,88 ; 299,95 ;   9,609968 ;   97,19
3167,91 ; 300,04 ;   8,824060 ;   89,70
3169,95 ; 299,98 ;   6,849149 ;   69,08
3171,98 ; 300,03 ;   9,023319 ;   91,49
3174,01 ; 299,95 ;   7,537023 ;   76,04
3176,05 ; 299,96 ;   9,517297 ;   96,57
3178,08 ; 300,04 ;   8,035078 ;   81,51
3180,11 ; 300,03 ;   7,040850 ;   71,38
3182,15 ; 300,05 ;   8,324451 ;   84,04
3184,18 ; 299,96 ;   7,831214 ;   79,16
3186,21 ; 300,06 ;   9,621092 ;   97,49
3188,25 ; 299,97 ;   6,646062 ;   67,62
3190,28 ; 300,01 ;   9,610269 ;   97,38
3192,31 ; 299,91 ;   7,636888 ;   77,47
3194,35 ; 299,96 ;   9,711282 ;   98,09
3196,38 ; 299,95 ;   7,528360 ;   76,94
3198,41 ; 299,95 ;   8,524634 ;   86,29
3200,45 ; 300,03 ;   8,328247 ;   84,02
3202,48 ; 300,03 ;   6,948379 ;   70,36
3204,51 ; 299,99 ;   8,131026 ;   82,93
3206,55 ; 300,01 ;   8,821870 ;   89,14
3208,58 ; 300,01 ;   7,929778 ;   80,94
3210,61 ; 299,96 ;   8,232633 ;   83,22
3212,65 ; 300,02 ;   8,922409 ;   90,68
3214,68 ; 300,01 ;   7,433084 ;   75,13
3216,71 ; 300,03 ;   8,328009 ;   84,37
3218,75 ; 299,98 ;   7,838594 ;   79,50
3220,78 ; 299,92 ;   8,923913 ;   90,37
3222,81 ; 300,06 ;   9,215929 ;   93,46
3224,85 ; 299,94 ;   6,050556 ;   61,96
3226,88 ; 300,04 ;   10,104289 ;  102,40
3228,91 ; 299,96 ;   6,637030 ;   67,98
3230,95 ; 300,01 ;   9,418105 ;   95,26
3232,98 ; 299,99 ;   7,527034 ;   76,38
3235,01 ; 299,99 ;   8,427201 ;   85,72
3237,05 ; 300,03 ;   8,233423 ;   83,44
3239,08 ; 300,06 ;   7,637870 ;   77,23
3241,11 ; 300,03 ;   7,627047 ;   77,96
3243,15 ; 299,98 ;   8,619937 ;   87,49
3245,18 ; 299,94 ;   8,919765 ;   90,36
3247,21 ; 299,91 ;   8,921993 ;   90,97
3249,25 ; 299,96 ;   8,619798 ;   87,86
3251,28 ; 299,97 ;   7,525944 ;   76,99
3253,31 ; 299,98 ;   8,124429 ;   82,62
3255,35 ; 299,94 ;   8,032118 ;   81,28
3257,38 ; 300,04 ;   9,019151 ;   91,03
3259,41 ; 300,03 ;   6,736327 ;   68,02
3261,45 ; 299,96 ;   8,274071 ;   84,12
