Tempo total (s) ;Temperatura (ºC) ; Potencia atual (W) ; Saida
P:  12.00 I: 119.90 D:  29.90 Tensão:5.236 V
2,03 ; 299,88 ;   7,016728 ;   70,67
4,07 ; 299,88 ;   8,311839 ;   83,11
6,10 ; 299,85 ;   8,315312 ;   83,13
8,13 ; 299,90 ;   8,714354 ;   87,58
10,17 ; 299,99 ;   7,411002 ;   74,63
12,20 ; 299,88 ;   6,517277 ;   65,23
14,23 ; 299,90 ;   10,312982 ;  103,89
16,27 ; 299,91 ;   7,820739 ;   78,81
18,30 ; 299,90 ;   8,014132 ;   80,02
20,33 ; 299,94 ;   8,521397 ;   85,75
22,37 ; 299,98 ;   7,520621 ;   75,64
24,40 ; 299,91 ;   7,317595 ;   73,70
26,43 ; 300,02 ;   9,514614 ;   95,24
28,47 ; 299,97 ;   6,315830 ;   63,69
30,50 ; 299,95 ;   9,025082 ;   90,45
32,53 ; 299,95 ;   8,619367 ;   86,61
34,57 ; 299,89 ;   8,221982 ;   82,49
36,60 ; 299,97 ;   9,230589 ;   92,82
38,63 ; 299,96 ;   6,834687 ;   68,44
40,67 ; 299,95 ;   8,330193 ;   83,71
42,70 ; 299,95 ;   8,529650 ;   85,29
44,73 ; 300,06 ;   8,239946 ;   82,54
46,77 ; 299,98 ;   6,024313 ;   60,45
48,80 ; 299,99 ;   9,531185 ;   95,85
50,83 ; 300,01 ;   8,034170 ;   80,60
52,87 ; 300,01 ;   7,936597 ;   79,03
54,90 ; 299,92 ;   8,137314 ;   81,78
56,93 ; 299,94 ;   9,757934 ;   97,99
58,97 ; 299,95 ;   7,915559 ;   79,90
61,00 ; 299,95 ;   8,118494 ;   81,19
63,03 ; 300,06 ;   8,225892 ;   82,58
65,07 ; 300,06 ;   6,016095 ;   60,49
67,10 ; 299,99 ;   8,126948 ;   81,15
69,13 ; 300,01 ;   9,447262 ;   94,41
71,17 ; 300,06 ;   7,943905 ;   79,05
73,20 ; 299,97 ;   7,140045 ;   71,49
75,23 ; 300,05 ;   9,846214 ;   98,82
77,27 ; 300,01 ;   6,637308 ;   66,07
79,30 ; 300,12 ;   9,052265 ;   90,07
81,33 ; 300,06 ;   6,132700 ;   61,16
83,36 ; 300,08 ;   9,045433 ;   90,74
85,40 ; 300,01 ;   7,850556 ;   78,13
87,43 ; 300,09 ;   9,458400 ;   94,14
89,46 ; 300,02 ;   6,643382 ;   67,00
91,50 ; 300,03 ;   9,462371 ;   94,04
93,53 ; 300,06 ;   7,856553 ;   78,67
95,57 ; 300,08 ;   7,557600 ;   75,53
97,60 ; 300,05 ;   7,854313 ;   78,08
99,63 ; 300,05 ;   8,558770 ;   85,24
101,66 ; 299,99 ;   8,168084 ;   81,09
103,70 ; 300,03 ;   9,269708 ;   92,87
105,73 ; 300,02 ;   7,461593 ;   74,48
107,76 ; 300,05 ;   8,467513 ;   84,31
109,80 ; 300,06 ;   7,461058 ;   74,18
111,83 ; 300,02 ;   7,966233 ;   79,59
113,86 ; 300,08 ;   8,971468 ;   89,81
115,90 ; 300,01 ;   6,947303 ;   69,74
117,93 ; 300,05 ;   9,468374 ;   94,01
119,96 ; 300,08 ;   7,255244 ;   72,75
122,00 ; 300,05 ;   7,651008 ;   76,60
124,03 ; 300,03 ;   8,564291 ;   85,14
126,06 ; 300,01 ;   8,557154 ;   85,42
128,10 ; 300,10 ;   8,561492 ;   85,69
130,13 ; 300,09 ;   6,345756 ;   63,87
132,16 ; 300,03 ;   8,362350 ;   83,34
134,20 ; 300,03 ;   9,061514 ;   90,88
136,23 ; 300,02 ;   8,159183 ;   81,23
138,26 ; 300,16 ;   8,437973 ;   84,17
140,30 ; 300,03 ;   5,328445 ;   53,41
142,33 ; 300,08 ;   10,439076 ;  104,61
144,36 ; 300,13 ;   7,240143 ;   72,33
146,40 ; 300,09 ;   7,137715 ;   71,75
148,43 ; 300,08 ;   8,740479 ;   87,36
150,46 ; 300,08 ;   8,147015 ;   81,93
152,50 ; 300,09 ;   8,044079 ;   80,53
154,53 ; 300,10 ;   7,951792 ;   79,04
156,56 ; 299,98 ;   7,748395 ;   77,45
158,60 ; 300,13 ;   10,266663 ;  102,30
160,63 ; 300,09 ;   5,546335 ;   55,10
162,66 ; 300,06 ;   8,760607 ;   87,25
164,70 ; 300,01 ;   8,454365 ;   84,76
166,73 ; 300,05 ;   9,064920 ;   90,93
168,76 ; 300,09 ;   7,258235 ;   72,44
170,80 ; 300,08 ;   7,460159 ;   74,80
172,83 ; 300,03 ;   8,160643 ;   81,77
174,86 ; 300,15 ;   8,963490 ;   89,22
176,90 ; 299,98 ;   5,845858 ;   58,83
178,93 ; 300,02 ;   11,086143 ;  110,44
180,96 ; 300,01 ;   7,563744 ;   75,59
183,00 ; 300,04 ;   8,265666 ;   82,58
185,03 ; 300,05 ;   7,564789 ;   75,30
187,06 ; 300,05 ;   7,762485 ;   77,86
189,10 ; 300,09 ;   8,069088 ;   80,61
191,13 ; 300,06 ;   7,463547 ;   74,70
193,16 ; 300,02 ;   8,470366 ;   84,62
195,20 ; 300,09 ;   8,981113 ;   89,31
197,23 ; 300,13 ;   6,760796 ;   67,77
199,26 ; 300,03 ;   7,258229 ;   72,79
201,30 ; 300,12 ;   9,786594 ;   97,34
203,33 ; 300,05 ;   6,462968 ;   64,58
205,36 ; 300,06 ;   9,186471 ;   91,51
207,40 ; 300,09 ;   7,975937 ;   79,00
209,43 ; 300,13 ;   7,571455 ;   75,95
211,46 ; 300,02 ;   7,264418 ;   72,70
213,50 ; 299,96 ;   10,085211 ;  100,20
215,53 ; 300,14 ;   9,186788 ;   91,21
217,56 ; 300,05 ;   4,751402 ;   47,67
219,60 ; 300,02 ;   9,588149 ;   95,56
221,63 ; 300,02 ;   8,781553 ;   87,76
223,66 ; 300,02 ;   8,078526 ;   80,86
225,70 ; 299,99 ;   8,071213 ;   80,86
227,73 ; 300,04 ;   8,574889 ;   85,27
229,76 ; 300,08 ;   7,265900 ;   72,30
231,80 ; 300,08 ;   7,360281 ;   73,19
233,83 ; 300,03 ;   8,074338 ;   80,07
235,86 ; 300,04 ;   8,884057 ;   88,90
237,89 ; 300,04 ;   7,979615 ;   79,15
239,93 ; 300,09 ;   8,078518 ;   80,52
241,96 ; 300,04 ;   7,167178 ;   71,67
243,99 ; 300,08 ;   8,883756 ;   88,76
246,03 ; 300,09 ;   7,373846 ;   73,11
248,06 ; 300,06 ;   7,874819 ;   78,52
250,09 ; 300,13 ;   8,485522 ;   84,30
252,13 ; 300,10 ;   6,867869 ;   68,36
254,16 ; 300,14 ;   8,370320 ;   83,78
256,19 ; 300,05 ;   7,269645 ;   72,26
258,23 ; 300,09 ;   9,597312 ;   95,34
260,26 ; 300,05 ;   7,476108 ;   74,27
262,29 ; 300,08 ;   8,578558 ;   85,66
264,33 ; 300,12 ;   7,569643 ;   75,71
266,36 ; 300,01 ;   7,267160 ;   72,46
268,39 ; 300,04 ;   9,989191 ;   99,98
270,43 ; 300,05 ;   7,464274 ;   74,77
272,46 ; 300,05 ;   7,775099 ;   77,33
274,49 ; 300,09 ;   8,073849 ;   80,07
276,53 ; 300,04 ;   7,476465 ;   74,17
278,56 ; 299,97 ;   8,889923 ;   88,51
280,59 ; 300,06 ;   9,393216 ;   93,49
282,63 ; 299,99 ;   6,362549 ;   63,41
284,66 ; 300,01 ;   9,392728 ;   93,21
286,69 ; 300,13 ;   7,781051 ;   77,85
288,73 ; 300,12 ;   5,856567 ;   58,50
290,76 ; 300,06 ;   8,080415 ;   80,62
292,79 ; 300,01 ;   8,979501 ;   89,53
294,83 ; 300,09 ;   9,083939 ;   90,18
296,86 ; 299,96 ;   6,568359 ;   65,79
298,89 ; 300,03 ;   10,393044 ;  103,14
300,93 ; 300,09 ;   6,764594 ;   67,83
302,96 ; 300,05 ;   6,968163 ;   69,92
304,99 ; 300,01 ;   8,577230 ;   85,44
307,03 ; 300,05 ;   8,876669 ;   88,76
309,06 ; 300,04 ;   7,164408 ;   71,65
311,09 ; 300,06 ;   8,277620 ;   82,85
313,13 ; 300,05 ;   7,569775 ;   75,67
315,16 ; 300,01 ;   8,185485 ;   81,27
317,19 ; 300,01 ;   8,883974 ;   88,72
319,23 ; 300,01 ;   8,074086 ;   80,45
321,26 ; 300,02 ;   8,073750 ;   80,44
323,29 ; 300,09 ;   7,874898 ;   78,97
325,33 ; 299,98 ;   6,773595 ;   67,08
327,36 ; 300,01 ;   9,888379 ;   98,63
329,39 ; 300,06 ;   7,673858 ;   76,29
331,43 ; 300,05 ;   7,074141 ;   70,11
333,46 ; 300,14 ;   8,186505 ;   81,22
335,49 ; 299,97 ;   6,370263 ;   63,62
337,53 ; 300,09 ;   11,208516 ;  111,17
339,56 ; 300,06 ;   5,856852 ;   58,73
341,59 ; 300,05 ;   8,384386 ;   83,83
343,63 ; 300,06 ;   8,184684 ;   81,15
345,66 ; 300,03 ;   7,877407 ;   78,29
347,69 ; 300,09 ;   8,582164 ;   85,55
349,73 ; 300,10 ;   6,971776 ;   69,71
351,76 ; 299,99 ;   7,674578 ;   76,40
353,79 ; 300,04 ;   10,005557 ;   99,77
355,83 ; 299,95 ;   7,168442 ;   71,63
357,86 ; 300,03 ;   9,799637 ;   97,57
359,89 ; 299,97 ;   6,468390 ;   64,83
361,92 ; 300,04 ;   9,187803 ;   91,78
363,96 ; 300,06 ;   6,767603 ;   67,49
365,99 ; 300,06 ;   7,577867 ;   75,47
368,02 ; 300,03 ;   7,974575 ;   79,60
370,06 ; 300,09 ;   8,591748 ;   85,48
372,09 ; 300,06 ;   6,971718 ;   69,64
374,12 ; 300,05 ;   8,385987 ;   83,70
376,16 ; 300,02 ;   8,180983 ;   81,02
378,19 ; 300,06 ;   8,689965 ;   87,00
380,22 ; 300,02 ;   7,178585 ;   71,25
382,26 ; 300,09 ;   8,891791 ;   88,36
384,29 ; 300,10 ;   6,663871 ;   66,83
386,32 ; 299,99 ;   7,682724 ;   76,26
388,36 ; 300,03 ;   9,991403 ;   99,63
390,39 ; 300,06 ;   7,273894 ;   72,97
392,42 ; 300,03 ;   7,370179 ;   73,96
394,46 ; 299,96 ;   8,580009 ;   85,35
396,49 ; 300,01 ;   9,393195 ;   93,11
398,52 ; 299,99 ;   7,168560 ;   71,86
400,56 ; 299,92 ;   8,373068 ;   83,07
402,59 ; 300,01 ;   9,394278 ;   93,59
404,62 ; 300,04 ;   6,464220 ;   64,98
406,66 ; 300,06 ;   7,470851 ;   74,25
408,69 ; 300,01 ;   7,568602 ;   75,33
410,72 ; 300,03 ;   8,989373 ;   89,77
412,76 ; 299,99 ;   7,577986 ;   75,70
414,79 ; 300,04 ;   8,784020 ;   87,20
416,82 ; 300,02 ;   7,174185 ;   71,46
418,86 ; 300,08 ;   8,483226 ;   84,15
420,89 ; 300,01 ;   6,868019 ;   68,22
422,92 ; 300,03 ;   9,296606 ;   92,50
424,96 ; 300,02 ;   7,577339 ;   75,67
426,99 ; 300,01 ;   8,279800 ;   82,74
429,02 ; 299,99 ;   8,175465 ;   81,46
431,06 ; 300,05 ;   8,382408 ;   83,02
433,09 ; 299,97 ;   6,875130 ;   68,47
435,12 ; 300,03 ;   9,596766 ;   95,70
437,16 ; 300,02 ;   6,867317 ;   68,76
439,19 ; 300,08 ;   8,276582 ;   82,73
441,22 ; 300,02 ;   6,868439 ;   68,18
443,26 ; 300,02 ;   9,093123 ;   90,98
445,29 ; 300,06 ;   7,977855 ;   79,95
447,32 ; 300,05 ;   7,167813 ;   71,11
449,36 ; 299,99 ;   8,080117 ;   80,84
451,39 ; 300,03 ;   9,185858 ;   91,24
453,42 ; 300,01 ;   7,268988 ;   72,84
455,46 ; 300,10 ;   8,474121 ;   84,15
457,49 ; 299,96 ;   6,258775 ;   62,33
459,52 ; 300,06 ;   10,596958 ;  105,38
461,55 ; 300,02 ;   6,165654 ;   61,40
463,59 ; 299,96 ;   8,886801 ;   88,16
465,62 ; 299,91 ;   9,084162 ;   90,20
467,65 ; 300,01 ;   8,989098 ;   89,41
469,69 ; 300,02 ;   6,361553 ;   63,47
471,72 ; 299,97 ;   7,874142 ;   78,53
473,75 ; 299,98 ;   8,881624 ;   88,76
475,79 ; 299,97 ;   7,776556 ;   77,54
477,82 ; 300,08 ;   8,379600 ;   83,25
479,85 ; 299,90 ;   5,961054 ;   59,86
481,89 ; 299,96 ;   11,410974 ;  113,04
483,92 ; 300,01 ;   6,967905 ;   69,57
485,95 ; 300,05 ;   7,164620 ;   71,76
487,99 ; 300,06 ;   7,166477 ;   71,19
490,02 ; 300,02 ;   7,780027 ;   77,97
492,05 ; 300,04 ;   8,884889 ;   88,18
494,09 ; 300,01 ;   7,566679 ;   75,49
496,12 ; 300,06 ;   8,558660 ;   85,51
498,15 ; 299,80 ;   6,954992 ;   69,68
500,19 ; 298,02 ;   12,441514 ;  125,00
502,22 ; 295,30 ;   12,444954 ;  125,00
504,25 ; 292,42 ;   12,446104 ;  125,00
506,29 ; 289,64 ;   12,447298 ;  125,00
508,32 ; 287,34 ;   12,448053 ;  125,00
510,35 ; 285,31 ;   12,449983 ;  125,00
512,39 ; 283,59 ;   12,453587 ;  125,00
514,42 ; 282,12 ;   12,450561 ;  125,00
516,45 ; 280,84 ;   12,453697 ;  125,00
518,49 ; 279,82 ;   12,451928 ;  125,00
520,52 ; 278,89 ;   12,454050 ;  125,00
522,55 ; 278,23 ;   12,451663 ;  125,00
524,59 ; 277,56 ;   12,456190 ;  125,00
526,62 ; 277,13 ;   12,458788 ;  125,00
528,65 ; 276,88 ;   12,460174 ;  125,00
530,69 ; 276,55 ;   12,465672 ;  125,00
532,72 ; 276,46 ;   12,473807 ;  125,00
534,75 ; 276,32 ;   12,470883 ;  125,00
536,79 ; 276,40 ;   12,472193 ;  125,00
538,82 ; 276,42 ;   12,476874 ;  125,00
540,85 ; 276,59 ;   12,473952 ;  125,00
542,89 ; 276,80 ;   12,474628 ;  125,00
544,92 ; 277,00 ;   12,478432 ;  125,00
546,95 ; 277,30 ;   12,475822 ;  125,00
548,99 ; 277,67 ;   12,481121 ;  125,00
551,02 ; 278,04 ;   12,480399 ;  125,00
553,05 ; 278,53 ;   12,478447 ;  125,00
555,09 ; 278,91 ;   12,476955 ;  125,00
557,12 ; 279,32 ;   12,480900 ;  125,00
559,15 ; 279,90 ;   12,479391 ;  125,00
561,19 ; 280,40 ;   12,478436 ;  125,00
563,22 ; 281,02 ;   12,480974 ;  125,00
565,25 ; 281,58 ;   12,321279 ;  122,80
567,29 ; 282,12 ;   12,490742 ;  125,00
569,32 ; 282,66 ;   12,416170 ;  123,14
571,35 ; 283,28 ;   11,917333 ;  118,73
573,39 ; 283,95 ;   10,300741 ;  102,27
575,42 ; 284,53 ;   8,795268 ;   87,76
577,45 ; 285,09 ;   10,097760 ;  100,63
579,49 ; 285,82 ;   9,998987 ;   99,62
581,52 ; 286,50 ;   6,471194 ;   64,83
583,55 ; 287,02 ;   6,769153 ;   67,75
585,59 ; 287,59 ;   9,387041 ;   93,06
587,62 ; 288,09 ;   7,778067 ;   77,76
589,65 ; 288,68 ;   8,995365 ;   89,35
591,69 ; 289,20 ;   6,674620 ;   66,60
593,72 ; 289,66 ;   7,475643 ;   74,92
595,75 ; 290,05 ;   8,490194 ;   84,04
597,79 ; 290,59 ;   9,296735 ;   92,33
599,82 ; 291,05 ;   6,067075 ;   60,19
601,85 ; 291,35 ;   7,168787 ;   71,64
603,89 ; 291,80 ;   9,893846 ;   98,75
605,92 ; 292,00 ;   6,768911 ;   67,41
607,95 ; 292,33 ;   11,311236 ;  112,21
609,99 ; 292,66 ;   8,696038 ;   86,35
612,02 ; 292,95 ;   8,287876 ;   82,49
614,05 ; 293,23 ;   9,097378 ;   90,20
616,09 ; 293,49 ;   8,688707 ;   86,70
618,12 ; 293,77 ;   9,101332 ;   90,45
620,15 ; 294,09 ;   8,593434 ;   85,70
622,19 ; 294,34 ;   7,481184 ;   74,74
624,22 ; 294,55 ;   8,592590 ;   85,35
626,25 ; 294,77 ;   9,089434 ;   90,82
628,29 ; 295,06 ;   8,790761 ;   87,84
630,32 ; 295,27 ;   7,178876 ;   71,54
632,35 ; 295,46 ;   8,694430 ;   86,60
634,39 ; 295,77 ;   8,683478 ;   86,53
636,42 ; 295,95 ;   6,262985 ;   63,00
638,45 ; 296,08 ;   8,590180 ;   85,08
640,49 ; 296,39 ;   9,500312 ;   94,03
642,52 ; 296,48 ;   5,766991 ;   57,95
644,55 ; 296,63 ;   9,702055 ;   96,11
646,59 ; 296,80 ;   8,684461 ;   86,86
648,62 ; 296,96 ;   7,879930 ;   78,46
650,65 ; 297,14 ;   8,177043 ;   81,32
652,69 ; 297,28 ;   7,581597 ;   75,61
654,72 ; 297,48 ;   8,176938 ;   81,39
656,75 ; 297,59 ;   6,868979 ;   68,40
658,79 ; 297,67 ;   8,590471 ;   85,62
660,82 ; 297,88 ;   8,788967 ;   87,82
662,85 ; 297,95 ;   6,363787 ;   63,64
664,89 ; 298,08 ;   8,991758 ;   89,52
666,92 ; 298,18 ;   7,578715 ;   75,92
668,95 ; 298,30 ;   8,084214 ;   80,57
670,99 ; 298,38 ;   7,673805 ;   76,77
673,02 ; 298,41 ;   8,176771 ;   81,58
675,05 ; 298,59 ;   9,289839 ;   92,64
677,09 ; 298,63 ;   6,165612 ;   61,74
679,12 ; 298,76 ;   8,786600 ;   87,73
681,15 ; 298,87 ;   7,176793 ;   71,32
683,19 ; 298,91 ;   7,279426 ;   72,99
685,22 ; 298,96 ;   8,589656 ;   85,16
687,25 ; 298,98 ;   8,175959 ;   81,95
689,28 ; 299,08 ;   8,888190 ;   88,87
691,32 ; 299,14 ;   7,278488 ;   72,68
693,35 ; 299,25 ;   7,877620 ;   78,99
695,38 ; 299,28 ;   6,972115 ;   69,56
697,42 ; 299,32 ;   8,389567 ;   83,12
699,45 ; 299,35 ;   8,186249 ;   81,41
701,48 ; 299,46 ;   8,289477 ;   82,54
703,52 ; 299,48 ;   6,774384 ;   67,55
705,55 ; 299,55 ;   8,483531 ;   84,02
707,58 ; 299,53 ;   7,372050 ;   73,62
709,62 ; 299,62 ;   8,989359 ;   89,06
711,65 ; 299,64 ;   7,073019 ;   70,19
713,68 ; 299,59 ;   8,184933 ;   81,01
715,72 ; 299,77 ;   9,498032 ;   94,07
717,75 ; 299,78 ;   5,359518 ;   53,46
719,78 ; 299,80 ;   8,071866 ;   80,88
721,82 ; 299,87 ;   7,980177 ;   79,25
723,85 ; 299,84 ;   7,167567 ;   71,64
725,88 ; 299,80 ;   8,780779 ;   87,12
727,92 ; 299,87 ;   9,184780 ;   91,86
729,95 ; 299,90 ;   7,072977 ;   70,36
731,98 ; 299,92 ;   7,679917 ;   76,90
734,02 ; 299,94 ;   7,874449 ;   78,01
736,05 ; 300,02 ;   7,968837 ;   79,22
738,08 ; 300,03 ;   6,762690 ;   67,24
740,12 ; 300,15 ;   7,874273 ;   78,08
742,15 ; 300,06 ;   5,854828 ;   58,72
744,18 ; 300,14 ;   9,585928 ;   95,58
746,22 ; 300,08 ;   6,564253 ;   65,67
748,25 ; 300,08 ;   9,186774 ;   91,21
750,28 ; 300,08 ;   8,080328 ;   80,17
752,32 ; 300,08 ;   8,071970 ;   80,16
754,35 ; 300,09 ;   8,071706 ;   80,14
756,38 ; 300,10 ;   7,875513 ;   78,65
758,42 ; 300,09 ;   7,773653 ;   77,06
760,45 ; 300,20 ;   8,277744 ;   82,75
762,48 ; 300,09 ;   5,761436 ;   57,86
764,52 ; 300,16 ;   10,085970 ;  100,61
766,55 ; 300,03 ;   6,556723 ;   65,18
768,58 ; 300,13 ;   10,390515 ;  103,99
770,62 ; 300,17 ;   6,255837 ;   62,85
772,65 ; 300,16 ;   7,058903 ;   70,53
774,68 ; 300,17 ;   8,069240 ;   80,24
776,72 ; 300,23 ;   7,771318 ;   77,35
778,75 ; 300,20 ;   6,658436 ;   66,91
780,78 ; 300,17 ;   8,582097 ;   85,26
782,82 ; 300,15 ;   8,277160 ;   82,74
784,85 ; 300,16 ;   8,245340 ;   83,00
786,88 ; 300,16 ;   7,565092 ;   75,88
788,92 ; 300,23 ;   7,870730 ;   78,61
790,95 ; 300,20 ;   6,562147 ;   65,31
792,98 ; 300,26 ;   8,367082 ;   83,56
795,02 ; 300,15 ;   6,758550 ;   67,69
797,05 ; 300,27 ;   9,779420 ;   97,93
799,08 ; 300,23 ;   5,646670 ;   56,48
801,12 ; 300,20 ;   8,367040 ;   83,00
803,15 ; 300,20 ;   8,469199 ;   84,81
805,18 ; 300,17 ;   7,665871 ;   76,40
807,21 ; 300,23 ;   8,377741 ;   83,64
809,25 ; 300,22 ;   6,664015 ;   66,30
811,28 ; 300,16 ;   8,067846 ;   80,23
813,31 ; 300,13 ;   8,780273 ;   87,74
815,35 ; 300,13 ;   8,571849 ;   85,43
817,38 ; 300,20 ;   7,863079 ;   78,51
819,41 ; 300,29 ;   6,554066 ;   65,22
821,45 ; 300,17 ;   5,957207 ;   59,89
823,48 ; 300,22 ;   9,891644 ;   98,49
825,51 ; 300,26 ;   6,861357 ;   68,93
827,55 ; 300,27 ;   6,964297 ;   69,79
829,58 ; 300,20 ;   7,564237 ;   75,16
831,61 ; 300,26 ;   8,984590 ;   89,75
833,65 ; 300,20 ;   6,554765 ;   65,51
835,68 ; 300,20 ;   8,673891 ;   86,81
837,71 ; 300,23 ;   7,769650 ;   77,11
839,75 ; 300,17 ;   7,161142 ;   71,17
841,78 ; 300,22 ;   8,878939 ;   88,43
843,81 ; 300,18 ;   6,863201 ;   68,52
845,85 ; 300,20 ;   8,476752 ;   84,13
847,88 ; 300,14 ;   7,262547 ;   72,77
849,91 ; 300,09 ;   8,870215 ;   88,65
851,95 ; 300,22 ;   8,778182 ;   87,92
853,98 ; 300,16 ;   5,349319 ;   53,19
856,01 ; 300,10 ;   8,675661 ;   86,90
858,05 ; 300,05 ;   8,977226 ;   89,02
860,08 ; 300,17 ;   8,673933 ;   86,80
862,11 ; 300,17 ;   5,647267 ;   56,42
864,15 ; 300,20 ;   7,767925 ;   77,06
866,18 ; 300,17 ;   7,266564 ;   72,60
868,21 ; 300,15 ;   8,171534 ;   81,12
870,25 ; 300,14 ;   8,171421 ;   81,37
872,28 ; 300,13 ;   7,865049 ;   78,68
874,31 ; 300,18 ;   8,068885 ;   80,22
876,35 ; 300,13 ;   6,759922 ;   67,12
878,38 ; 300,16 ;   8,779923 ;   87,05
880,41 ; 300,09 ;   7,068490 ;   70,00
882,45 ; 300,13 ;   9,183255 ;   91,60
884,48 ; 300,16 ;   7,059261 ;   70,43
886,51 ; 300,15 ;   6,966509 ;   69,93
888,55 ; 300,09 ;   7,974349 ;   79,73
890,58 ; 300,17 ;   8,874885 ;   88,73
892,61 ; 300,09 ;   6,160704 ;   61,47
894,64 ; 300,14 ;   9,283771 ;   92,82
896,68 ; 300,09 ;   6,759616 ;   67,33
898,71 ; 300,16 ;   8,770907 ;   87,27
900,74 ; 300,13 ;   6,256173 ;   62,86
902,78 ; 300,12 ;   8,379004 ;   83,98
904,81 ; 300,13 ;   7,872058 ;   78,53
906,84 ; 300,09 ;   7,574604 ;   75,66
908,88 ; 300,05 ;   8,482328 ;   84,38
910,91 ; 299,99 ;   8,379962 ;   83,36
912,94 ; 300,10 ;   8,987736 ;   89,63
914,98 ; 300,05 ;   5,752520 ;   57,97
917,01 ; 300,10 ;   8,679500 ;   86,09
919,04 ; 300,04 ;   6,863873 ;   68,96
921,08 ; 300,08 ;   8,976657 ;   89,01
923,11 ; 300,06 ;   7,070803 ;   70,60
925,14 ; 300,04 ;   8,077357 ;   80,42
927,18 ; 300,05 ;   8,277659 ;   82,08
929,21 ; 300,12 ;   7,473497 ;   74,99
931,24 ; 300,08 ;   6,565787 ;   65,94
933,28 ; 300,03 ;   8,471127 ;   84,32
935,31 ; 300,03 ;   8,682063 ;   86,25
937,34 ; 300,09 ;   7,770811 ;   77,97
939,38 ; 300,06 ;   6,770667 ;   67,64
941,41 ; 300,10 ;   8,182697 ;   81,70
943,44 ; 299,99 ;   7,068297 ;   70,18
945,48 ; 300,08 ;   9,780467 ;   97,68
947,51 ; 300,04 ;   6,256218 ;   62,18
949,54 ; 300,03 ;   8,482833 ;   84,70
951,58 ; 299,97 ;   7,975382 ;   79,27
953,61 ; 299,95 ;   8,985250 ;   89,67
955,64 ; 300,05 ;   8,378692 ;   83,08
957,68 ; 300,05 ;   5,852382 ;   58,30
959,71 ; 300,02 ;   7,769917 ;   77,61
961,74 ; 300,03 ;   8,482315 ;   84,97
963,78 ; 300,01 ;   7,573960 ;   75,12
965,81 ; 300,06 ;   8,275069 ;   82,29
967,84 ; 300,03 ;   6,760198 ;   67,84
969,88 ; 300,05 ;   8,378067 ;   83,37
971,91 ; 299,98 ;   7,365220 ;   73,43
973,94 ; 300,10 ;   9,080137 ;   90,81
975,98 ; 300,12 ;   5,656780 ;   56,29
978,01 ; 300,08 ;   7,472716 ;   74,02
980,04 ; 299,99 ;   8,479183 ;   84,12
982,07 ; 299,96 ;   9,387900 ;   93,43
984,11 ; 300,03 ;   8,481333 ;   84,15
986,14 ; 300,01 ;   6,562373 ;   65,38
988,18 ; 300,04 ;   8,273447 ;   82,21
990,21 ; 300,10 ;   7,265530 ;   72,18
992,24 ; 300,06 ;   6,564527 ;   65,88
994,27 ; 300,03 ;   8,470911 ;   84,26
996,31 ; 300,09 ;   8,376587 ;   83,26
998,34 ; 299,99 ;   6,759231 ;   67,41
1000,37 ; 300,08 ;   9,486430 ;   94,73
1002,41 ; 300,01 ;   6,153248 ;   61,99
1004,44 ; 300,04 ;   9,077469 ;   90,41
1006,47 ; 299,97 ;   7,271623 ;   72,09
1008,51 ; 299,98 ;   9,077779 ;   90,86
1010,54 ; 300,06 ;   7,563214 ;   75,52
1012,57 ; 300,08 ;   6,355817 ;   63,54
1014,61 ; 300,04 ;   7,468917 ;   74,36
1016,64 ; 300,04 ;   8,468846 ;   84,47
1018,67 ; 299,99 ;   7,768854 ;   77,57
1020,71 ; 299,99 ;   8,677539 ;   86,41
1022,74 ; 300,03 ;   7,872161 ;   78,14
1024,77 ; 299,96 ;   7,067158 ;   70,77
1026,81 ; 299,97 ;   9,083698 ;   90,92
1028,84 ; 300,03 ;   7,767586 ;   77,05
1030,87 ; 299,97 ;   6,653919 ;   66,65
1032,91 ; 300,04 ;   8,975466 ;   89,46
1034,94 ; 299,99 ;   6,561008 ;   65,17
1036,97 ; 299,92 ;   8,676006 ;   86,41
1039,01 ; 299,94 ;   9,179497 ;   91,41
1041,04 ; 299,99 ;   7,674625 ;   76,07
1043,07 ; 300,02 ;   6,862297 ;   68,52
1045,11 ; 300,05 ;   7,367885 ;   73,75
1047,14 ; 300,01 ;   7,066859 ;   70,52
1049,17 ; 300,04 ;   8,684923 ;   86,24
1051,21 ; 300,08 ;   7,262444 ;   72,07
1053,24 ; 300,04 ;   7,057705 ;   70,21
1055,27 ; 300,06 ;   8,481198 ;   84,45
1057,31 ; 300,04 ;   7,364520 ;   73,13
1059,34 ; 300,04 ;   8,170954 ;   81,67
1061,37 ; 300,10 ;   7,768248 ;   77,53
1063,41 ; 300,02 ;   6,563214 ;   65,73
1065,44 ; 300,02 ;   9,284114 ;   92,96
1067,47 ; 299,98 ;   7,769407 ;   77,79
1069,51 ; 299,99 ;   8,379837 ;   83,68
1071,54 ; 299,98 ;   7,675212 ;   76,69
1073,57 ; 299,96 ;   7,973808 ;   79,55
1075,60 ; 299,97 ;   8,278140 ;   82,60
1077,64 ; 299,97 ;   7,676335 ;   76,99
1079,67 ; 299,98 ;   7,872664 ;   78,38
1081,71 ; 299,99 ;   7,560910 ;   75,43
1083,74 ; 299,95 ;   7,665588 ;   76,72
1085,77 ; 299,97 ;   8,675350 ;   86,95
1087,80 ; 299,92 ;   7,458411 ;   74,26
1089,84 ; 300,01 ;   8,776920 ;   87,25
1091,87 ; 299,96 ;   6,253360 ;   62,77
1093,90 ; 299,96 ;   8,681314 ;   86,79
1095,94 ; 299,98 ;   7,871225 ;   78,52
1097,97 ; 300,06 ;   7,457945 ;   74,11
1100,00 ; 299,94 ;   6,355280 ;   63,51
1102,04 ; 300,02 ;   10,082362 ;  100,87
1104,07 ; 299,96 ;   6,457501 ;   64,08
1106,10 ; 299,94 ;   8,871050 ;   88,18
1108,14 ; 300,06 ;   8,269812 ;   82,96
1110,17 ; 300,03 ;   5,542280 ;   55,25
1112,20 ; 300,04 ;   8,374598 ;   83,20
1114,24 ; 299,99 ;   7,665037 ;   76,20
1116,27 ; 300,05 ;   8,680589 ;   86,42
1118,30 ; 300,03 ;   6,654109 ;   66,36
1120,34 ; 300,06 ;   8,167337 ;   81,79
1122,37 ; 299,99 ;   7,167675 ;   71,75
1124,40 ; 299,99 ;   9,075359 ;   90,52
1126,44 ; 299,99 ;   7,877440 ;   78,12
1128,47 ; 299,95 ;   7,867987 ;   78,12
1130,50 ; 299,96 ;   8,673352 ;   86,96
1132,54 ; 299,89 ;   7,561967 ;   75,76
1134,57 ; 299,94 ;   9,187650 ;   91,79
1136,60 ; 299,98 ;   7,064194 ;   70,56
1138,64 ; 299,98 ;   6,962656 ;   70,00
1140,67 ; 300,06 ;   7,869987 ;   78,27
1142,70 ; 299,92 ;   6,353391 ;   63,54
1144,74 ; 300,01 ;   10,384348 ;  103,84
1146,77 ; 299,97 ;   6,253915 ;   62,83
1148,80 ; 300,02 ;   8,578098 ;   85,36
1150,84 ; 299,95 ;   6,962854 ;   69,62
1152,87 ; 300,04 ;   9,179230 ;   91,16
1154,90 ; 299,98 ;   6,158827 ;   61,09
1156,94 ; 299,96 ;   8,777330 ;   87,94
1158,97 ; 300,04 ;   8,271815 ;   82,71
1161,00 ; 300,09 ;   6,355342 ;   63,85
1163,04 ; 300,01 ;   6,859415 ;   68,77
1165,07 ; 300,13 ;   9,177659 ;   91,76
1167,10 ; 300,01 ;   5,555057 ;   55,87
1169,14 ; 299,97 ;   9,884760 ;   98,64
1171,17 ; 299,99 ;   8,568197 ;   85,32
1173,20 ; 299,97 ;   7,455843 ;   74,01
1175,23 ; 300,02 ;   8,273552 ;   82,58
1177,27 ; 300,03 ;   6,958879 ;   69,60
1179,30 ; 300,02 ;   7,468926 ;   74,92
1181,33 ; 299,94 ;   8,076127 ;   80,62
1183,37 ; 299,92 ;   9,288330 ;   92,59
1185,40 ; 299,99 ;   8,175001 ;   81,77
1187,43 ; 300,02 ;   6,551576 ;   65,77
1189,47 ; 299,96 ;   7,362997 ;   73,76
1191,50 ; 300,03 ;   8,869655 ;   88,20
1193,53 ; 299,92 ;   6,553373 ;   65,29
1195,57 ; 299,91 ;   9,890955 ;   98,33
1197,60 ; 299,94 ;   8,075589 ;   80,52
1199,63 ; 299,92 ;   7,467068 ;   74,74
1201,67 ; 300,02 ;   8,169517 ;   81,84
1203,70 ; 299,98 ;   6,160829 ;   61,41
1205,73 ; 299,94 ;   8,372601 ;   83,84
1207,77 ; 300,01 ;   8,779833 ;   87,17
1209,80 ; 299,94 ;   6,561593 ;   65,65
1211,83 ; 299,95 ;   9,178617 ;   91,32
1213,87 ; 299,96 ;   7,767025 ;   77,45
1215,90 ; 300,06 ;   7,570779 ;   75,89
1217,93 ; 299,97 ;   5,952701 ;   59,51
1219,97 ; 299,95 ;   9,579540 ;   95,09
1222,00 ; 300,10 ;   8,174330 ;   82,98
1224,03 ; 300,12 ;   4,882039 ;   49,37
1226,07 ; 300,04 ;   7,279539 ;   73,98
1228,10 ; 299,96 ;   9,104841 ;   91,46
1230,13 ; 300,06 ;   9,208363 ;   92,39
1232,17 ; 299,96 ;   5,907398 ;   59,47
1234,20 ; 299,96 ;   9,607075 ;   96,54
1236,23 ; 300,02 ;   7,813192 ;   78,62
1238,27 ; 299,97 ;   6,800530 ;   68,31
1240,30 ; 299,94 ;   8,603255 ;   86,80
1242,33 ; 300,01 ;   8,400993 ;   84,43
1244,37 ; 299,91 ;   6,509721 ;   65,66
1246,40 ; 299,91 ;   9,508646 ;   95,76
1248,43 ; 299,90 ;   7,920014 ;   79,23
1250,47 ; 299,88 ;   8,214921 ;   82,19
1252,50 ; 299,90 ;   8,318680 ;   83,88
1254,53 ; 299,91 ;   7,519156 ;   75,35
1256,56 ; 299,94 ;   7,610109 ;   76,56
1258,60 ; 299,94 ;   7,416377 ;   74,91
1260,63 ; 299,92 ;   7,918803 ;   79,06
1262,66 ; 299,95 ;   8,218011 ;   82,02
1264,70 ; 299,92 ;   7,422162 ;   74,86
1266,73 ; 299,87 ;   8,323126 ;   83,42
1268,76 ; 300,01 ;   8,919091 ;   89,63
1270,80 ; 299,97 ;   5,308772 ;   53,48
1272,83 ; 299,89 ;   8,513597 ;   85,65
1274,86 ; 299,80 ;   9,316411 ;   93,50
1276,90 ; 299,82 ;   9,514699 ;   95,95
1278,93 ; 299,97 ;   7,718375 ;   77,88
1280,96 ; 299,87 ;   5,213334 ;   52,66
1283,00 ; 299,97 ;   9,801715 ;   98,02
1285,03 ; 299,94 ;   6,014441 ;   60,97
1287,06 ; 299,88 ;   8,415316 ;   84,80
1289,10 ; 299,92 ;   9,111985 ;   91,09
1291,13 ; 299,98 ;   7,119077 ;   71,24
1293,16 ; 299,94 ;   6,715241 ;   67,73
1295,20 ; 299,96 ;   8,716771 ;   87,61
1297,23 ; 299,94 ;   7,413551 ;   74,93
1299,26 ; 299,92 ;   8,310915 ;   83,50
1301,30 ; 299,98 ;   8,212815 ;   82,32
1303,33 ; 299,90 ;   6,715421 ;   67,79
1305,36 ; 299,90 ;   9,512431 ;   95,04
1307,40 ; 300,05 ;   7,918927 ;   79,89
1309,43 ; 299,94 ;   5,009891 ;   50,43
1311,46 ; 299,94 ;   10,010767 ;  100,09
1313,50 ; 299,88 ;   7,915669 ;   79,44
1315,53 ; 299,91 ;   9,117598 ;   91,24
1317,56 ; 299,94 ;   7,216941 ;   72,87
1319,60 ; 299,92 ;   7,513956 ;   75,36
1321,63 ; 299,92 ;   8,231916 ;   82,45
1323,66 ; 299,94 ;   7,933120 ;   79,71
1325,70 ; 299,96 ;   7,620669 ;   76,78
1327,73 ; 299,95 ;   7,527499 ;   75,13
1329,76 ; 299,95 ;   8,236133 ;   82,22
1331,80 ; 299,96 ;   7,944301 ;   79,47
1333,83 ; 299,92 ;   7,641596 ;   76,53
1335,86 ; 299,95 ;   8,648898 ;   86,67
1337,90 ; 299,94 ;   7,543666 ;   75,37
1339,93 ; 299,95 ;   8,047666 ;   80,99
1341,96 ; 299,97 ;   7,844098 ;   78,15
1343,99 ; 299,98 ;   7,554678 ;   75,12
1346,03 ; 299,89 ;   7,645298 ;   76,31
1348,06 ; 299,95 ;   9,661966 ;   96,76
1350,09 ; 299,96 ;   6,946412 ;   69,92
1352,13 ; 299,97 ;   7,645506 ;   76,64
1354,16 ; 299,96 ;   7,750645 ;   77,93
1356,19 ; 299,94 ;   8,059048 ;   80,79
1358,23 ; 300,01 ;   8,356360 ;   83,84
1360,26 ; 299,99 ;   6,649089 ;   66,45
1362,29 ; 300,02 ;   8,149917 ;   81,80
1364,33 ; 300,03 ;   7,452439 ;   74,62
1366,36 ; 300,02 ;   7,554647 ;   75,81
1368,39 ; 300,10 ;   8,156653 ;   81,51
1370,43 ; 299,96 ;   6,247593 ;   62,54
1372,46 ; 299,99 ;   10,463666 ;  104,20
1374,49 ; 300,03 ;   7,359411 ;   73,50
1376,53 ; 299,99 ;   7,155093 ;   71,66
1378,56 ; 299,98 ;   8,560067 ;   85,91
1380,59 ; 299,96 ;   8,050924 ;   80,49
1382,63 ; 300,01 ;   8,358921 ;   83,54
1384,66 ; 300,03 ;   7,045761 ;   70,57
1386,69 ; 299,97 ;   7,458524 ;   74,42
1388,73 ; 299,97 ;   9,070118 ;   90,34
1390,76 ; 299,99 ;   7,954785 ;   79,31
1392,79 ; 299,99 ;   7,460537 ;   74,90
1394,83 ; 300,03 ;   7,954434 ;   79,04
1396,86 ; 300,02 ;   7,160753 ;   71,67
1398,89 ; 300,08 ;   8,160619 ;   81,50
1400,93 ; 300,04 ;   6,648731 ;   66,95
1402,96 ; 300,01 ;   8,561966 ;   85,33
1404,99 ; 300,03 ;   8,459861 ;   84,33
1407,03 ; 300,08 ;   7,450470 ;   74,39
1409,06 ; 299,99 ;   6,946653 ;   69,68
1411,09 ; 300,16 ;   9,465595 ;   94,16
1413,13 ; 300,03 ;   4,640329 ;   46,57
1415,16 ; 300,03 ;   10,175552 ;  101,91
1417,19 ; 300,10 ;   7,861001 ;   78,47
1419,23 ; 300,05 ;   6,547924 ;   65,20
1421,26 ; 300,03 ;   8,667636 ;   86,43
1423,29 ; 300,04 ;   8,263289 ;   82,56
1425,32 ; 300,05 ;   7,659760 ;   76,95
1427,36 ; 300,06 ;   7,563014 ;   75,37
1429,39 ; 300,01 ;   7,657913 ;   76,64
1431,42 ; 299,97 ;   8,872130 ;   88,33
1433,46 ; 299,99 ;   8,667113 ;   86,04
1435,49 ; 300,01 ;   7,462206 ;   74,73
1437,52 ; 299,99 ;   7,564211 ;   75,93
1439,56 ; 300,08 ;   8,163542 ;   81,63
1441,59 ; 300,01 ;   6,251011 ;   62,66
1443,62 ; 299,99 ;   9,171800 ;   91,07
1445,66 ; 300,08 ;   8,164876 ;   81,61
1447,69 ; 300,12 ;   6,251650 ;   62,65
1449,72 ; 300,08 ;   7,062861 ;   70,42
1451,76 ; 300,02 ;   8,474470 ;   84,66
1453,79 ; 300,01 ;   8,971476 ;   89,54
1455,82 ; 299,98 ;   7,968271 ;   79,99
1457,86 ; 300,04 ;   8,371344 ;   83,03
1459,89 ; 299,98 ;   6,857942 ;   68,58
1461,92 ; 299,99 ;   8,866205 ;   88,53
1463,96 ; 300,04 ;   7,756736 ;   77,42
1465,99 ; 299,96 ;   6,959888 ;   69,95
1468,02 ; 299,99 ;   9,270322 ;   92,95
1470,06 ; 300,03 ;   7,364183 ;   73,28
1472,09 ; 299,96 ;   7,166260 ;   71,43
1474,12 ; 300,04 ;   9,175039 ;   91,58
1476,16 ; 300,03 ;   6,456662 ;   64,43
1478,19 ; 299,99 ;   7,961284 ;   79,69
1480,22 ; 300,10 ;   8,567306 ;   85,68
1482,26 ; 300,04 ;   5,851008 ;   58,16
1484,29 ; 300,08 ;   8,980001 ;   89,22
1486,32 ; 300,02 ;   7,054559 ;   70,82
1488,36 ; 300,04 ;   8,978516 ;   89,49
1490,39 ; 299,96 ;   7,465646 ;   74,03
1492,42 ; 300,06 ;   9,278525 ;   92,91
1494,46 ; 299,99 ;   5,951724 ;   59,97
1496,49 ; 299,99 ;   9,175134 ;   91,13
1498,52 ; 300,08 ;   7,868682 ;   78,73
1500,56 ; 299,99 ;   6,251674 ;   62,52
1502,59 ; 299,99 ;   9,381172 ;   93,88
1504,62 ; 300,06 ;   7,859126 ;   78,72
1506,66 ; 300,08 ;   6,558737 ;   65,45
1508,69 ; 299,98 ;   7,465451 ;   74,90
1510,72 ; 300,03 ;   9,576028 ;   95,33
1512,76 ; 299,99 ;   6,960053 ;   69,95
1514,79 ; 300,12 ;   8,575222 ;   85,58
1516,82 ; 300,02 ;   5,551627 ;   55,10
1518,85 ; 300,08 ;   9,684401 ;   96,30
1520,89 ; 300,08 ;   6,659997 ;   66,59
1522,92 ; 300,04 ;   7,762278 ;   77,60
1524,95 ; 300,06 ;   8,472356 ;   84,95
1526,99 ; 300,05 ;   7,360739 ;   73,63
1529,02 ; 299,99 ;   7,967954 ;   79,22
1531,05 ; 299,97 ;   8,964019 ;   89,62
1533,09 ; 300,03 ;   8,358673 ;   83,02
1535,12 ; 299,98 ;   6,752836 ;   67,10
1537,15 ; 300,06 ;   8,669018 ;   86,96
1539,19 ; 299,99 ;   6,358934 ;   63,95
1541,22 ; 300,04 ;   9,069437 ;   90,99
1543,25 ; 300,04 ;   6,956536 ;   69,75
1545,29 ; 299,94 ;   7,863227 ;   78,01
1547,32 ; 299,99 ;   9,768962 ;   97,16
1549,35 ; 299,90 ;   6,855939 ;   68,94
1551,39 ; 299,99 ;   9,682313 ;   96,29
1553,42 ; 300,01 ;   6,245736 ;   62,07
1555,45 ; 300,02 ;   7,556084 ;   75,66
1557,49 ; 300,09 ;   7,665576 ;   76,94
1559,52 ; 300,04 ;   6,556364 ;   65,06
1561,55 ; 300,08 ;   8,665269 ;   86,29
1563,59 ; 300,01 ;   7,060266 ;   70,64
1565,62 ; 300,08 ;   9,068801 ;   90,78
1567,65 ; 300,13 ;   6,554050 ;   65,11
1569,69 ; 300,08 ;   6,854902 ;   68,65
1571,72 ; 300,05 ;   8,562546 ;   85,74
1573,75 ; 300,04 ;   8,162930 ;   81,88
1575,79 ; 300,08 ;   8,059059 ;   80,68
1577,82 ; 299,99 ;   7,062302 ;   70,54
1579,85 ; 300,03 ;   9,377108 ;   93,64
1581,89 ; 300,05 ;   7,165150 ;   71,10
1583,92 ; 300,09 ;   7,363572 ;   73,57
1585,95 ; 299,95 ;   7,166199 ;   71,79
1587,99 ; 300,03 ;   10,387646 ;  103,82
1590,02 ; 299,99 ;   6,253960 ;   62,81
1592,05 ; 299,96 ;   8,580338 ;   85,34
1594,09 ; 299,92 ;   8,474058 ;   84,34
1596,12 ; 299,91 ;   8,673240 ;   86,20
1598,15 ; 300,03 ;   8,071664 ;   80,80
1600,19 ; 300,06 ;   5,746692 ;   57,34
1602,22 ; 300,01 ;   7,256914 ;   72,11
1604,25 ; 300,02 ;   8,774214 ;   87,93
1606,29 ; 300,02 ;   7,662772 ;   76,80
1608,32 ; 299,96 ;   7,867572 ;   78,17
1610,35 ; 299,95 ;   8,878332 ;   88,49
1612,39 ; 299,99 ;   8,177385 ;   81,80
1614,42 ; 299,99 ;   7,063117 ;   70,21
1616,45 ; 299,96 ;   7,866487 ;   78,48
1618,49 ; 299,99 ;   8,465646 ;   84,37
1620,52 ; 299,98 ;   7,261062 ;   72,97
1622,55 ; 299,99 ;   7,963364 ;   79,96
1624,59 ; 300,04 ;   7,772845 ;   77,11
1626,62 ; 300,16 ;   6,962920 ;   69,65
1628,65 ; 300,01 ;   5,447978 ;   54,32
1630,68 ; 300,10 ;   10,585130 ;  105,83
1632,72 ; 300,01 ;   6,056002 ;   60,58
1634,75 ; 300,06 ;   9,479639 ;   94,79
1636,78 ; 300,04 ;   6,753759 ;   67,92
1638,82 ; 300,04 ;   8,163971 ;   81,98
1640,85 ; 300,01 ;   7,762594 ;   77,84
1642,88 ; 299,94 ;   8,367516 ;   83,72
1644,92 ; 300,04 ;   9,172961 ;   91,48
1646,95 ; 300,03 ;   5,947940 ;   59,92
1648,98 ; 300,02 ;   7,966295 ;   79,31
1651,02 ; 299,94 ;   8,066703 ;   80,87
1653,05 ; 299,96 ;   9,274746 ;   92,84
1655,08 ; 299,98 ;   7,461934 ;   74,65
1657,12 ; 299,96 ;   7,463057 ;   74,37
1659,15 ; 300,04 ;   8,263433 ;   82,93
1661,18 ; 299,96 ;   6,455724 ;   64,07
1663,22 ; 300,03 ;   9,274348 ;   92,59
1665,25 ; 299,99 ;   6,555368 ;   65,55
1667,28 ; 299,97 ;   8,561499 ;   85,31
1669,32 ; 300,01 ;   8,265756 ;   82,84
1671,35 ; 300,08 ;   7,163125 ;   71,34
1673,38 ; 300,02 ;   6,451074 ;   64,97
1675,42 ; 299,99 ;   8,975115 ;   89,16
1677,45 ; 300,02 ;   8,273362 ;   82,54
1679,48 ; 299,96 ;   7,357498 ;   73,99
1681,52 ; 300,06 ;   8,872036 ;   88,44
1683,55 ; 299,92 ;   5,949299 ;   59,64
1685,58 ; 300,01 ;   10,485459 ;  104,08
1687,62 ; 299,97 ;   6,350892 ;   63,06
1689,65 ; 299,97 ;   8,573577 ;   85,59
1691,68 ; 300,03 ;   7,863326 ;   78,71
1693,72 ; 299,98 ;   6,658854 ;   66,92
1695,75 ; 299,96 ;   8,674831 ;   86,79
1697,78 ; 300,01 ;   8,263992 ;   82,94
1699,82 ; 300,03 ;   6,956992 ;   69,97
1701,85 ; 300,12 ;   7,349745 ;   73,82
1703,88 ; 300,03 ;   6,144808 ;   61,72
1705,92 ; 299,99 ;   9,376257 ;   93,08
1707,95 ; 299,94 ;   8,574190 ;   85,29
1709,98 ; 299,96 ;   8,872254 ;   88,71
1712,02 ; 299,94 ;   7,462335 ;   74,65
1714,05 ; 299,90 ;   8,375740 ;   83,22
1716,08 ; 299,89 ;   8,674715 ;   86,47
1718,12 ; 299,89 ;   8,171826 ;   81,07
1720,15 ; 300,08 ;   7,966333 ;   79,71
1722,18 ; 300,08 ;   4,434648 ;   44,35
1724,22 ; 299,99 ;   7,761767 ;   77,43
1726,25 ; 299,96 ;   9,374995 ;   93,62
1728,28 ; 300,09 ;   8,470778 ;   84,36
1730,31 ; 299,98 ;   5,545948 ;   55,27
1732,35 ; 299,98 ;   9,673364 ;   96,47
1734,38 ; 300,04 ;   7,863750 ;   78,55
1736,41 ; 299,96 ;   6,854456 ;   68,24
1738,45 ; 300,01 ;   9,274523 ;   92,62
1740,48 ; 299,99 ;   6,957965 ;   69,99
1742,51 ; 300,04 ;   8,165167 ;   81,22
1744,55 ; 300,03 ;   6,960678 ;   69,62
1746,58 ; 300,01 ;   7,960809 ;   79,36
1748,61 ; 300,01 ;   8,277292 ;   82,39
1750,65 ; 300,05 ;   7,866955 ;   78,25
1752,68 ; 300,03 ;   6,958456 ;   69,41
1754,71 ; 299,97 ;   8,266447 ;   82,09
1756,75 ; 300,04 ;   8,976556 ;   89,74
1758,78 ; 300,04 ;   6,549721 ;   65,45
1760,81 ; 300,01 ;   7,773216 ;   77,85
1762,85 ; 299,97 ;   8,371270 ;   83,74
