Tempo total (s) ;Temperatura (ºC) ; Potencia atual (W) ; Saida
P:   5.30 I: 104.05 D:  26.00 Tensão:7.0 V Temperatura ambiente:     20.08ºC
2,00 ; 299,99 ;   8,188656 ;   43,18
4,00 ; 299,99 ;   7,989608 ;   42,10
6,00 ; 300,06 ;   7,989814 ;   42,10
8,00 ; 300,04 ;   6,866561 ;   36,88
10,00 ; 300,09 ;   8,182769 ;   43,46
12,01 ; 300,05 ;   7,234064 ;   38,36
14,01 ; 300,06 ;   8,190773 ;   43,90
16,01 ; 299,96 ;   7,794287 ;   41,16
18,01 ; 300,02 ;   9,330783 ;   49,24
20,01 ; 300,03 ;   7,235760 ;   38,18
22,01 ; 299,98 ;   7,626505 ;   40,79
24,01 ; 300,01 ;   8,550883 ;   45,34
26,01 ; 299,97 ;   7,623073 ;   40,37
28,01 ; 299,95 ;   8,375075 ;   44,89
30,01 ; 299,95 ;   8,182400 ;   43,94
32,01 ; 300,09 ;   8,009531 ;   42,33
34,02 ; 300,02 ;   5,897978 ;   31,90
36,02 ; 300,09 ;   8,745692 ;   46,79
38,02 ; 300,03 ;   6,845403 ;   36,73
40,02 ; 300,06 ;   8,555408 ;   45,62
42,02 ; 300,09 ;   7,426489 ;   39,53
44,02 ; 300,05 ;   7,426228 ;   39,94
46,02 ; 299,99 ;   8,184111 ;   43,86
48,02 ; 300,02 ;   8,767759 ;   46,35
50,02 ; 299,98 ;   7,622283 ;   40,30
52,02 ; 299,96 ;   8,379934 ;   44,24
54,02 ; 300,01 ;   8,185059 ;   43,83
56,03 ; 299,98 ;   7,233474 ;   38,74
58,03 ; 300,02 ;   8,185560 ;   43,70
60,03 ; 300,05 ;   7,426395 ;   39,77
62,03 ; 299,94 ;   7,408778 ;   39,02
64,03 ; 300,08 ;   9,505559 ;   50,41
66,03 ; 299,98 ;   5,916083 ;   31,90
68,03 ; 299,99 ;   9,139772 ;   48,54
70,03 ; 299,98 ;   7,798968 ;   41,50
72,03 ; 299,99 ;   7,989611 ;   42,62
74,03 ; 299,94 ;   7,800347 ;   41,51
76,03 ; 299,96 ;   8,766492 ;   46,11
78,04 ; 300,03 ;   7,625448 ;   40,61
80,04 ; 299,98 ;   7,041502 ;   37,00
82,04 ; 299,97 ;   8,572529 ;   45,32
84,04 ; 300,01 ;   8,181004 ;   43,26
86,04 ; 299,99 ;   7,407588 ;   39,28
88,04 ; 300,09 ;   8,183804 ;   43,13
90,04 ; 300,05 ;   6,676188 ;   35,09
92,04 ; 299,96 ;   8,166610 ;   43,86
94,04 ; 300,05 ;   9,139963 ;   48,66
96,04 ; 299,98 ;   6,653016 ;   35,25
98,04 ; 299,98 ;   8,749040 ;   46,93
100,05 ; 299,95 ;   7,991539 ;   42,09
102,05 ; 299,99 ;   8,359816 ;   44,99
104,05 ; 300,01 ;   7,237355 ;   38,82
106,05 ; 299,99 ;   7,626704 ;   40,89
108,05 ; 300,15 ;   8,185555 ;   43,13
110,05 ; 300,01 ;   5,705076 ;   30,44
112,05 ; 300,06 ;   9,700278 ;   51,63
114,05 ; 300,01 ;   7,062283 ;   37,89
116,05 ; 300,03 ;   8,569559 ;   45,71
118,05 ; 300,01 ;   7,625577 ;   40,20
120,05 ; 299,91 ;   8,182425 ;   43,56
122,06 ; 300,05 ;   9,132196 ;   48,90
124,06 ; 299,99 ;   6,110124 ;   32,02
126,06 ; 300,05 ;   8,767012 ;   46,33
128,06 ; 300,03 ;   7,045588 ;   37,39
130,06 ; 300,02 ;   8,183714 ;   43,43
132,06 ; 300,04 ;   8,010005 ;   42,97
134,06 ; 299,99 ;   7,603421 ;   40,15
136,06 ; 299,92 ;   8,574689 ;   45,24
138,06 ; 299,98 ;   8,941464 ;   47,24
140,06 ; 299,97 ;   7,041969 ;   37,76
142,06 ; 299,99 ;   8,165251 ;   43,23
144,07 ; 299,98 ;   7,627154 ;   40,41
146,07 ; 300,02 ;   7,988162 ;   42,61
148,07 ; 300,08 ;   7,431069 ;   39,75
150,07 ; 300,08 ;   7,062349 ;   37,26
152,07 ; 300,03 ;   7,795858 ;   41,56
154,07 ; 299,96 ;   8,574726 ;   45,03
156,07 ; 300,03 ;   8,944507 ;   47,02
158,07 ; 300,01 ;   6,846478 ;   36,96
160,07 ; 300,01 ;   8,185779 ;   43,54
162,07 ; 299,98 ;   7,796053 ;   41,92
164,07 ; 300,08 ;   8,184348 ;   43,67
166,08 ; 300,03 ;   6,670015 ;   35,09
168,08 ; 300,03 ;   8,553151 ;   45,02
170,08 ; 299,99 ;   7,799720 ;   41,79
172,08 ; 300,03 ;   8,363695 ;   44,69
174,08 ; 300,03 ;   7,425943 ;   39,09
176,08 ; 299,97 ;   7,800349 ;   41,78
178,08 ; 300,08 ;   8,768277 ;   46,42
180,08 ; 299,97 ;   6,286354 ;   34,00
182,08 ; 299,98 ;   9,291580 ;   49,64
184,08 ; 299,99 ;   7,603757 ;   40,95
186,08 ; 300,01 ;   7,780232 ;   41,45
188,09 ; 299,96 ;   7,607763 ;   40,83
190,09 ; 299,99 ;   8,540628 ;   45,39
192,09 ; 300,05 ;   7,396830 ;   39,84
194,09 ; 300,03 ;   7,029395 ;   37,35
196,09 ; 300,03 ;   8,177836 ;   43,39
198,09 ; 300,05 ;   7,802305 ;   41,77
200,09 ; 300,09 ;   7,593475 ;   40,03
202,09 ; 300,01 ;   7,421446 ;   39,32
204,09 ; 300,01 ;   8,949972 ;   47,26
206,09 ; 300,01 ;   7,808482 ;   41,88
208,09 ; 299,99 ;   7,791073 ;   41,88
210,10 ; 300,04 ;   8,178020 ;   43,04
212,10 ; 300,08 ;   7,227248 ;   38,49
214,10 ; 300,03 ;   7,226813 ;   38,81
216,10 ; 299,98 ;   8,372484 ;   44,97
218,10 ; 299,97 ;   8,561923 ;   45,22
220,10 ; 299,96 ;   8,178509 ;   43,16
222,10 ; 300,02 ;   7,984368 ;   42,66
224,10 ; 299,99 ;   7,228994 ;   38,07
226,10 ; 299,99 ;   8,181273 ;   43,57
228,10 ; 299,97 ;   7,791761 ;   41,96
230,10 ; 299,99 ;   8,178411 ;   43,70
232,11 ; 300,02 ;   7,620978 ;   40,35
234,11 ; 299,95 ;   7,615181 ;   40,22
236,11 ; 299,99 ;   8,935533 ;   47,06
238,11 ; 299,96 ;   7,229655 ;   38,74
240,11 ; 300,02 ;   8,351243 ;   44,29
242,11 ; 300,02 ;   7,228874 ;   38,08
244,11 ; 300,02 ;   7,788844 ;   41,84
246,11 ; 299,97 ;   7,812240 ;   41,84
248,11 ; 299,96 ;   8,550546 ;   45,32
250,11 ; 299,97 ;   7,985129 ;   42,68
252,11 ; 300,04 ;   7,791776 ;   41,56
254,11 ; 299,96 ;   6,859784 ;   36,88
256,12 ; 300,01 ;   8,934492 ;   47,52
258,12 ; 300,04 ;   7,232381 ;   38,67
260,12 ; 299,95 ;   7,425229 ;   39,57
262,12 ; 300,03 ;   9,125977 ;   48,68
264,12 ; 300,04 ;   6,668901 ;   35,85
266,12 ; 300,02 ;   7,794778 ;   41,18
268,12 ; 299,98 ;   8,182168 ;   43,46
270,12 ; 300,08 ;   8,354853 ;   44,16
272,12 ; 300,05 ;   6,670432 ;   35,05
274,12 ; 299,97 ;   8,184276 ;   43,24
276,13 ; 299,98 ;   9,130682 ;   48,00
278,13 ; 300,02 ;   7,620382 ;   40,93
280,13 ; 299,99 ;   7,426365 ;   39,68
282,13 ; 299,95 ;   8,179563 ;   43,58
284,13 ; 300,04 ;   8,547831 ;   45,44
286,13 ; 299,98 ;   6,668905 ;   35,26
288,13 ; 300,01 ;   8,570545 ;   45,77
290,13 ; 299,99 ;   7,596315 ;   40,27
292,13 ; 300,09 ;   8,161705 ;   43,04
294,13 ; 300,03 ;   6,669487 ;   35,00
296,13 ; 299,99 ;   8,551659 ;   45,51
298,14 ; 299,96 ;   8,371724 ;   44,64
300,14 ; 299,94 ;   8,376902 ;   44,27
302,14 ; 299,96 ;   8,181911 ;   43,87
304,14 ; 299,91 ;   7,596969 ;   40,52
306,14 ; 300,02 ;   8,550871 ;   45,62
308,14 ; 300,08 ;   6,474040 ;   34,86
310,14 ; 300,06 ;   7,038913 ;   37,21
312,14 ; 300,09 ;   7,988756 ;   42,66
314,14 ; 300,06 ;   7,428224 ;   39,84
316,14 ; 300,03 ;   8,183209 ;   43,19
318,14 ; 300,03 ;   8,179798 ;   43,89
320,14 ; 300,01 ;   7,817578 ;   41,73
322,15 ; 300,02 ;   8,181590 ;   43,47
324,15 ; 300,01 ;   7,790920 ;   41,27
326,15 ; 299,96 ;   7,989347 ;   42,39
328,15 ; 299,99 ;   8,575472 ;   45,33
330,15 ; 299,97 ;   7,428938 ;   39,79
332,15 ; 300,02 ;   8,183572 ;   43,68
334,15 ; 299,98 ;   7,231226 ;   38,59
336,15 ; 300,03 ;   8,377351 ;   44,14
338,15 ; 300,03 ;   7,230818 ;   38,51
340,15 ; 299,95 ;   7,794315 ;   41,73
342,16 ; 299,98 ;   9,132202 ;   48,11
344,16 ; 300,01 ;   7,406760 ;   39,30
346,16 ; 300,01 ;   7,625164 ;   40,25
348,16 ; 300,10 ;   7,792503 ;   41,86
350,16 ; 300,02 ;   6,479140 ;   34,90
352,16 ; 299,97 ;   8,936399 ;   47,73
354,16 ; 299,95 ;   8,569379 ;   45,29
356,16 ; 299,97 ;   8,179523 ;   43,80
358,16 ; 299,99 ;   7,622480 ;   40,45
360,16 ; 300,08 ;   7,618777 ;   40,33
362,16 ; 299,99 ;   6,668094 ;   35,57
364,17 ; 300,04 ;   8,936405 ;   47,86
366,17 ; 300,01 ;   7,252227 ;   38,46
368,17 ; 299,99 ;   8,374374 ;   44,00
370,17 ; 300,04 ;   8,185295 ;   43,01
372,17 ; 300,05 ;   7,230931 ;   38,45
374,17 ; 300,08 ;   7,620685 ;   40,52
376,17 ; 300,04 ;   7,430673 ;   39,85
378,17 ; 299,96 ;   8,375035 ;   44,35
380,17 ; 300,03 ;   8,935726 ;   47,46
382,17 ; 299,95 ;   6,866311 ;   36,86
384,17 ; 300,10 ;   9,133500 ;   48,08
386,18 ; 299,99 ;   5,699769 ;   30,57
388,18 ; 300,05 ;   9,329681 ;   49,44
390,18 ; 300,03 ;   7,041209 ;   37,27
392,18 ; 299,99 ;   8,178029 ;   43,31
394,18 ; 300,04 ;   8,355785 ;   44,59
396,18 ; 299,97 ;   7,233776 ;   38,42
398,18 ; 300,02 ;   8,765343 ;   46,87
400,18 ; 299,98 ;   7,235250 ;   38,55
402,18 ; 300,01 ;   8,355276 ;   44,09
404,18 ; 300,01 ;   7,620842 ;   40,20
406,18 ; 299,99 ;   7,791396 ;   41,82
408,18 ; 299,95 ;   8,009929 ;   42,97
410,19 ; 300,05 ;   8,573985 ;   45,38
412,19 ; 300,04 ;   6,472836 ;   34,04
414,19 ; 299,98 ;   7,990590 ;   42,72
416,19 ; 299,97 ;   8,569650 ;   45,70
418,19 ; 300,01 ;   8,183769 ;   43,10
420,19 ; 299,97 ;   7,426858 ;   39,13
422,19 ; 300,02 ;   8,378995 ;   44,72
424,19 ; 300,02 ;   7,229838 ;   38,55
426,19 ; 300,04 ;   7,790492 ;   41,77
428,19 ; 299,97 ;   7,622869 ;   40,03
430,19 ; 300,04 ;   8,744543 ;   46,87
432,20 ; 299,97 ;   6,841889 ;   36,80
434,20 ; 299,98 ;   8,744145 ;   46,86
436,20 ; 300,05 ;   7,624880 ;   40,86
438,20 ; 300,02 ;   6,862884 ;   36,72
440,20 ; 300,01 ;   8,356513 ;   44,46
442,20 ; 300,02 ;   8,007705 ;   42,35
444,20 ; 299,99 ;   7,819551 ;   41,23
446,20 ; 300,02 ;   8,181861 ;   43,50
448,20 ; 300,01 ;   7,597249 ;   40,15
450,20 ; 300,03 ;   7,990272 ;   42,34
452,20 ; 300,02 ;   7,599366 ;   40,06
454,21 ; 300,02 ;   8,010206 ;   42,83
456,21 ; 299,98 ;   7,796675 ;   41,76
458,21 ; 300,04 ;   8,375790 ;   44,08
460,21 ; 300,06 ;   7,040850 ;   37,87
462,21 ; 299,97 ;   7,427724 ;   39,89
464,21 ; 299,97 ;   9,133840 ;   48,46
466,21 ; 299,99 ;   7,988706 ;   42,00
468,21 ; 300,06 ;   7,622309 ;   40,27
470,21 ; 299,98 ;   6,843541 ;   36,66
472,21 ; 299,97 ;   8,937391 ;   47,30
474,21 ; 299,98 ;   8,186590 ;   43,08
476,22 ; 300,03 ;   7,597664 ;   40,84
478,22 ; 299,98 ;   7,232298 ;   38,44
480,22 ; 299,99 ;   8,546615 ;   45,15
482,22 ; 300,02 ;   7,790598 ;   41,34
484,22 ; 299,94 ;   7,621501 ;   40,14
486,22 ; 300,01 ;   8,935800 ;   47,55
488,22 ; 300,04 ;   6,862338 ;   36,96
490,22 ; 300,06 ;   7,424482 ;   39,48
492,22 ; 300,04 ;   7,425253 ;   39,89
494,22 ; 299,97 ;   8,183645 ;   43,24
496,22 ; 298,41 ;   8,741607 ;   46,84
498,23 ; 295,93 ;   23,445137 ;  125,00
500,23 ; 293,08 ;   23,501715 ;  125,00
502,23 ; 290,57 ;   23,497735 ;  125,00
504,23 ; 288,20 ;   23,491364 ;  125,00
506,23 ; 286,29 ;   23,489062 ;  125,00
508,23 ; 284,79 ;   23,487260 ;  125,00
510,23 ; 283,57 ;   23,483644 ;  125,00
512,23 ; 282,70 ;   23,483040 ;  125,00
514,23 ; 282,01 ;   23,479879 ;  125,00
516,24 ; 281,65 ;   23,477592 ;  125,00
518,24 ; 281,54 ;   23,368739 ;  123,87
520,24 ; 281,55 ;   20,669741 ;  109,13
522,24 ; 281,91 ;   19,325456 ;  102,32
524,24 ; 282,30 ;   14,796265 ;   78,58
526,24 ; 282,96 ;   14,416777 ;   76,18
528,24 ; 283,57 ;   10,618794 ;   56,13
530,24 ; 284,38 ;   10,818244 ;   57,80
532,24 ; 285,09 ;   7,802391 ;   41,71
534,24 ; 285,95 ;   8,556630 ;   45,26
536,25 ; 286,77 ;   6,081059 ;   32,53
538,25 ; 287,62 ;   6,078102 ;   32,77
540,25 ; 288,30 ;   4,964838 ;   26,83
542,25 ; 289,09 ;   6,857503 ;   36,26
544,25 ; 289,80 ;   4,766289 ;   25,66
546,25 ; 290,43 ;   5,329003 ;   28,31
548,25 ; 290,96 ;   5,912793 ;   31,31
550,25 ; 291,52 ;   6,839409 ;   36,41
552,25 ; 291,92 ;   6,086119 ;   32,14
554,25 ; 292,37 ;   7,985869 ;   42,14
556,26 ; 292,72 ;   7,034813 ;   37,34
558,26 ; 293,16 ;   7,987743 ;   42,69
560,26 ; 293,45 ;   6,471580 ;   34,56
562,26 ; 293,81 ;   8,569663 ;   45,03
564,26 ; 294,02 ;   7,058086 ;   37,80
566,26 ; 294,20 ;   9,129496 ;   48,63
568,26 ; 294,49 ;   9,305911 ;   49,30
570,26 ; 294,67 ;   7,793430 ;   41,34
572,26 ; 294,88 ;   9,127097 ;   48,46
574,26 ; 295,16 ;   8,552217 ;   45,70
576,26 ; 295,38 ;   7,425403 ;   39,87
578,27 ; 295,59 ;   8,179018 ;   43,49
580,27 ; 295,73 ;   8,180561 ;   43,36
582,27 ; 295,98 ;   9,132314 ;   48,47
584,27 ; 296,07 ;   7,228800 ;   38,90
586,27 ; 296,33 ;   9,519540 ;   50,69
588,27 ; 296,50 ;   7,056671 ;   37,86
590,27 ; 296,70 ;   8,179241 ;   43,21
592,27 ; 296,80 ;   7,616884 ;   40,91
594,27 ; 296,98 ;   8,742616 ;   46,57
596,27 ; 297,08 ;   7,788997 ;   41,08
598,28 ; 297,34 ;   8,763802 ;   46,80
600,28 ; 297,44 ;   6,458400 ;   34,41
602,28 ; 297,52 ;   8,373747 ;   44,89
604,28 ; 297,67 ;   8,745577 ;   46,35
606,28 ; 297,88 ;   7,600871 ;   40,38
608,28 ; 297,97 ;   6,846684 ;   36,29
610,28 ; 298,04 ;   8,199243 ;   43,53
612,28 ; 298,13 ;   8,356075 ;   44,97
614,28 ; 298,34 ;   8,183161 ;   43,05
616,28 ; 298,45 ;   6,479455 ;   34,61
618,28 ; 298,47 ;   7,599423 ;   40,06
620,29 ; 298,59 ;   8,943033 ;   47,13
622,29 ; 298,73 ;   7,423727 ;   39,08
624,29 ; 298,77 ;   7,040961 ;   37,40
626,29 ; 298,87 ;   8,375245 ;   44,30
628,29 ; 298,91 ;   7,599393 ;   40,16
630,29 ; 299,01 ;   8,181501 ;   43,83
632,29 ; 299,12 ;   7,406979 ;   39,08
634,29 ; 299,16 ;   7,233809 ;   38,06
636,29 ; 299,23 ;   7,985572 ;   42,20
638,29 ; 299,35 ;   7,621971 ;   40,29
640,30 ; 299,42 ;   6,867813 ;   36,51
642,30 ; 299,45 ;   7,429681 ;   39,42
644,30 ; 299,41 ;   7,991389 ;   42,00
646,30 ; 299,58 ;   8,938598 ;   47,11
648,30 ; 299,53 ;   6,108694 ;   32,29
650,30 ; 299,53 ;   8,957637 ;   47,12
652,30 ; 299,71 ;   8,184605 ;   43,94
654,30 ; 299,66 ;   5,725702 ;   30,64
656,30 ; 299,72 ;   8,744845 ;   46,52
658,30 ; 299,76 ;   7,426603 ;   39,27
660,30 ; 299,84 ;   7,600318 ;   40,16
662,31 ; 299,88 ;   6,847898 ;   36,50
664,31 ; 299,88 ;   7,624361 ;   40,11
666,31 ; 299,82 ;   7,991039 ;   42,27
668,31 ; 299,99 ;   8,766038 ;   46,35
670,31 ; 299,94 ;   5,529293 ;   29,83
672,31 ; 299,90 ;   8,571785 ;   45,73
674,31 ; 299,96 ;   8,382461 ;   44,87
676,31 ; 300,02 ;   7,040311 ;   37,55
678,31 ; 300,04 ;   7,040569 ;   37,80
680,31 ; 300,02 ;   7,406677 ;   39,82
682,31 ; 299,99 ;   8,183655 ;   43,17
684,32 ; 300,08 ;   8,184659 ;   43,30
686,32 ; 300,08 ;   6,673014 ;   35,31
688,32 ; 300,09 ;   7,794371 ;   41,21
690,32 ; 300,10 ;   7,626684 ;   40,63
692,32 ; 300,02 ;   7,428493 ;   39,99
694,32 ; 300,05 ;   8,941049 ;   47,44
696,32 ; 300,13 ;   7,235231 ;   38,62
698,32 ; 300,10 ;   6,847371 ;   36,08
700,32 ; 300,13 ;   7,992831 ;   42,65
702,32 ; 300,04 ;   7,432171 ;   39,29
704,32 ; 300,12 ;   8,942686 ;   47,27
706,33 ; 300,12 ;   6,669642 ;   35,55
708,33 ; 300,17 ;   7,620473 ;   40,92
710,33 ; 300,09 ;   6,847020 ;   36,84
712,33 ; 300,14 ;   8,769035 ;   46,97
714,33 ; 300,14 ;   6,868506 ;   36,99
716,33 ; 300,16 ;   7,602349 ;   40,74
718,33 ; 300,16 ;   7,232840 ;   38,98
720,33 ; 300,16 ;   7,603179 ;   40,58
722,33 ; 300,15 ;   7,607450 ;   40,56
724,33 ; 300,16 ;   7,800156 ;   41,71
726,33 ; 300,13 ;   7,431699 ;   39,46
728,34 ; 300,15 ;   8,186256 ;   43,42
730,34 ; 300,12 ;   7,236081 ;   38,97
732,34 ; 300,16 ;   7,992537 ;   42,89
734,34 ; 300,13 ;   7,041290 ;   37,25
736,34 ; 300,10 ;   8,188071 ;   43,36
738,34 ; 300,14 ;   7,992560 ;   42,40
740,34 ; 300,10 ;   7,038862 ;   37,87
742,34 ; 300,06 ;   8,163784 ;   43,45
744,34 ; 300,08 ;   8,166190 ;   43,65
746,34 ; 300,05 ;   7,430492 ;   39,79
748,34 ; 300,14 ;   7,989171 ;   42,60
750,35 ; 300,10 ;   6,482570 ;   34,60
752,35 ; 300,14 ;   8,186717 ;   43,40
754,35 ; 300,10 ;   7,042581 ;   37,80
756,35 ; 300,14 ;   8,185550 ;   43,38
758,35 ; 300,12 ;   7,044196 ;   37,78
760,35 ; 300,14 ;   7,994203 ;   42,19
762,35 ; 300,06 ;   7,233199 ;   38,83
764,35 ; 300,09 ;   8,749938 ;   46,23
766,35 ; 300,08 ;   7,428379 ;   39,10
768,35 ; 300,12 ;   7,798819 ;   41,29
770,35 ; 300,12 ;   7,040742 ;   37,84
772,36 ; 300,09 ;   7,604770 ;   40,52
774,36 ; 300,13 ;   7,998667 ;   42,83
776,36 ; 300,12 ;   7,042540 ;   37,77
778,36 ; 300,17 ;   7,820917 ;   41,02
780,36 ; 300,16 ;   6,850819 ;   36,41
782,36 ; 300,14 ;   7,628682 ;   40,74
784,36 ; 300,09 ;   7,803143 ;   41,93
786,36 ; 300,05 ;   8,360652 ;   44,36
788,36 ; 300,06 ;   7,994311 ;   42,91
790,36 ; 300,09 ;   7,623683 ;   40,17
792,36 ; 300,01 ;   7,235735 ;   38,96
794,37 ; 300,03 ;   8,751961 ;   46,37
796,37 ; 300,02 ;   7,429815 ;   39,24
798,37 ; 300,03 ;   7,996755 ;   42,02
800,37 ; 300,12 ;   7,436316 ;   39,78
802,37 ; 300,03 ;   6,479613 ;   34,47
804,37 ; 300,14 ;   8,744134 ;   46,76
806,37 ; 300,06 ;   6,094764 ;   32,71
808,37 ; 300,04 ;   8,748473 ;   46,03
810,37 ; 300,14 ;   7,992598 ;   42,39
812,37 ; 300,10 ;   6,288019 ;   33,23
814,37 ; 300,05 ;   8,171165 ;   43,11
816,38 ; 300,05 ;   8,189364 ;   43,89
818,38 ; 300,14 ;   7,603184 ;   40,65
820,38 ; 300,02 ;   6,480732 ;   34,27
822,38 ; 300,06 ;   9,314885 ;   49,45
824,38 ; 300,04 ;   7,043036 ;   37,36
826,38 ; 300,12 ;   7,992971 ;   42,32
828,38 ; 300,08 ;   6,480885 ;   34,90
830,38 ; 300,12 ;   8,187300 ;   43,17
832,38 ; 300,06 ;   7,042727 ;   37,58
834,38 ; 300,01 ;   8,360260 ;   44,32
836,38 ; 300,02 ;   8,383311 ;   44,60
838,38 ; 300,03 ;   7,627012 ;   40,26
840,39 ; 300,13 ;   7,432847 ;   39,63
842,39 ; 300,06 ;   6,285113 ;   33,74
844,39 ; 300,05 ;   8,363354 ;   44,83
846,39 ; 300,02 ;   7,800053 ;   41,10
848,39 ; 300,01 ;   8,189704 ;   43,46
850,39 ; 300,04 ;   7,800855 ;   41,34
852,39 ; 299,98 ;   7,237799 ;   38,48
854,39 ; 300,03 ;   8,359501 ;   44,69
856,39 ; 299,96 ;   7,044987 ;   37,45
858,39 ; 300,03 ;   8,557849 ;   45,90
860,40 ; 300,03 ;   6,653672 ;   35,83
862,40 ; 300,04 ;   7,601816 ;   40,67
864,40 ; 300,10 ;   7,627890 ;   40,09
866,40 ; 300,08 ;   6,675031 ;   35,98
868,40 ; 300,14 ;   7,994725 ;   42,02
870,40 ; 300,04 ;   6,654940 ;   35,75
872,40 ; 300,03 ;   8,943220 ;   47,59
874,40 ; 299,96 ;   7,819506 ;   41,17
876,40 ; 299,99 ;   8,553619 ;   45,85
878,40 ; 300,03 ;   7,237497 ;   38,69
880,40 ; 300,03 ;   7,039296 ;   37,94
882,41 ; 299,89 ;   7,602506 ;   40,63
884,41 ; 300,01 ;   9,701618 ;   51,07
886,41 ; 299,98 ;   6,094954 ;   32,69
888,41 ; 300,03 ;   7,991440 ;   42,50
890,41 ; 299,99 ;   7,044154 ;   37,41
892,41 ; 299,99 ;   8,188062 ;   43,54
894,41 ; 299,99 ;   7,604478 ;   40,85
896,41 ; 300,08 ;   7,624677 ;   40,85
898,41 ; 299,95 ;   6,478764 ;   34,46
900,41 ; 299,97 ;   9,507166 ;   50,24
902,41 ; 299,95 ;   7,432890 ;   39,36
904,42 ; 300,05 ;   7,994621 ;   42,72
906,42 ; 300,03 ;   6,091386 ;   32,98
908,42 ; 299,92 ;   7,997374 ;   42,25
910,42 ; 299,98 ;   9,139141 ;   48,76
912,42 ; 300,01 ;   6,867343 ;   36,59
914,42 ; 299,99 ;   7,434641 ;   39,16
916,42 ; 300,02 ;   7,803432 ;   41,93
918,42 ; 299,97 ;   7,430554 ;   39,11
920,42 ; 299,96 ;   8,360455 ;   44,21
922,42 ; 300,02 ;   7,818717 ;   41,56
924,42 ; 299,99 ;   6,868318 ;   36,97
926,43 ; 300,01 ;   7,998753 ;   42,47
928,43 ; 300,05 ;   7,433749 ;   39,70
930,43 ; 299,95 ;   7,042834 ;   37,29
932,43 ; 300,04 ;   9,139401 ;   48,64
934,43 ; 300,06 ;   6,461025 ;   34,15
936,43 ; 300,01 ;   7,237016 ;   38,86
938,43 ; 299,94 ;   8,383001 ;   44,53
940,43 ; 300,02 ;   8,556866 ;   45,99
942,43 ; 300,04 ;   6,656077 ;   35,35
944,43 ; 300,03 ;   7,235772 ;   38,98
946,43 ; 299,98 ;   7,801543 ;   41,17
948,44 ; 299,95 ;   8,359925 ;   44,11
950,44 ; 300,03 ;   8,189588 ;   43,79
952,44 ; 299,94 ;   6,480843 ;   34,72
954,44 ; 300,04 ;   8,946305 ;   47,60
956,44 ; 299,96 ;   6,287182 ;   33,61
958,44 ; 300,01 ;   8,769235 ;   46,40
960,44 ; 299,97 ;   7,044171 ;   37,54
962,44 ; 299,98 ;   8,165842 ;   43,67
964,44 ; 300,02 ;   7,436224 ;   39,82
966,44 ; 299,92 ;   7,235822 ;   38,58
968,44 ; 300,01 ;   8,944595 ;   47,69
970,45 ; 300,02 ;   6,483440 ;   34,87
972,45 ; 299,98 ;   7,609842 ;   40,20
974,45 ; 299,99 ;   8,186658 ;   43,06
976,45 ; 300,08 ;   7,606988 ;   40,33
978,45 ; 300,01 ;   6,480034 ;   34,48
980,45 ; 299,95 ;   8,578302 ;   45,62
982,45 ; 299,96 ;   8,578534 ;   45,41
984,45 ; 299,92 ;   7,431146 ;   39,95
986,45 ; 300,05 ;   8,189912 ;   43,94
988,45 ; 299,94 ;   5,915502 ;   31,39
990,45 ; 299,97 ;   9,332571 ;   49,23
992,46 ; 299,99 ;   7,237289 ;   38,85
994,46 ; 300,01 ;   7,433035 ;   39,26
996,46 ; 299,92 ;   7,434819 ;   39,72
998,46 ; 300,01 ;   8,943647 ;   47,18
1000,46 ; 300,01 ;   6,464339 ;   34,89
1002,46 ; 300,03 ;   7,601943 ;   40,80
1004,46 ; 300,02 ;   7,410242 ;   39,06
1006,46 ; 300,02 ;   7,821273 ;   41,83
1008,46 ; 300,04 ;   7,602655 ;   40,75
1010,46 ; 299,99 ;   7,431917 ;   39,01
1012,46 ; 299,99 ;   8,386783 ;   44,10
1014,47 ; 300,08 ;   7,605549 ;   40,87
1016,47 ; 299,99 ;   6,481359 ;   34,49
1018,47 ; 299,95 ;   8,754123 ;   46,79
1020,47 ; 299,96 ;   8,389474 ;   44,35
1022,47 ; 299,99 ;   7,416372 ;   39,97
1024,47 ; 299,99 ;   7,240868 ;   38,73
1026,47 ; 299,95 ;   7,630440 ;   40,88
1028,47 ; 299,92 ;   8,379483 ;   44,36
1030,47 ; 300,03 ;   7,994948 ;   42,88
1032,47 ; 299,94 ;   6,290034 ;   33,15
1034,48 ; 300,05 ;   8,947767 ;   47,64
1036,48 ; 299,98 ;   6,113271 ;   32,49
1038,48 ; 299,96 ;   8,560132 ;   45,78
1040,48 ; 299,95 ;   8,001382 ;   42,67
1042,48 ; 299,99 ;   7,996513 ;   42,23
1044,48 ; 299,98 ;   7,043914 ;   37,67
1046,48 ; 300,02 ;   7,802255 ;   41,48
1048,48 ; 300,02 ;   7,240590 ;   38,63
1050,48 ; 299,99 ;   7,627984 ;   40,78
1052,48 ; 300,02 ;   7,992778 ;   42,52
1054,48 ; 299,99 ;   7,410540 ;   39,16
1056,49 ; 299,96 ;   7,992673 ;   42,52
1058,49 ; 300,08 ;   8,168696 ;   43,22
1060,49 ; 299,95 ;   6,112448 ;   32,37
1062,49 ; 299,92 ;   9,511214 ;   50,30
1064,49 ; 299,99 ;   7,993503 ;   42,90
1066,49 ; 299,96 ;   6,851124 ;   36,07
1068,49 ; 299,95 ;   8,189735 ;   43,23
1070,49 ; 300,02 ;   7,994268 ;   42,25
1072,49 ; 300,05 ;   6,671074 ;   35,95
1074,49 ; 300,03 ;   7,046160 ;   37,89
1076,49 ; 300,08 ;   7,995092 ;   42,32
1078,50 ; 300,01 ;   7,065014 ;   37,22
1080,50 ; 300,05 ;   8,556297 ;   45,66
1082,50 ; 300,04 ;   7,043689 ;   37,34
1084,50 ; 300,03 ;   7,820419 ;   41,72
1086,50 ; 300,05 ;   7,785379 ;   41,22
1088,50 ; 299,92 ;   7,161352 ;   38,94
1090,50 ; 299,98 ;   9,502313 ;   50,41
1092,50 ; 299,99 ;   6,852223 ;   36,63
1094,50 ; 299,98 ;   7,608620 ;   40,36
1096,50 ; 299,98 ;   7,780961 ;   41,47
1098,50 ; 300,05 ;   7,610185 ;   40,94
1100,51 ; 300,03 ;   6,658225 ;   35,72
1102,51 ; 300,01 ;   7,976952 ;   42,29
1104,51 ; 300,02 ;   7,974069 ;   42,42
1106,51 ; 299,99 ;   7,612836 ;   40,22
1108,51 ; 299,95 ;   7,977427 ;   42,50
1110,51 ; 299,98 ;   8,344419 ;   44,37
1112,51 ; 300,01 ;   7,225046 ;   38,24
1114,51 ; 299,98 ;   7,417086 ;   39,19
1116,51 ; 299,98 ;   7,980070 ;   42,55
1118,51 ; 299,94 ;   7,614107 ;   40,94
1120,51 ; 299,92 ;   8,343426 ;   44,42
1122,52 ; 299,97 ;   7,977979 ;   42,36
1124,52 ; 299,99 ;   7,049991 ;   37,81
1126,52 ; 300,01 ;   7,416777 ;   39,30
1128,52 ; 300,03 ;   7,415904 ;   39,75
1130,52 ; 299,95 ;   7,416727 ;   39,09
1132,52 ; 300,03 ;   8,926431 ;   47,08
1134,52 ; 300,10 ;   6,470932 ;   34,78
1136,52 ; 300,02 ;   6,640390 ;   35,48
1138,52 ; 300,05 ;   8,730354 ;   46,69
1140,52 ; 299,97 ;   7,028859 ;   37,87
1142,52 ; 299,96 ;   8,753913 ;   46,94
1144,53 ; 299,96 ;   7,788137 ;   41,61
1146,53 ; 300,01 ;   7,782510 ;   41,07
1148,53 ; 300,03 ;   7,032279 ;   37,60
1150,53 ; 300,09 ;   7,394491 ;   39,08
1152,53 ; 299,98 ;   6,837100 ;   36,63
1154,53 ; 299,99 ;   8,931454 ;   47,93
1156,53 ; 300,01 ;   7,607809 ;   40,36
1158,53 ; 300,04 ;   7,415978 ;   39,74
1160,53 ; 299,96 ;   7,221906 ;   38,49
1162,53 ; 299,94 ;   8,732918 ;   46,44
1164,53 ; 299,94 ;   7,979872 ;   42,81
1166,54 ; 299,90 ;   7,787205 ;   41,20
1168,54 ; 299,99 ;   8,350995 ;   44,10
1170,54 ; 300,05 ;   6,469570 ;   34,46
1172,54 ; 300,03 ;   6,860363 ;   36,28
1174,54 ; 300,03 ;   7,977752 ;   42,32
1176,54 ; 299,96 ;   7,615931 ;   40,70
1178,54 ; 299,98 ;   8,538029 ;   45,92
1180,54 ; 299,97 ;   7,419098 ;   39,34
1182,54 ; 300,10 ;   7,980714 ;   42,12
1184,54 ; 300,04 ;   5,909404 ;   31,18
1186,55 ; 300,02 ;   8,364970 ;   44,96
1188,55 ; 299,98 ;   7,982814 ;   42,39
1190,55 ; 299,98 ;   8,176718 ;   43,09
1192,55 ; 299,99 ;   7,609819 ;   40,94
1194,55 ; 300,01 ;   7,589817 ;   40,37
1196,55 ; 299,99 ;   7,398999 ;   39,74
1198,55 ; 300,02 ;   7,788059 ;   41,98
1200,55 ; 299,96 ;   7,415909 ;   39,16
1202,55 ; 299,99 ;   8,370956 ;   44,84
1204,55 ; 299,97 ;   7,223086 ;   38,75
1206,55 ; 300,01 ;   7,979676 ;   42,65
1208,55 ; 300,02 ;   7,225281 ;   38,14
1210,56 ; 299,95 ;   7,592518 ;   40,25
1212,56 ; 300,04 ;   8,755897 ;   46,01
1214,56 ; 299,98 ;   6,472154 ;   34,20
1216,56 ; 300,02 ;   8,349340 ;   44,72
1218,56 ; 299,94 ;   7,225027 ;   38,63
1220,56 ; 299,99 ;   8,738108 ;   46,59
1222,56 ; 299,96 ;   7,052442 ;   37,15
1224,56 ; 300,05 ;   8,174168 ;   43,24
1226,56 ; 299,97 ;   6,467654 ;   34,13
1228,56 ; 299,97 ;   8,753271 ;   46,96
1230,56 ; 300,03 ;   7,806805 ;   41,05
1232,57 ; 300,01 ;   6,840445 ;   36,41
1234,57 ; 299,97 ;   8,000125 ;   42,45
1236,57 ; 299,97 ;   8,171549 ;   43,73
1238,57 ; 299,99 ;   7,807451 ;   41,05
1240,57 ; 300,05 ;   7,401215 ;   39,31
1242,57 ; 299,99 ;   6,857646 ;   36,28
1244,57 ; 300,04 ;   8,562649 ;   45,22
1246,57 ; 299,94 ;   7,034048 ;   37,44
1248,57 ; 299,99 ;   9,123330 ;   48,21
1250,57 ; 299,99 ;   7,053579 ;   37,15
1252,57 ; 300,09 ;   7,611242 ;   40,92
1254,58 ; 299,98 ;   6,277396 ;   33,96
1256,58 ; 300,06 ;   8,931731 ;   47,95
1258,58 ; 300,09 ;   6,643335 ;   35,16
1260,58 ; 300,08 ;   7,226526 ;   38,79
1262,58 ; 299,91 ;   7,591504 ;   40,98
1264,58 ; 299,96 ;   9,880221 ;   52,61
1266,58 ; 299,97 ;   7,031715 ;   37,84
1268,58 ; 299,98 ;   7,616873 ;   40,50
1270,58 ; 299,96 ;   7,418498 ;   39,88
1272,58 ; 300,05 ;   7,981115 ;   42,69
1274,58 ; 299,96 ;   6,470444 ;   34,12
1276,59 ; 300,02 ;   8,930544 ;   47,53
1278,59 ; 300,03 ;   7,053571 ;   37,02
1280,59 ; 299,98 ;   7,421107 ;   39,63
1282,59 ; 299,97 ;   8,365903 ;   44,18
1284,59 ; 299,99 ;   7,981800 ;   42,11
1286,59 ; 300,05 ;   7,398236 ;   39,30
1288,59 ; 300,02 ;   6,836021 ;   36,27
1290,59 ; 299,99 ;   8,170726 ;   43,47
1292,59 ; 299,99 ;   7,984021 ;   42,52
1294,59 ; 299,99 ;   7,590902 ;   40,91
1296,59 ; 299,99 ;   7,612261 ;   40,91
1298,60 ; 300,02 ;   7,615019 ;   40,91
1300,60 ; 299,98 ;   7,417662 ;   39,17
1302,60 ; 299,99 ;   8,174133 ;   43,10
1304,60 ; 300,02 ;   7,593701 ;   40,37
1306,60 ; 299,91 ;   7,421250 ;   39,17
1308,60 ; 299,94 ;   9,126467 ;   48,33
1310,60 ; 300,02 ;   7,418022 ;   39,60
1312,60 ; 299,96 ;   6,643839 ;   35,42
1314,60 ; 300,02 ;   8,370789 ;   44,86
1316,60 ; 299,95 ;   7,028980 ;   37,03
1318,60 ; 299,97 ;   8,735329 ;   46,02
1320,61 ; 299,97 ;   7,398322 ;   39,44
1322,61 ; 299,97 ;   7,809330 ;   41,06
1324,61 ; 299,99 ;   7,784116 ;   41,06
1326,61 ; 299,94 ;   7,421784 ;   39,33
1328,61 ; 299,95 ;   8,563338 ;   45,01
1330,61 ; 299,98 ;   7,615151 ;   40,66
1332,61 ; 299,99 ;   7,224498 ;   38,30
1334,61 ; 300,10 ;   7,617668 ;   40,42
1336,61 ; 300,01 ;   6,080234 ;   32,83
1338,61 ; 300,08 ;   8,931833 ;   47,31
1340,61 ; 300,12 ;   6,660712 ;   35,64
1342,62 ; 300,03 ;   7,033876 ;   37,57
1344,62 ; 300,03 ;   8,736594 ;   46,63
1346,62 ; 300,01 ;   7,591347 ;   40,71
1348,62 ; 300,10 ;   8,001946 ;   42,45
1350,62 ; 300,04 ;   6,277303 ;   33,87
1352,62 ; 299,99 ;   8,370357 ;   44,96
1354,62 ; 300,10 ;   8,348459 ;   44,13
1356,62 ; 300,10 ;   6,103115 ;   32,78
1358,62 ; 300,01 ;   7,615682 ;   40,30
1360,62 ; 300,04 ;   8,929677 ;   47,26
1362,62 ; 299,94 ;   7,226384 ;   38,48
1364,63 ; 299,97 ;   9,122042 ;   48,17
1366,63 ; 300,01 ;   7,228457 ;   38,86
1368,63 ; 299,92 ;   7,226304 ;   38,11
1370,63 ; 299,99 ;   8,929801 ;   47,19
1372,63 ; 299,91 ;   6,860873 ;   36,05
1374,63 ; 299,95 ;   8,754883 ;   46,70
1376,63 ; 300,04 ;   7,418122 ;   39,01
1378,63 ; 299,99 ;   6,472596 ;   34,20
1380,63 ; 299,99 ;   8,367262 ;   44,13
1382,63 ; 299,96 ;   7,614504 ;   40,91
1384,63 ; 299,97 ;   8,176996 ;   43,23
1386,64 ; 300,04 ;   7,610087 ;   40,50
1388,64 ; 300,02 ;   6,662025 ;   35,82
1390,64 ; 300,02 ;   7,976422 ;   42,40
1392,64 ; 300,02 ;   7,616941 ;   40,78
1394,64 ; 300,01 ;   7,590772 ;   40,78
1396,64 ; 300,03 ;   7,810531 ;   41,36
1398,64 ; 299,97 ;   7,417700 ;   39,08
1400,64 ; 299,97 ;   8,541686 ;   45,33
1402,64 ; 299,97 ;   7,785828 ;   41,03
1404,64 ; 299,99 ;   7,809669 ;   41,04
1406,64 ; 300,04 ;   7,416002 ;   39,30
1408,65 ; 300,02 ;   7,029979 ;   37,43
1410,65 ; 299,99 ;   8,002480 ;   42,40
1412,65 ; 300,01 ;   7,982382 ;   42,52
1414,65 ; 300,01 ;   7,419513 ;   39,75
1416,65 ; 300,02 ;   7,590876 ;   40,82
1418,65 ; 299,99 ;   7,615785 ;   40,24
1420,65 ; 300,03 ;   7,977777 ;   42,52
1422,65 ; 299,99 ;   7,225716 ;   38,01
1424,65 ; 300,02 ;   8,173927 ;   43,59
1426,65 ; 300,09 ;   7,419744 ;   39,16
1428,65 ; 299,99 ;   6,663460 ;   35,55
1430,66 ; 299,98 ;   8,928120 ;   47,35
1432,66 ; 299,96 ;   7,805772 ;   41,47
1434,66 ; 300,01 ;   7,982167 ;   42,68
1436,66 ; 299,92 ;   7,031239 ;   37,59
1438,66 ; 299,97 ;   8,933760 ;   47,20
1440,66 ; 300,01 ;   7,030605 ;   37,81
1442,66 ; 299,96 ;   7,226149 ;   38,13
1444,66 ; 299,98 ;   8,364650 ;   44,31
1446,66 ; 299,94 ;   7,419675 ;   39,34
1448,66 ; 299,99 ;   8,371373 ;   44,44
1450,66 ; 299,98 ;   7,034462 ;   37,15
1452,66 ; 299,99 ;   7,806505 ;   41,50
1454,67 ; 300,04 ;   7,612156 ;   40,39
1456,67 ; 300,04 ;   7,031097 ;   37,44
1458,67 ; 299,98 ;   7,592531 ;   40,67
1460,67 ; 299,99 ;   8,371859 ;   44,72
1462,67 ; 300,02 ;   7,590553 ;   40,38
1464,67 ; 299,95 ;   7,420121 ;   39,18
1466,67 ; 299,97 ;   8,757561 ;   46,01
1468,67 ; 300,03 ;   7,421870 ;   39,44
1470,67 ; 300,10 ;   6,840601 ;   36,41
1472,67 ; 300,12 ;   6,662908 ;   35,49
1474,67 ; 300,09 ;   7,419084 ;   39,16
1476,68 ; 300,08 ;   7,981699 ;   42,55
1478,68 ; 299,99 ;   7,610333 ;   40,97
1480,68 ; 300,01 ;   8,737808 ;   46,80
1482,68 ; 300,06 ;   7,419841 ;   39,72
1484,68 ; 299,98 ;   6,839624 ;   36,74
1486,68 ; 300,01 ;   8,755508 ;   46,30
1488,68 ; 299,96 ;   7,398450 ;   39,18
1490,68 ; 299,99 ;   8,347474 ;   44,27
1492,68 ; 300,03 ;   7,227345 ;   38,73
1494,68 ; 299,97 ;   7,053336 ;   37,98
1496,68 ; 299,96 ;   8,559041 ;   45,31
1498,69 ; 299,96 ;   7,789609 ;   41,59
1500,69 ; 300,01 ;   7,790975 ;   41,06
1502,69 ; 299,94 ;   7,030105 ;   37,58
1504,69 ; 300,01 ;   8,735864 ;   46,03
1506,69 ; 300,02 ;   6,643724 ;   35,97
1508,69 ; 299,97 ;   7,591506 ;   40,23
1510,69 ; 299,95 ;   8,369540 ;   44,25
1512,69 ; 299,96 ;   7,979436 ;   42,76
1514,69 ; 300,01 ;   7,423973 ;   40,00
1516,69 ; 299,90 ;   7,030755 ;   37,59
1518,69 ; 300,05 ;   9,105410 ;   48,94
1520,70 ; 299,99 ;   5,521117 ;   29,81
1522,70 ; 299,94 ;   8,542361 ;   45,21
1524,70 ; 299,97 ;   8,364994 ;   44,97
1526,70 ; 300,01 ;   7,224345 ;   38,89
1528,70 ; 299,91 ;   7,225033 ;   38,15
1530,70 ; 299,96 ;   8,930324 ;   47,80
1532,70 ; 299,98 ;   7,053447 ;   37,87
1534,70 ; 300,04 ;   7,419537 ;   39,36
1536,70 ; 299,96 ;   6,855833 ;   36,92
1538,70 ; 299,97 ;   8,735574 ;   46,48
1540,70 ; 300,01 ;   7,609749 ;   40,52
1542,71 ; 300,01 ;   7,225352 ;   38,16
1544,71 ; 299,94 ;   7,609446 ;   40,85
1546,71 ; 300,02 ;   8,735679 ;   46,07
1548,71 ; 300,03 ;   6,642856 ;   35,44
1550,71 ; 299,98 ;   7,417412 ;   39,65
1552,71 ; 300,05 ;   8,364355 ;   44,21
1554,71 ; 299,98 ;   6,665594 ;   35,76
1556,71 ; 299,95 ;   8,544581 ;   45,82
1558,71 ; 299,95 ;   8,176026 ;   43,88
1560,71 ; 299,95 ;   7,788997 ;   41,19
1562,71 ; 299,96 ;   7,785586 ;   41,20
1564,71 ; 299,92 ;   7,615992 ;   40,04
1566,72 ; 300,01 ;   8,366647 ;   44,03
1568,72 ; 299,91 ;   6,474000 ;   34,96
1570,72 ; 299,96 ;   8,929536 ;   47,84
1572,72 ; 299,97 ;   7,033785 ;   37,91
1574,72 ; 299,98 ;   7,592534 ;   40,56
1576,72 ; 299,92 ;   7,423039 ;   39,95
1578,72 ; 299,96 ;   8,565800 ;   45,67
1580,72 ; 299,92 ;   7,244267 ;   38,47
1582,72 ; 299,92 ;   8,365295 ;   44,06
1584,72 ; 299,99 ;   7,810408 ;   41,38
1586,73 ; 299,95 ;   6,836341 ;   36,17
1588,73 ; 300,05 ;   8,348025 ;   44,49
1590,73 ; 300,08 ;   6,278516 ;   33,15
1592,73 ; 300,03 ;   7,224796 ;   38,93
1594,73 ; 299,99 ;   8,371389 ;   44,02
1596,73 ; 299,99 ;   8,173733 ;   43,69
1598,73 ; 300,02 ;   7,589548 ;   41,00
1600,73 ; 300,05 ;   7,399476 ;   39,26
1602,73 ; 300,08 ;   7,032509 ;   37,97
1604,73 ; 300,01 ;   7,225730 ;   38,91
1606,73 ; 299,99 ;   8,546284 ;   45,74
1608,73 ; 299,98 ;   7,981316 ;   42,06
1610,74 ; 299,97 ;   7,788111 ;   41,56
1612,74 ; 299,94 ;   7,981708 ;   42,19
1614,74 ; 299,96 ;   8,180201 ;   43,44
1616,74 ; 299,98 ;   7,421626 ;   39,55
1618,74 ; 300,01 ;   7,421366 ;   39,43
1620,74 ; 299,97 ;   7,422062 ;   39,30
1622,74 ; 299,92 ;   8,174085 ;   43,82
1624,74 ; 299,98 ;   8,366511 ;   44,61
1626,74 ; 299,94 ;   6,860747 ;   36,75
1628,74 ; 300,02 ;   8,372788 ;   44,54
1630,74 ; 300,03 ;   6,643432 ;   35,51
1632,75 ; 300,04 ;   7,420887 ;   39,73
1634,75 ; 299,95 ;   7,610560 ;   40,22
1636,75 ; 300,05 ;   8,929108 ;   47,72
1638,75 ; 299,97 ;   6,294803 ;   33,15
1640,75 ; 300,04 ;   8,932087 ;   47,06
1642,75 ; 299,98 ;   6,647242 ;   35,92
1644,75 ; 300,01 ;   8,351870 ;   44,82
1646,75 ; 299,97 ;   7,419696 ;   39,31
1648,75 ; 300,01 ;   8,177227 ;   43,83
1650,75 ; 299,99 ;   7,225792 ;   38,24
1652,75 ; 300,03 ;   7,982337 ;   42,09
1654,76 ; 299,95 ;   7,228874 ;   38,11
1656,76 ; 299,97 ;   8,954511 ;   47,18
1658,76 ; 300,05 ;   7,421576 ;   39,53
1660,76 ; 300,03 ;   6,470272 ;   34,76
1662,76 ; 299,99 ;   8,001733 ;   42,42
1664,76 ; 299,97 ;   8,174084 ;   43,70
1666,76 ; 300,06 ;   7,982811 ;   42,75
1668,76 ; 300,06 ;   6,453577 ;   34,18
1670,76 ; 300,05 ;   7,612795 ;   40,63
1672,76 ; 300,01 ;   7,786562 ;   41,20
1674,76 ; 300,05 ;   8,370571 ;   44,14
1676,77 ; 300,04 ;   7,031627 ;   37,43
1678,77 ; 299,96 ;   7,791065 ;   41,81
1680,77 ; 300,01 ;   8,736809 ;   46,54
1682,77 ; 299,97 ;   7,032434 ;   37,68
1684,77 ; 300,01 ;   8,177497 ;   43,81
1686,77 ; 300,05 ;   7,227978 ;   38,22
1688,77 ; 299,98 ;   7,054323 ;   37,43
1690,77 ; 300,04 ;   8,541881 ;   45,87
1692,77 ; 300,01 ;   6,859243 ;   36,97
1694,77 ; 299,99 ;   8,176236 ;   43,05
1696,77 ; 300,04 ;   7,982347 ;   42,06
1698,78 ; 300,03 ;   7,031893 ;   37,50
1700,78 ; 299,92 ;   7,809911 ;   41,31
1702,78 ; 299,99 ;   9,122938 ;   48,89
1704,78 ; 300,01 ;   6,857049 ;   36,14
1706,78 ; 300,02 ;   7,426269 ;   39,83
1708,78 ; 300,01 ;   7,613365 ;   40,32
1710,78 ; 299,99 ;   7,788261 ;   41,44
1712,78 ; 299,97 ;   7,982502 ;   42,06
1714,78 ; 299,97 ;   7,977449 ;   42,72
1716,78 ; 299,88 ;   7,805562 ;   41,11
1718,78 ; 299,98 ;   9,106522 ;   48,08
1720,79 ; 299,96 ;   6,275534 ;   33,51
1722,79 ; 300,02 ;   8,002574 ;   42,79
1724,79 ; 300,05 ;   7,034649 ;   37,12
1726,79 ; 299,95 ;   7,033710 ;   37,98
1728,79 ; 300,05 ;   9,124221 ;   48,79
1730,79 ; 300,05 ;   6,277455 ;   33,14
1732,79 ; 300,10 ;   7,592022 ;   40,66
1734,79 ; 300,04 ;   7,052433 ;   37,18
1736,79 ; 300,06 ;   8,539603 ;   45,04
1738,79 ; 300,02 ;   7,226098 ;   38,99
1740,79 ; 300,05 ;   8,349339 ;   44,08
1742,79 ; 300,08 ;   7,050190 ;   37,95
1744,80 ; 300,03 ;   7,222530 ;   38,89
1746,80 ; 299,94 ;   8,176799 ;   43,98
1748,80 ; 299,97 ;   8,930233 ;   47,71
1750,80 ; 300,04 ;   7,226321 ;   38,94
1752,80 ; 300,01 ;   6,663175 ;   35,87
1754,80 ; 299,97 ;   8,174756 ;   43,03
1756,80 ; 299,99 ;   8,176021 ;   43,78
1758,80 ; 299,99 ;   7,420187 ;   39,35
1760,80 ; 300,01 ;   7,591509 ;   40,96
1762,80 ; 299,99 ;   7,401060 ;   39,81
1764,80 ; 299,95 ;   8,001181 ;   42,04
1766,81 ; 299,97 ;   8,370798 ;   44,45
1768,81 ; 299,99 ;   7,420467 ;   39,48
1770,81 ; 299,96 ;   7,418424 ;   39,36
1772,81 ; 300,01 ;   8,174602 ;   43,30
1774,81 ; 299,96 ;   7,032534 ;   37,67
1776,81 ; 299,94 ;   8,373539 ;   44,38
1778,81 ; 300,03 ;   7,981624 ;   42,89
1780,81 ; 299,99 ;   6,470880 ;   34,32
1782,81 ; 299,97 ;   8,174015 ;   43,68
1784,81 ; 300,01 ;   7,983293 ;   42,73
1786,81 ; 300,01 ;   7,228846 ;   38,22
1788,82 ; 299,92 ;   7,591803 ;   40,90
1790,82 ; 300,06 ;   8,953342 ;   47,29
1792,82 ; 299,95 ;   5,714923 ;   30,93
1794,82 ; 299,96 ;   9,298340 ;   49,31
1796,82 ; 300,02 ;   7,594970 ;   40,09
1798,82 ; 299,97 ;   7,053786 ;   37,11
1800,82 ; 299,94 ;   8,370010 ;   44,35
1802,82 ; 299,98 ;   8,194614 ;   43,45
1804,82 ; 299,95 ;   7,053863 ;   37,82
1806,82 ; 300,02 ;   8,176829 ;   43,95
1808,82 ; 300,01 ;   6,841033 ;   36,04
1810,83 ; 300,12 ;   7,810463 ;   41,47
1812,83 ; 299,99 ;   6,085095 ;   32,80
1814,83 ; 299,97 ;   9,298319 ;   49,61
1816,83 ; 299,97 ;   7,979008 ;   42,74
1818,83 ; 300,03 ;   7,792310 ;   41,13
1820,83 ; 300,12 ;   6,860772 ;   36,49
1822,83 ; 300,01 ;   6,472118 ;   34,41
1824,83 ; 299,97 ;   9,122240 ;   48,44
1826,83 ; 300,04 ;   8,178997 ;   43,81
1828,83 ; 299,97 ;   6,664021 ;   35,89
1830,83 ; 299,97 ;   8,558010 ;   45,96
1832,84 ; 300,02 ;   7,809153 ;   41,12
1834,84 ; 299,95 ;   7,031792 ;   37,64
1836,84 ; 300,05 ;   8,739859 ;   46,09
1838,84 ; 300,10 ;   6,279175 ;   33,13
1840,84 ; 300,04 ;   7,037344 ;   37,18
1842,84 ; 300,01 ;   8,560233 ;   45,04
1844,84 ; 299,96 ;   8,175726 ;   43,05
1846,84 ; 299,97 ;   8,372422 ;   44,38
1848,84 ; 299,99 ;   7,594645 ;   40,57
1850,84 ; 299,99 ;   7,421138 ;   39,37
1852,84 ; 299,90 ;   7,614571 ;   40,99
1854,84 ; 299,97 ;   8,935523 ;   47,95
1856,85 ; 299,96 ;   6,839806 ;   36,28
1858,85 ; 300,01 ;   7,811907 ;   41,71
1860,85 ; 299,98 ;   7,031574 ;   37,69
1862,85 ; 299,99 ;   7,985315 ;   42,66
1864,85 ; 299,98 ;   7,620482 ;   40,47
1866,85 ; 300,01 ;   7,786823 ;   41,59
1868,85 ; 300,06 ;   7,423782 ;   39,31
1870,85 ; 300,06 ;   6,861421 ;   36,86
1872,85 ; 300,05 ;   7,593206 ;   40,62
1874,85 ; 300,03 ;   7,793952 ;   41,20
1876,85 ; 299,99 ;   7,983508 ;   42,39
1878,86 ; 300,06 ;   8,174826 ;   43,68
1880,86 ; 300,05 ;   6,665560 ;   35,77
1882,86 ; 299,99 ;   7,785758 ;   41,18
1884,86 ; 300,02 ;   8,566261 ;   45,28
1886,86 ; 300,01 ;   7,416966 ;   39,23
1888,86 ; 299,99 ;   7,788195 ;   41,43
1890,86 ; 299,98 ;   7,983420 ;   42,05
1892,86 ; 299,97 ;   7,789963 ;   41,56
1894,86 ; 300,09 ;   7,986064 ;   42,18
1896,86 ; 300,04 ;   6,102718 ;   32,40
1898,86 ; 300,01 ;   8,181715 ;   43,95
1900,87 ; 300,01 ;   8,178765 ;   43,03
1902,87 ; 299,90 ;   7,593731 ;   40,88
1904,87 ; 300,03 ;   9,320249 ;   49,01
1906,87 ; 300,02 ;   5,911967 ;   31,62
1908,87 ; 299,95 ;   7,784612 ;   41,92
1910,87 ; 299,96 ;   8,744839 ;   46,06
1912,87 ; 300,03 ;   7,594391 ;   40,07
1914,87 ; 299,97 ;   6,666952 ;   35,93
1916,87 ; 299,99 ;   8,565742 ;   45,41
1918,87 ; 299,99 ;   7,402090 ;   39,37
1920,87 ; 300,03 ;   7,593956 ;   40,98
1922,87 ; 300,05 ;   7,227646 ;   38,08
1924,88 ; 299,97 ;   7,404512 ;   39,03
1926,88 ; 300,10 ;   8,936078 ;   47,02
1928,88 ; 299,98 ;   5,891475 ;   31,24
1930,88 ; 299,97 ;   9,320303 ;   49,08
1932,88 ; 300,01 ;   7,984261 ;   42,17
1934,88 ; 299,99 ;   7,226553 ;   38,20
1936,88 ; 299,97 ;   7,983818 ;   42,05
1938,88 ; 300,04 ;   7,983049 ;   42,71
1940,88 ; 300,04 ;   6,649299 ;   35,88
1942,88 ; 300,04 ;   7,597476 ;   40,72
1944,88 ; 299,94 ;   7,620352 ;   40,71
1946,89 ; 299,99 ;   9,124943 ;   48,25
1948,89 ; 300,02 ;   7,055877 ;   37,20
1950,89 ; 300,10 ;   7,420932 ;   39,23
1952,89 ; 300,10 ;   6,470566 ;   34,46
1954,89 ; 300,03 ;   7,620245 ;   40,37
1956,89 ; 300,08 ;   8,562306 ;   45,58
1958,89 ; 300,09 ;   7,036411 ;   37,25
1960,89 ; 299,96 ;   7,422613 ;   39,89
1962,89 ; 300,04 ;   9,302902 ;   49,71
1964,89 ; 300,01 ;   6,648475 ;   35,30
1966,89 ; 300,02 ;   7,982599 ;   43,00
1968,90 ; 300,01 ;   7,596731 ;   40,26
1970,90 ; 300,03 ;   7,812849 ;   41,38
1972,90 ; 300,09 ;   7,402719 ;   39,10
1974,90 ; 300,06 ;   6,841111 ;   36,65
1976,90 ; 299,98 ;   8,004492 ;   42,15
1978,90 ; 299,99 ;   8,760565 ;   46,33
1980,90 ; 300,01 ;   7,620099 ;   40,37
1982,90 ; 299,98 ;   7,422077 ;   39,75
1984,90 ; 299,99 ;   7,984104 ;   42,56
1986,90 ; 299,96 ;   7,613202 ;   40,37
1988,90 ; 299,96 ;   8,158534 ;   43,23
1990,90 ; 300,02 ;   7,812327 ;   41,08
1992,91 ; 299,99 ;   7,035004 ;   37,03
1994,91 ; 299,99 ;   7,984959 ;   42,53
1996,91 ; 300,04 ;   7,616782 ;   40,92
1998,91 ; 299,98 ;   7,032900 ;   37,43
2000,91 ; 300,06 ;   8,374699 ;   44,72
2002,91 ; 299,99 ;   6,644794 ;   35,15
2004,91 ; 299,95 ;   8,545220 ;   45,75
2006,91 ; 299,98 ;   8,368233 ;   44,39
2008,91 ; 299,96 ;   7,230189 ;   38,27
2010,91 ; 299,95 ;   8,003782 ;   42,70
2012,91 ; 300,01 ;   7,983766 ;   42,25
2014,92 ; 300,01 ;   6,844153 ;   36,54
2016,92 ; 300,09 ;   7,621276 ;   40,84
2018,92 ; 300,05 ;   6,664774 ;   35,03
2020,92 ; 300,05 ;   7,985936 ;   42,73
2022,92 ; 299,95 ;   7,594634 ;   40,57
2024,92 ; 299,94 ;   9,129106 ;   48,69
2026,92 ; 299,94 ;   7,787819 ;   41,74
2028,92 ; 300,01 ;   7,793745 ;   41,21
2030,92 ; 299,98 ;   6,668997 ;   35,99
2032,92 ; 300,01 ;   7,984549 ;   42,58
2034,92 ; 299,96 ;   7,402532 ;   39,23
2036,93 ; 300,04 ;   8,351895 ;   44,32
2038,93 ; 300,04 ;   6,668653 ;   35,29
2040,93 ; 299,99 ;   7,620067 ;   40,67
2042,93 ; 300,01 ;   8,371738 ;   44,15
2044,93 ; 300,01 ;   7,404253 ;   39,76
2046,93 ; 299,97 ;   7,601910 ;   40,84
2048,93 ; 300,03 ;   8,180126 ;   43,74
2050,93 ; 300,08 ;   6,843389 ;   36,41
2052,93 ; 300,03 ;   7,036893 ;   37,23
2054,93 ; 299,94 ;   8,181592 ;   43,93
2056,93 ; 300,06 ;   8,933771 ;   47,66
2058,93 ; 300,10 ;   5,913009 ;   31,92
2060,94 ; 299,98 ;   7,036728 ;   37,63
2062,94 ; 300,01 ;   9,325998 ;   49,01
2064,94 ; 299,99 ;   7,424957 ;   39,20
2066,94 ; 300,02 ;   7,793981 ;   41,97
2068,94 ; 299,99 ;   7,423709 ;   39,16
2070,94 ; 299,99 ;   7,986729 ;   42,51
2072,94 ; 299,96 ;   7,614026 ;   40,90
2074,94 ; 299,92 ;   8,178071 ;   43,22
2076,94 ; 300,01 ;   8,179565 ;   43,97
2078,94 ; 299,97 ;   6,475299 ;   34,91
2080,94 ; 299,98 ;   8,158342 ;   43,73
2082,95 ; 299,94 ;   7,423261 ;   39,88
2084,95 ; 299,99 ;   8,377935 ;   44,44
2086,95 ; 300,03 ;   7,037501 ;   37,15
2088,95 ; 300,04 ;   7,231113 ;   38,02
2090,95 ; 299,94 ;   7,619962 ;   40,13
2092,95 ; 299,98 ;   9,127659 ;   48,21
2094,95 ; 299,99 ;   7,038896 ;   37,74
2096,95 ; 300,01 ;   7,613245 ;   40,38
2098,95 ; 299,87 ;   7,401657 ;   39,76
2100,95 ; 299,98 ;   9,689559 ;   51,28
2102,95 ; 299,97 ;   6,084815 ;   32,91
2104,96 ; 299,94 ;   7,985962 ;   42,14
2106,96 ; 299,97 ;   8,180230 ;   43,39
2108,96 ; 299,97 ;   7,231700 ;   38,92
2110,96 ; 299,99 ;   7,789479 ;   41,08
2112,96 ; 299,94 ;   7,425839 ;   39,34
2114,96 ; 299,95 ;   8,567150 ;   45,02
2116,96 ; 299,98 ;   7,596124 ;   40,68
2118,96 ; 299,98 ;   7,230292 ;   38,32
2120,96 ; 300,04 ;   7,813964 ;   41,01
2122,96 ; 299,96 ;   6,840735 ;   36,95
2124,96 ; 299,99 ;   8,739870 ;   46,51
2126,96 ; 299,96 ;   7,226118 ;   38,82
2128,97 ; 300,03 ;   8,176820 ;   43,29
2130,97 ; 299,95 ;   6,663789 ;   35,92
2132,97 ; 299,95 ;   8,934105 ;   47,14
2134,97 ; 300,05 ;   7,793026 ;   41,23
2136,97 ; 300,05 ;   6,279522 ;   33,11
2138,97 ; 300,01 ;   7,595650 ;   40,64
2140,97 ; 300,01 ;   8,375608 ;   44,11
2142,97 ; 300,05 ;   7,596420 ;   40,89
2144,97 ; 300,01 ;   7,034467 ;   37,40
2146,97 ; 300,03 ;   8,377912 ;   44,11
2148,97 ; 300,09 ;   7,401359 ;   39,14
2150,98 ; 299,99 ;   6,843384 ;   36,69
2152,98 ; 300,04 ;   8,936966 ;   47,40
2154,98 ; 300,04 ;   7,036001 ;   37,47
2156,98 ; 299,97 ;   7,621572 ;   40,69
2158,98 ; 299,95 ;   8,544843 ;   45,91
2160,98 ; 300,04 ;   7,985581 ;   42,81
2162,98 ; 300,05 ;   6,477036 ;   34,24
2164,98 ; 300,03 ;   7,424166 ;   39,53
2166,98 ; 300,03 ;   7,987566 ;   42,35
2168,98 ; 300,01 ;   7,618480 ;   40,73
2170,98 ; 299,97 ;   7,987277 ;   42,47
2172,98 ; 300,03 ;   8,184273 ;   43,75
2174,99 ; 299,97 ;   6,841062 ;   36,42
2176,99 ; 300,04 ;   8,548632 ;   45,37
2178,99 ; 299,92 ;   6,668318 ;   35,84
2180,99 ; 299,96 ;   9,303001 ;   49,39
2182,99 ; 299,87 ;   7,231732 ;   38,42
2184,99 ; 300,01 ;   9,128854 ;   48,08
2186,99 ; 299,90 ;   5,892373 ;   31,19
2188,99 ; 300,02 ;   9,133288 ;   48,99
2190,99 ; 299,99 ;   6,107433 ;   32,77
2192,99 ; 300,05 ;   8,005206 ;   42,58
2194,99 ; 300,01 ;   6,844651 ;   36,33
2197,00 ; 299,99 ;   8,376811 ;   44,11
2199,00 ; 300,04 ;   7,988350 ;   42,04
2201,00 ; 300,08 ;   7,035389 ;   37,48
2203,00 ; 300,01 ;   7,037330 ;   37,81
2205,00 ; 300,02 ;   8,552210 ;   45,71
2207,00 ; 299,96 ;   7,600455 ;   40,29
2209,00 ; 300,01 ;   8,374700 ;   44,88
2211,00 ; 299,99 ;   7,036266 ;   37,64
2213,00 ; 300,01 ;   7,985042 ;   42,03
2215,00 ; 300,03 ;   7,429993 ;   39,79
2217,00 ; 300,01 ;   7,426534 ;   39,13
2219,01 ; 299,96 ;   7,985375 ;   42,48
2221,01 ; 299,98 ;   8,372141 ;   44,35
2223,01 ; 299,96 ;   7,404410 ;   39,38
2225,01 ; 300,05 ;   8,004286 ;   42,74
2227,01 ; 299,99 ;   6,456270 ;   34,16
2229,01 ; 300,06 ;   8,548384 ;   45,26
2231,01 ; 300,04 ;   6,667335 ;   35,73
2233,01 ; 299,95 ;   7,985988 ;   42,31
2235,01 ; 299,94 ;   8,934047 ;   47,65
2237,01 ; 300,01 ;   7,812577 ;   41,78
2239,01 ; 300,04 ;   6,843344 ;   36,03
2241,02 ; 300,06 ;   7,231030 ;   38,55
2243,02 ; 300,01 ;   7,231372 ;   38,96
2245,02 ; 300,05 ;   8,351731 ;   44,63
2247,02 ; 299,97 ;   7,056372 ;   37,38
2249,02 ; 300,04 ;   8,740902 ;   46,98
2251,02 ; 299,99 ;   6,665342 ;   35,84
2253,02 ; 299,98 ;   8,371593 ;   44,17
2255,02 ; 300,05 ;   7,816056 ;   41,52
2257,02 ; 300,03 ;   6,646981 ;   35,76
2259,02 ; 299,98 ;   7,988485 ;   42,34
2261,02 ; 299,99 ;   8,351791 ;   44,20
2263,02 ; 299,99 ;   7,621065 ;   40,39
2265,03 ; 299,99 ;   7,595842 ;   40,93
2267,03 ; 299,98 ;   7,622578 ;   40,93
2269,03 ; 299,94 ;   7,788039 ;   41,52
2271,03 ; 300,04 ;   8,376648 ;   44,46
2273,03 ; 300,04 ;   6,279152 ;   33,70
2275,03 ; 300,03 ;   7,619285 ;   40,69
2277,03 ; 300,01 ;   7,789803 ;   41,26
2279,03 ; 300,01 ;   7,987030 ;   42,46
2281,03 ; 299,99 ;   7,620410 ;   40,85
2283,03 ; 299,97 ;   7,985882 ;   42,01
2285,03 ; 299,92 ;   7,983194 ;   42,67
2287,04 ; 299,98 ;   8,378995 ;   44,54
2289,04 ; 300,01 ;   6,864402 ;   36,68
2291,04 ; 300,01 ;   7,425462 ;   39,24
2293,04 ; 300,03 ;   7,596514 ;   40,86
2295,04 ; 300,04 ;   7,402780 ;   39,12
2297,04 ; 299,89 ;   7,597647 ;   40,15
2299,04 ; 299,92 ;   9,692587 ;   51,71
2301,04 ; 299,92 ;   7,400656 ;   39,17
2303,04 ; 299,96 ;   7,795481 ;   41,33
2305,04 ; 299,92 ;   7,226654 ;   38,44
2307,04 ; 300,01 ;   8,375549 ;   44,04
2309,05 ; 299,99 ;   6,475026 ;   34,97
2311,05 ; 299,99 ;   7,984426 ;   42,05
2313,05 ; 300,05 ;   7,622478 ;   40,97
2315,05 ; 300,03 ;   6,839157 ;   36,33
2317,05 ; 300,01 ;   7,986141 ;   42,37
2319,05 ; 300,06 ;   7,987930 ;   42,50
2321,05 ; 300,05 ;   6,842740 ;   36,82
2323,05 ; 300,06 ;   7,813028 ;   41,16
2325,05 ; 299,96 ;   7,595549 ;   40,03
2327,05 ; 300,01 ;   9,133259 ;   48,11
2329,05 ; 299,94 ;   7,036269 ;   37,64
2331,05 ; 299,99 ;   8,743971 ;   46,08
2333,06 ; 299,99 ;   7,035362 ;   37,19
2335,06 ; 300,03 ;   7,619859 ;   40,96
2337,06 ; 300,04 ;   7,229268 ;   38,06
2339,06 ; 299,99 ;   7,619892 ;   40,16
2341,06 ; 300,04 ;   8,372582 ;   44,18
2343,06 ; 300,02 ;   7,055699 ;   37,47
2345,06 ; 300,01 ;   7,987488 ;   42,44
2347,06 ; 300,03 ;   7,792453 ;   41,40
2349,06 ; 300,03 ;   7,427286 ;   39,12
2351,06 ; 299,97 ;   7,617209 ;   40,73
2353,06 ; 299,97 ;   8,550187 ;   45,37
2355,07 ; 299,99 ;   7,793023 ;   41,07
2357,07 ; 299,97 ;   7,423724 ;   39,33
2359,07 ; 300,06 ;   7,983304 ;   42,69
2361,07 ; 300,13 ;   6,477269 ;   34,11
2363,07 ; 300,04 ;   6,650487 ;   35,92
2365,07 ; 300,08 ;   8,745555 ;   46,60
2367,07 ; 300,06 ;   7,056458 ;   37,77
2369,07 ; 300,06 ;   7,790358 ;   41,61
2371,07 ; 300,01 ;   7,603277 ;   40,53
2373,07 ; 299,99 ;   8,376372 ;   44,59
2375,07 ; 299,96 ;   7,796228 ;   41,98
2377,07 ; 300,05 ;   8,180128 ;   43,23
2379,08 ; 300,04 ;   6,472341 ;   34,12
2381,08 ; 300,12 ;   7,812757 ;   41,73
2383,08 ; 299,99 ;   6,476830 ;   34,84
2385,08 ; 299,99 ;   9,304593 ;   49,50
2387,08 ; 299,94 ;   7,595675 ;   40,89
2389,08 ; 300,01 ;   8,374246 ;   44,95
2391,08 ; 300,06 ;   6,665264 ;   35,97
2393,08 ; 299,99 ;   6,861913 ;   36,75
2395,08 ; 300,06 ;   8,564293 ;   45,73
2397,08 ; 300,05 ;   6,670069 ;   35,67
2399,08 ; 299,96 ;   7,814789 ;   41,08
2401,09 ; 299,98 ;   8,935638 ;   47,50
2403,09 ; 299,92 ;   7,405108 ;   39,31
2405,09 ; 299,96 ;   8,551344 ;   45,57
2407,09 ; 299,94 ;   7,230789 ;   38,37
2409,09 ; 299,97 ;   7,986408 ;   42,80
2411,09 ; 299,98 ;   7,227887 ;   38,88
2413,09 ; 299,97 ;   7,428998 ;   39,87
2415,09 ; 299,95 ;   7,984374 ;   42,11
2417,09 ; 299,89 ;   7,986110 ;   42,78
2419,09 ; 299,92 ;   8,568924 ;   45,23
2421,09 ; 299,96 ;   7,424759 ;   39,15
2423,10 ; 299,97 ;   7,250153 ;   38,41
2425,10 ; 299,96 ;   7,596813 ;   40,53
2427,10 ; 300,04 ;   7,813348 ;   41,65
2429,10 ; 300,02 ;   6,647878 ;   35,31
2431,10 ; 300,08 ;   7,987998 ;   42,43
2433,10 ; 300,01 ;   6,842251 ;   36,17
2435,10 ; 299,91 ;   8,548270 ;   45,69
2437,10 ; 300,06 ;   8,935744 ;   47,81
2439,10 ; 299,99 ;   5,724266 ;   30,34
2441,10 ; 300,02 ;   8,552013 ;   45,78
2443,10 ; 300,03 ;   7,423536 ;   39,19
2445,10 ; 299,97 ;   7,422830 ;   39,65
2447,11 ; 300,01 ;   8,546940 ;   45,36
2449,11 ; 300,03 ;   7,229200 ;   38,16
2451,11 ; 299,98 ;   7,430352 ;   39,11
2453,11 ; 300,04 ;   8,374034 ;   44,20
2455,11 ; 300,05 ;   6,844018 ;   36,91
2457,11 ; 299,99 ;   7,424414 ;   39,51
2459,11 ; 299,95 ;   8,571964 ;   45,22
2461,11 ; 299,95 ;   8,376949 ;   44,40
2463,11 ; 300,06 ;   7,791341 ;   41,18
2465,11 ; 299,94 ;   6,105762 ;   32,49
2467,11 ; 300,03 ;   9,326747 ;   49,83
2469,12 ; 300,02 ;   6,478167 ;   34,27
2471,12 ; 299,97 ;   7,814131 ;   41,88
2473,12 ; 299,96 ;   8,373540 ;   44,28
2475,12 ; 299,97 ;   7,812879 ;   41,64
2477,12 ; 299,98 ;   7,597724 ;   40,52
2479,12 ; 300,02 ;   7,425908 ;   39,90
2481,12 ; 299,94 ;   7,247876 ;   38,66
2483,12 ; 299,99 ;   8,742021 ;   46,61
2485,12 ; 300,03 ;   7,035966 ;   37,18
2487,12 ; 300,01 ;   7,231566 ;   38,04
2489,12 ; 300,03 ;   7,987155 ;   42,47
2491,13 ; 300,04 ;   7,403453 ;   39,12
2493,13 ; 300,02 ;   7,597991 ;   40,15
2495,13 ; 299,91 ;   8,005889 ;   42,42
2497,13 ; 300,02 ;   9,114715 ;   48,35
2499,13 ; 300,01 ;   6,279450 ;   33,82
2501,13 ; 300,06 ;   7,796221 ;   41,39
2503,13 ; 300,01 ;   6,840937 ;   36,79
2505,13 ; 300,03 ;   8,371568 ;   44,61
2507,13 ; 300,04 ;   7,424558 ;   39,11
2509,13 ; 300,02 ;   7,624353 ;   40,14
2511,13 ; 300,01 ;   7,985104 ;   42,41
2513,13 ; 300,04 ;   7,810647 ;   41,38
2515,14 ; 299,99 ;   7,231706 ;   38,52
2517,14 ; 300,06 ;   8,370575 ;   44,15
2519,14 ; 299,97 ;   6,668268 ;   35,69
2521,14 ; 300,02 ;   8,934999 ;   47,50
2523,14 ; 299,99 ;   7,057135 ;   37,56
2525,14 ; 300,03 ;   7,984007 ;   42,53
2527,14 ; 300,01 ;   7,230373 ;   38,01
2529,14 ; 299,98 ;   7,986855 ;   42,44
2531,14 ; 299,98 ;   8,006280 ;   42,57
2533,14 ; 300,04 ;   7,620158 ;   40,95
2535,14 ; 299,95 ;   6,861307 ;   36,89
2537,15 ; 300,06 ;   8,935825 ;   47,62
2539,15 ; 299,95 ;   6,108046 ;   32,47
2541,15 ; 299,99 ;   9,324322 ;   49,23
2543,15 ; 300,03 ;   7,058368 ;   37,69
2545,15 ; 300,01 ;   7,230004 ;   38,01
2547,15 ; 299,99 ;   7,987236 ;   42,44
2549,15 ; 299,97 ;   7,812109 ;   41,99
2551,15 ; 299,99 ;   7,985844 ;   42,65
2553,15 ; 299,95 ;   7,421376 ;   39,30
2555,15 ; 299,98 ;   8,370276 ;   44,40
2557,15 ; 300,01 ;   7,233657 ;   38,27
2559,16 ; 300,05 ;   7,425984 ;   39,23
2561,16 ; 299,97 ;   7,058801 ;   37,36
2563,16 ; 300,01 ;   8,740234 ;   46,96
2565,16 ; 299,94 ;   7,229871 ;   38,15
2567,16 ; 300,01 ;   8,744533 ;   46,05
2569,16 ; 299,97 ;   6,668111 ;   36,00
2571,16 ; 300,04 ;   8,183402 ;   43,74
2573,16 ; 300,01 ;   6,666873 ;   35,83
2575,16 ; 300,04 ;   7,988521 ;   42,99
2577,16 ; 300,06 ;   7,234943 ;   38,52
2579,16 ; 299,98 ;   7,231467 ;   38,92
2581,16 ; 300,01 ;   8,747019 ;   46,34
2583,17 ; 300,08 ;   7,424289 ;   39,22
2585,17 ; 300,01 ;   6,670793 ;   35,61
2587,17 ; 300,01 ;   8,551657 ;   45,66
2589,17 ; 300,01 ;   7,597971 ;   40,82
2591,17 ; 299,97 ;   7,621446 ;   40,82
2593,17 ; 300,03 ;   8,182957 ;   43,72
2595,17 ; 299,92 ;   6,844508 ;   36,39
2597,17 ; 299,99 ;   9,132155 ;   48,82
2599,17 ; 300,02 ;   6,842436 ;   36,07
2601,17 ; 299,98 ;   7,405167 ;   39,17
2603,17 ; 299,98 ;   8,179534 ;   43,10
2605,18 ; 300,01 ;   7,619945 ;   40,95
2607,18 ; 299,98 ;   7,425565 ;   39,22
2609,18 ; 299,98 ;   7,988006 ;   42,57
2611,18 ; 299,99 ;   7,621041 ;   40,96
2613,18 ; 300,01 ;   7,615821 ;   40,38
2615,18 ; 300,01 ;   7,407957 ;   39,76
2617,18 ; 300,01 ;   7,619022 ;   40,83
2619,18 ; 299,98 ;   7,620028 ;   40,83
2621,18 ; 300,04 ;   7,989642 ;   42,57
2623,18 ; 299,97 ;   6,841203 ;   36,90
2625,18 ; 299,98 ;   8,549940 ;   45,88
2627,18 ; 299,98 ;   7,421975 ;   39,88
2629,19 ; 300,04 ;   7,596429 ;   40,96
2631,19 ; 299,98 ;   6,846741 ;   36,90
2633,19 ; 300,09 ;   8,375419 ;   44,72
2635,19 ; 299,91 ;   6,280558 ;   33,42
2637,19 ; 299,97 ;   10,061434 ;   53,17
2639,19 ; 300,02 ;   7,058126 ;   37,28
2641,19 ; 299,89 ;   7,035596 ;   37,56
2643,19 ; 299,97 ;   9,499061 ;   50,07
2645,19 ; 299,98 ;   6,670177 ;   35,68
2647,19 ; 299,92 ;   7,428569 ;   39,90
2649,19 ; 299,88 ;   8,569836 ;   45,62
2651,20 ; 299,94 ;   8,376502 ;   44,80
2653,20 ; 299,96 ;   6,842274 ;   36,94
2655,20 ; 299,92 ;   7,423400 ;   39,52
2657,20 ; 299,97 ;   8,351045 ;   44,03
2659,20 ; 299,94 ;   7,057842 ;   37,87
2661,20 ; 299,99 ;   8,179478 ;   43,42
2663,20 ; 299,97 ;   7,037774 ;   37,22
2665,20 ; 299,92 ;   7,986905 ;   42,72
2667,20 ; 299,96 ;   8,380216 ;   44,59
2669,20 ; 300,05 ;   7,250192 ;   38,47
2671,20 ; 300,03 ;   6,473987 ;   34,20
2673,21 ; 300,02 ;   8,005825 ;   42,40
2675,21 ; 299,98 ;   7,795359 ;   41,94
2677,21 ; 300,04 ;   8,179433 ;   43,18
2679,21 ; 299,94 ;   6,839524 ;   36,97
2681,21 ; 299,98 ;   9,126580 ;   48,28
2683,21 ; 300,08 ;   7,037019 ;   37,81
2685,21 ; 300,01 ;   6,472715 ;   34,07
2687,21 ; 300,01 ;   8,570662 ;   45,74
2689,21 ; 299,98 ;   7,619415 ;   40,90
2691,21 ; 299,96 ;   7,987672 ;   42,64
2693,21 ; 300,03 ;   7,987344 ;   42,77
2695,22 ; 300,04 ;   6,671746 ;   35,94
