Tempo total (s) ;Temperatura (ºC) ; Potencia atual (W) ; Saida
P:  12.50 I: 100.00 D:  23.80 Tensão:5.233 V
2,03 ; 300,10 ;   8,502032 ;   87,99
4,07 ; 300,03 ;   7,530284 ;   77,46
6,10 ; 300,02 ;   10,184049 ;  104,62
8,13 ; 299,99 ;   9,396481 ;   96,80
10,17 ; 300,08 ;   9,608306 ;   98,24
12,20 ; 300,04 ;   7,980165 ;   81,14
14,23 ; 300,08 ;   9,759751 ;   99,91
16,27 ; 300,04 ;   8,605578 ;   87,98
18,30 ; 300,03 ;   9,808660 ;   99,89
20,33 ; 300,10 ;   9,407355 ;   95,40
22,36 ; 299,96 ;   8,205527 ;   83,07
24,40 ; 300,04 ;   11,347036 ;  115,71
26,43 ; 300,09 ;   8,114289 ;   82,71
28,46 ; 300,12 ;   8,520770 ;   86,67
30,50 ; 300,08 ;   8,718607 ;   88,53
32,53 ; 300,10 ;   9,800244 ;   99,29
34,56 ; 300,16 ;   8,809603 ;   89,83
36,60 ; 300,17 ;   8,217553 ;   83,29
38,63 ; 300,13 ;   9,007460 ;   91,15
40,66 ; 300,22 ;   9,805486 ;   99,71
42,70 ; 300,13 ;   7,614156 ;   77,90
44,73 ; 300,17 ;   10,482018 ;  106,47
46,76 ; 300,17 ;   8,401061 ;   85,27
48,80 ; 300,18 ;   9,081067 ;   92,09
50,83 ; 300,23 ;   8,877972 ;   90,80
52,86 ; 300,12 ;   8,197115 ;   83,19
54,90 ; 300,18 ;   10,757608 ;  109,78
56,93 ; 300,23 ;   8,071269 ;   82,67
58,96 ; 300,17 ;   8,187545 ;   83,06
61,00 ; 300,20 ;   9,852459 ;  100,95
63,03 ; 300,18 ;   8,660754 ;   88,03
65,06 ; 300,17 ;   9,159292 ;   93,90
67,10 ; 300,20 ;   9,059330 ;   92,81
69,13 ; 300,22 ;   8,460007 ;   86,65
71,16 ; 300,24 ;   8,649475 ;   88,68
73,20 ; 300,22 ;   8,548971 ;   87,19
75,23 ; 300,17 ;   9,244904 ;   94,28
77,26 ; 300,14 ;   9,600092 ;   98,25
79,29 ; 300,20 ;   9,423903 ;   96,32
81,33 ; 300,20 ;   8,151526 ;   83,01
83,36 ; 300,17 ;   8,862886 ;   90,97
85,39 ; 300,10 ;   9,256687 ;   94,65
87,43 ; 300,20 ;   10,052355 ;  102,36
89,46 ; 300,16 ;   7,593724 ;   77,14
91,49 ; 300,17 ;   9,373562 ;   95,77
93,53 ; 300,10 ;   8,782550 ;   89,91
95,56 ; 300,14 ;   10,058242 ;  102,19
97,59 ; 300,10 ;   8,390370 ;   85,67
99,63 ; 300,09 ;   9,564188 ;   97,56
101,66 ; 300,10 ;   9,258383 ;   94,31
103,69 ; 300,15 ;   8,761505 ;   89,51
105,73 ; 300,09 ;   8,279579 ;   84,31
107,76 ; 300,10 ;   9,934240 ;  101,08
109,79 ; 300,13 ;   8,789158 ;   89,43
111,83 ; 300,13 ;   8,591308 ;   87,96
113,86 ; 300,12 ;   8,984752 ;   91,36
115,89 ; 300,08 ;   9,088733 ;   92,57
117,93 ; 300,10 ;   9,580178 ;   97,61
119,96 ; 300,04 ;   8,683781 ;   88,15
121,99 ; 300,13 ;   9,973157 ;  101,49
124,03 ; 300,08 ;   7,703817 ;   78,66
126,06 ; 300,17 ;   9,677257 ;   98,66
128,09 ; 300,16 ;   7,497380 ;   76,87
130,12 ; 300,13 ;   8,978568 ;   91,79
132,16 ; 300,08 ;   9,462823 ;   96,82
134,19 ; 300,16 ;   9,650573 ;   98,53
136,22 ; 300,16 ;   7,585108 ;   77,98
138,26 ; 300,13 ;   8,865842 ;   90,51
140,29 ; 300,14 ;   9,451410 ;   96,68
142,32 ; 300,09 ;   8,649991 ;   88,45
144,36 ; 300,12 ;   9,746050 ;   99,40
146,39 ; 300,16 ;   8,452085 ;   86,40
148,42 ; 300,13 ;   8,171947 ;   83,49
150,46 ; 300,09 ;   9,451456 ;   96,52
152,49 ; 300,17 ;   9,449874 ;   96,99
154,52 ; 300,15 ;   7,581810 ;   77,59
156,56 ; 300,10 ;   9,154146 ;   93,84
158,59 ; 300,15 ;   9,539878 ;   97,83
160,62 ; 300,15 ;   8,144054 ;   83,49
162,66 ; 300,13 ;   8,817334 ;   90,31
164,69 ; 300,10 ;   9,197755 ;   94,00
166,72 ; 300,12 ;   9,200409 ;   94,27
168,76 ; 300,15 ;   8,625051 ;   88,33
170,79 ; 300,09 ;   8,319456 ;   85,61
172,82 ; 300,09 ;   9,800464 ;  100,09
174,86 ; 300,10 ;   8,861566 ;   90,92
176,89 ; 300,05 ;   8,661583 ;   88,41
178,92 ; 300,08 ;   9,643105 ;   98,13
180,95 ; 300,09 ;   8,557957 ;   87,53
182,99 ; 300,03 ;   8,761436 ;   89,70
185,02 ; 300,10 ;   9,760400 ;   99,52
187,05 ; 300,09 ;   7,885506 ;   80,32
189,09 ; 300,05 ;   9,175775 ;   93,07
191,12 ; 300,05 ;   9,359038 ;   95,73
193,15 ; 300,03 ;   8,967358 ;   91,15
195,19 ; 300,04 ;   9,276458 ;   94,86
197,22 ; 300,08 ;   8,876359 ;   90,18
199,25 ; 300,02 ;   8,371636 ;   85,10
201,29 ; 299,99 ;   9,848638 ;  100,74
203,32 ; 300,04 ;   9,342232 ;   95,32
205,35 ; 300,01 ;   8,267527 ;   84,43
207,39 ; 300,04 ;   9,458955 ;   96,26
209,42 ; 300,09 ;   8,491242 ;   86,71
211,45 ; 300,08 ;   8,199859 ;   83,81
213,49 ; 300,09 ;   8,970451 ;   91,89
215,52 ; 300,04 ;   8,768634 ;   89,49
217,55 ; 300,04 ;   9,663339 ;   98,07
219,59 ; 300,15 ;   8,959806 ;   91,20
221,62 ; 300,15 ;   7,188880 ;   73,80
223,65 ; 300,13 ;   8,769705 ;   89,76
225,69 ; 300,15 ;   9,165952 ;   93,45
227,72 ; 300,14 ;   8,478542 ;   86,26
229,75 ; 300,14 ;   8,881859 ;   90,89
231,79 ; 300,13 ;   8,773730 ;   89,71
233,82 ; 300,16 ;   9,050583 ;   92,16
235,85 ; 300,17 ;   8,192578 ;   83,63
237,88 ; 300,16 ;   8,689529 ;   88,06
239,92 ; 300,15 ;   8,867756 ;   90,40
241,95 ; 300,12 ;   8,978649 ;   91,70
243,98 ; 300,10 ;   9,284310 ;   94,35
246,02 ; 300,12 ;   9,083069 ;   92,24
248,05 ; 300,10 ;   8,602291 ;   87,44
250,08 ; 300,09 ;   9,100597 ;   92,18
252,12 ; 300,04 ;   9,102424 ;   92,35
254,15 ; 300,13 ;   9,584522 ;   97,50
256,18 ; 300,10 ;   7,510303 ;   76,96
258,22 ; 300,12 ;   9,184944 ;   93,23
260,25 ; 300,16 ;   8,586287 ;   87,29
262,28 ; 300,16 ;   8,100701 ;   82,09
264,32 ; 300,20 ;   8,687626 ;   88,91
266,35 ; 300,14 ;   8,192550 ;   83,90
268,38 ; 300,10 ;   9,562760 ;   97,12
270,42 ; 300,13 ;   9,360344 ;   95,30
272,45 ; 300,06 ;   8,378761 ;   85,82
274,48 ; 300,13 ;   9,742933 ;   99,16
276,52 ; 300,15 ;   7,897005 ;   80,06
278,55 ; 300,17 ;   8,376480 ;   85,45
280,58 ; 300,16 ;   8,372439 ;   85,11
282,62 ; 300,17 ;   8,779565 ;   89,74
284,65 ; 300,14 ;   8,581539 ;   87,31
286,68 ; 300,09 ;   9,164494 ;   93,38
288,71 ; 300,12 ;   9,568174 ;   97,47
290,75 ; 300,13 ;   8,295941 ;   84,48
292,78 ; 300,06 ;   8,570621 ;   87,78
294,81 ; 300,15 ;   9,677095 ;   98,83
296,85 ; 300,10 ;   7,505192 ;   76,00
298,88 ; 300,03 ;   9,364714 ;   95,99
300,91 ; 300,10 ;   9,864964 ;  100,29
302,95 ; 300,14 ;   7,698172 ;   78,81
304,98 ; 300,06 ;   8,090138 ;   82,86
307,01 ; 300,08 ;   9,844946 ;  100,96
309,05 ; 300,04 ;   8,568958 ;   87,04
311,08 ; 300,13 ;   9,362281 ;   95,52
313,11 ; 300,14 ;   7,497753 ;   76,12
315,15 ; 300,13 ;   8,475760 ;   86,18
317,18 ; 300,09 ;   8,868493 ;   90,91
319,21 ; 300,02 ;   9,271220 ;   94,81
321,25 ; 299,97 ;   9,865690 ;  100,25
323,28 ; 300,04 ;   9,567390 ;   97,43
325,31 ; 300,12 ;   7,794697 ;   79,38
327,35 ; 300,17 ;   7,595291 ;   77,24
329,38 ; 300,15 ;   7,778712 ;   79,94
331,41 ; 300,09 ;   8,985855 ;   91,62
333,45 ; 300,12 ;   9,697030 ;   98,10
335,48 ; 300,16 ;   8,203470 ;   83,96
337,51 ; 300,12 ;   8,001816 ;   81,05
339,54 ; 300,12 ;   9,395503 ;   95,33
341,58 ; 300,14 ;   8,709527 ;   88,43
343,61 ; 299,99 ;   8,309115 ;   84,68
345,64 ; 300,12 ;   10,964467 ;  111,69
347,68 ; 300,04 ;   6,907801 ;   70,09
349,71 ; 300,04 ;   9,869861 ;  100,77
351,74 ; 300,09 ;   8,786662 ;   89,33
353,78 ; 300,15 ;   7,992066 ;   81,86
355,81 ; 300,13 ;   7,688935 ;   78,76
357,84 ; 299,97 ;   8,977313 ;   91,59
359,88 ; 300,08 ;   11,049453 ;  112,98
361,91 ; 300,02 ;   7,093776 ;   72,73
363,94 ; 300,02 ;   9,655840 ;   98,66
365,98 ; 300,04 ;   8,782527 ;   89,51
368,01 ; 299,99 ;   8,378744 ;   85,78
370,04 ; 300,06 ;   9,454443 ;   96,65
372,08 ; 300,16 ;   7,675562 ;   78,61
374,11 ; 300,08 ;   7,082399 ;   72,73
376,14 ; 300,01 ;   9,935187 ;  101,22
378,18 ; 300,04 ;   9,755254 ;   99,80
380,21 ; 300,09 ;   8,288024 ;   84,54
382,24 ; 299,98 ;   7,983177 ;   81,65
384,27 ; 300,12 ;   10,236801 ;  104,65
386,31 ; 300,04 ;   6,704231 ;   68,66
388,34 ; 300,06 ;   9,831650 ;  100,49
390,37 ; 300,16 ;   8,365238 ;   85,32
392,41 ; 300,05 ;   7,102463 ;   72,57
394,44 ; 300,03 ;   10,233300 ;  104,79
396,47 ; 299,99 ;   9,064628 ;   92,51
398,51 ; 300,04 ;   9,354684 ;   95,29
400,54 ; 300,08 ;   8,101889 ;   82,12
402,57 ; 300,03 ;   8,081759 ;   82,75
404,61 ; 299,97 ;   9,355349 ;   95,90
406,64 ; 299,99 ;   9,650998 ;   98,98
408,67 ; 299,96 ;   8,465036 ;   86,11
410,71 ; 299,98 ;   9,267283 ;   94,51
412,74 ; 300,04 ;   8,482233 ;   86,22
414,77 ; 300,04 ;   7,895794 ;   80,96
416,81 ; 300,04 ;   8,686101 ;   88,95
418,84 ; 300,08 ;   8,694735 ;   88,94
420,87 ; 300,02 ;   8,095749 ;   82,71
422,91 ; 300,09 ;   9,634225 ;   98,35
424,94 ; 300,03 ;   7,682998 ;   78,02
426,97 ; 300,01 ;   9,453556 ;   96,98
429,01 ; 300,04 ;   9,057300 ;   92,70
431,04 ; 300,08 ;   8,275839 ;   84,30
433,07 ; 300,10 ;   8,070674 ;   82,65
435,11 ; 300,09 ;   8,273619 ;   84,62
437,14 ; 300,12 ;   8,851050 ;   90,51
439,17 ; 300,12 ;   8,158819 ;   83,22
441,20 ; 300,04 ;   8,544543 ;   87,77
443,24 ; 300,05 ;   9,822247 ;  100,17
445,27 ; 300,12 ;   8,445404 ;   86,24
447,30 ; 300,08 ;   7,662592 ;   78,57
449,34 ; 300,02 ;   9,121800 ;   93,90
451,37 ; 300,06 ;   9,622955 ;   98,11
453,40 ; 300,04 ;   7,964784 ;   81,50
455,44 ; 300,09 ;   9,031755 ;   92,07
457,47 ; 300,05 ;   7,955571 ;   81,18
459,50 ; 300,08 ;   9,031288 ;   92,98
461,54 ; 300,10 ;   8,252544 ;   84,67
463,57 ; 299,92 ;   8,255097 ;   84,35
465,60 ; 300,06 ;   11,400039 ;  116,34
467,64 ; 300,04 ;   6,582953 ;   67,70
469,67 ; 300,06 ;   8,941444 ;   91,99
471,70 ; 300,03 ;   8,261601 ;   84,82
473,74 ; 300,02 ;   9,133606 ;   93,20
475,77 ; 299,98 ;   8,937345 ;   91,11
477,80 ; 299,95 ;   9,141218 ;   93,79
479,84 ; 300,03 ;   9,344487 ;   95,43
481,87 ; 299,98 ;   7,484797 ;   76,05
483,90 ; 300,03 ;   9,408505 ;   96,08
485,93 ; 300,10 ;   7,956850 ;   81,77
487,97 ; 300,02 ;   7,559820 ;   77,44
490,00 ; 299,95 ;   9,928105 ;  101,37
492,03 ; 300,08 ;   9,736622 ;   99,98
494,07 ; 300,03 ;   6,692596 ;   68,58
496,10 ; 300,09 ;   9,326932 ;   95,45
498,13 ; 300,05 ;   7,781903 ;   79,88
500,17 ; 299,99 ;   9,052185 ;   92,83
502,20 ; 300,05 ;   9,662578 ;   98,19
504,23 ; 300,02 ;   7,799387 ;   79,10
506,27 ; 300,02 ;   9,255090 ;   94,45
508,30 ; 300,02 ;   8,675120 ;   88,73
510,33 ; 300,05 ;   8,665424 ;   88,72
512,37 ; 300,10 ;   8,086656 ;   82,51
514,40 ; 300,05 ;   7,899049 ;   80,75
516,43 ; 300,05 ;   9,357069 ;   95,04
518,47 ; 300,04 ;   8,671769 ;   88,17
520,50 ; 299,98 ;   8,860931 ;   90,64
522,53 ; 300,10 ;   9,553131 ;   97,05
524,57 ; 300,04 ;   6,901857 ;   70,41
526,60 ; 300,02 ;   9,537688 ;   97,47
528,63 ; 300,09 ;   9,047748 ;   92,04
530,66 ; 300,02 ;   7,575997 ;   77,42
532,70 ; 300,04 ;   9,646697 ;   98,87
534,73 ; 300,08 ;   8,276773 ;   84,85
536,76 ; 300,06 ;   8,086875 ;   82,06
538,80 ; 300,03 ;   8,841812 ;   90,24
540,83 ; 300,05 ;   9,057779 ;   92,91
542,86 ; 300,02 ;   8,261892 ;   84,60
544,90 ; 300,02 ;   9,242691 ;   94,23
546,93 ; 300,06 ;   8,653090 ;   88,51
548,96 ; 300,13 ;   7,976336 ;   81,05
551,00 ; 300,10 ;   7,574348 ;   77,95
553,03 ; 300,05 ;   8,852432 ;   90,79
555,06 ; 300,03 ;   9,248345 ;   94,79
557,10 ; 300,10 ;   8,965432 ;   91,65
559,13 ; 300,13 ;   7,582647 ;   77,03
561,16 ; 300,02 ;   8,170603 ;   83,56
563,20 ; 300,08 ;   10,234624 ;  104,36
565,23 ; 299,97 ;   7,700353 ;   78,41
567,26 ; 300,02 ;   10,252131 ;  104,92
569,30 ; 299,98 ;   7,994563 ;   81,47
571,33 ; 300,03 ;   9,168401 ;   93,30
573,36 ; 300,06 ;   7,998422 ;   81,28
575,40 ; 300,06 ;   8,189047 ;   83,16
577,43 ; 300,12 ;   8,586081 ;   87,71
579,46 ; 300,14 ;   7,701558 ;   78,99
581,50 ; 299,99 ;   8,181423 ;   83,24
583,53 ; 300,14 ;   10,851137 ;  110,24
585,56 ; 300,09 ;   6,329418 ;   64,91
587,59 ; 299,99 ;   9,369781 ;   95,30
589,63 ; 300,02 ;   10,075357 ;  102,19
591,66 ; 300,10 ;   8,302609 ;   84,75
593,69 ; 300,01 ;   7,301795 ;   74,50
595,73 ; 300,05 ;   9,961438 ;  101,96
597,76 ; 300,01 ;   7,909558 ;   80,78
599,79 ; 300,02 ;   9,372482 ;   95,09
601,83 ; 300,03 ;   8,502108 ;   86,99
603,86 ; 300,03 ;   8,382851 ;   85,64
605,89 ; 299,99 ;   8,588966 ;   87,92
607,93 ; 300,03 ;   9,279899 ;   94,13
609,96 ; 300,08 ;   8,104967 ;   82,20
611,99 ; 300,04 ;   7,884232 ;   80,45
614,03 ; 300,01 ;   9,190977 ;   93,50
616,06 ; 300,02 ;   9,095550 ;   92,75
618,09 ; 300,04 ;   8,495896 ;   86,93
620,13 ; 300,10 ;   8,288641 ;   84,34
622,16 ; 300,08 ;   7,600475 ;   77,82
624,19 ; 300,05 ;   8,870411 ;   90,67
626,23 ; 300,10 ;   8,894811 ;   90,94
628,26 ; 300,12 ;   7,897892 ;   80,04
630,29 ; 300,09 ;   8,284743 ;   84,39
632,32 ; 300,14 ;   8,982355 ;   91,62
634,36 ; 300,12 ;   7,700109 ;   78,33
636,39 ; 300,15 ;   8,869232 ;   90,02
638,42 ; 300,14 ;   8,004659 ;   81,59
640,46 ; 300,06 ;   8,581550 ;   87,37
642,49 ; 300,05 ;   9,673931 ;   98,61
644,52 ; 300,05 ;   8,694616 ;   88,41
646,56 ; 300,05 ;   8,574108 ;   87,25
648,59 ; 300,09 ;   8,579239 ;   87,24
650,62 ; 300,04 ;   8,087477 ;   82,25
652,66 ; 300,03 ;   9,283788 ;   94,26
654,69 ; 300,06 ;   8,698389 ;   88,64
656,72 ; 300,09 ;   8,093746 ;   82,51
658,76 ; 300,02 ;   8,183856 ;   83,34
660,79 ; 300,14 ;   9,569089 ;   97,93
662,82 ; 300,04 ;   6,627379 ;   67,75
664,86 ; 300,16 ;   10,043171 ;  102,16
666,89 ; 300,06 ;   6,609985 ;   67,41
668,92 ; 300,10 ;   9,946798 ;  101,82
670,96 ; 300,03 ;   7,903609 ;   80,73
672,99 ; 300,14 ;   9,556944 ;   97,60
675,02 ; 300,03 ;   6,812153 ;   69,90
677,05 ; 300,02 ;   10,134532 ;  103,27
679,09 ; 300,13 ;   8,783126 ;   89,75
681,12 ; 300,05 ;   6,899146 ;   70,06
683,15 ; 300,05 ;   9,576032 ;   97,22
685,19 ; 300,02 ;   8,508828 ;   86,92
687,22 ; 299,99 ;   9,192422 ;   93,11
689,25 ; 300,06 ;   8,994677 ;   91,12
691,29 ; 300,03 ;   7,512467 ;   76,51
693,32 ; 300,04 ;   8,993966 ;   91,75
695,35 ; 299,98 ;   8,420950 ;   85,93
697,39 ; 300,02 ;   9,409765 ;   95,77
699,42 ; 300,03 ;   8,121309 ;   82,80
701,45 ; 299,99 ;   8,307114 ;   84,88
703,49 ; 300,04 ;   9,200911 ;   93,37
705,52 ; 300,08 ;   7,929703 ;   80,20
707,55 ; 300,09 ;   7,926961 ;   80,83
709,59 ; 300,10 ;   8,414565 ;   85,29
711,62 ; 300,08 ;   8,220527 ;   83,92
713,65 ; 300,09 ;   8,822200 ;   89,91
715,69 ; 300,09 ;   8,425148 ;   85,22
717,72 ; 300,05 ;   8,522277 ;   86,34
719,75 ; 300,10 ;   9,018592 ;   91,29
721,79 ; 300,10 ;   7,826054 ;   79,24
723,82 ; 300,03 ;   8,510016 ;   86,08
725,85 ; 300,15 ;   9,603089 ;   97,24
727,88 ; 300,17 ;   6,713050 ;   68,30
729,92 ; 300,14 ;   7,851864 ;   81,68
731,95 ; 300,12 ;   8,775695 ;   90,04
733,98 ; 300,14 ;   8,702128 ;   89,16
736,02 ; 300,13 ;   7,933510 ;   81,97
738,05 ; 300,06 ;   8,490115 ;   87,85
740,08 ; 300,05 ;   9,290669 ;   95,47
742,12 ; 300,12 ;   8,507977 ;   87,56
744,15 ; 300,02 ;   7,445306 ;   76,46
746,18 ; 300,09 ;   9,869659 ;  101,72
748,22 ; 299,95 ;   7,329538 ;   75,68
750,25 ; 299,94 ;   10,545787 ;  108,32
752,28 ; 299,95 ;   8,595561 ;   89,00
754,32 ; 299,90 ;   8,396613 ;   86,63
756,35 ; 300,02 ;   9,255360 ;   95,24
758,38 ; 299,90 ;   6,735546 ;   69,77
760,42 ; 299,91 ;   10,241897 ;  105,54
762,45 ; 299,89 ;   8,296789 ;   85,94
764,48 ; 299,83 ;   8,851939 ;   91,98
766,52 ; 299,89 ;   9,539707 ;   98,52
768,55 ; 299,88 ;   7,675481 ;   79,47
770,58 ; 299,92 ;   8,816683 ;   91,13
772,61 ; 299,89 ;   7,833461 ;   81,43
774,65 ; 299,91 ;   8,998672 ;   93,28
776,68 ; 299,83 ;   8,233688 ;   85,00
778,71 ; 299,85 ;   9,869621 ;  102,13
780,75 ; 299,87 ;   8,233311 ;   85,87
782,78 ; 299,83 ;   8,337492 ;   86,85
784,81 ; 299,95 ;   9,214558 ;   95,38
786,85 ; 299,89 ;   6,888222 ;   71,07
788,88 ; 299,87 ;   9,301048 ;   96,93
790,91 ; 299,95 ;   8,935941 ;   92,68
792,95 ; 299,95 ;   7,379825 ;   76,86
794,98 ; 299,90 ;   8,542468 ;   88,30
797,01 ; 299,92 ;   9,230380 ;   95,78
799,05 ; 299,84 ;   8,260106 ;   85,21
801,08 ; 299,83 ;   9,794502 ;  101,09
803,11 ; 299,91 ;   8,952590 ;   92,18
805,15 ; 299,88 ;   7,366735 ;   76,27
807,18 ; 299,82 ;   9,179500 ;   95,08
809,21 ; 299,71 ;   9,489391 ;   98,10
811,25 ; 299,78 ;   10,361306 ;  107,53
813,28 ; 298,66 ;   7,765605 ;   80,43
815,31 ; 295,86 ;   11,975595 ;  125,00
817,35 ; 292,35 ;   12,000238 ;  125,00
819,38 ; 289,16 ;   12,015435 ;  125,00
821,41 ; 286,09 ;   12,017668 ;  125,00
823,45 ; 283,44 ;   12,021198 ;  125,00
825,48 ; 281,23 ;   12,026160 ;  125,00
827,51 ; 279,23 ;   12,032593 ;  125,00
829,55 ; 277,50 ;   12,030793 ;  125,00
831,58 ; 276,02 ;   12,034870 ;  125,00
833,61 ; 274,77 ;   12,033551 ;  125,00
835,65 ; 273,73 ;   12,035561 ;  125,00
837,68 ; 272,77 ;   12,031922 ;  125,00
839,71 ; 272,12 ;   12,033393 ;  125,00
841,74 ; 271,46 ;   12,037892 ;  125,00
843,78 ; 270,96 ;   12,035285 ;  125,00
845,81 ; 270,69 ;   12,034946 ;  125,00
847,84 ; 270,39 ;   12,039590 ;  125,00
849,88 ; 270,06 ;   12,041930 ;  125,00
851,91 ; 270,13 ;   12,037347 ;  125,00
853,94 ; 270,10 ;   12,037792 ;  125,00
855,98 ; 270,12 ;   12,038346 ;  125,00
858,01 ; 270,26 ;   12,039563 ;  125,00
860,04 ; 270,42 ;   12,039442 ;  125,00
862,08 ; 270,71 ;   12,041025 ;  125,00
864,11 ; 270,87 ;   12,036350 ;  125,00
866,14 ; 271,29 ;   12,024915 ;  125,00
868,18 ; 271,69 ;   12,025767 ;  125,00
870,21 ; 272,02 ;   12,024516 ;  125,00
872,24 ; 272,43 ;   12,014184 ;  125,00
874,28 ; 272,88 ;   12,009195 ;  125,00
876,31 ; 273,34 ;   12,002641 ;  125,00
878,34 ; 273,89 ;   12,004882 ;  125,00
880,38 ; 274,39 ;   11,995538 ;  125,00
882,41 ; 274,89 ;   12,057492 ;  125,00
884,44 ; 275,60 ;   12,136567 ;  125,00
886,48 ; 276,12 ;   12,133878 ;  125,00
888,51 ; 276,80 ;   12,138440 ;  125,00
890,54 ; 277,35 ;   12,139207 ;  125,00
892,58 ; 277,85 ;   12,140802 ;  125,00
894,61 ; 278,48 ;   12,142830 ;  125,00
896,64 ; 279,18 ;   12,145795 ;  125,00
898,68 ; 279,80 ;   12,139838 ;  125,00
900,71 ; 280,52 ;   12,138960 ;  125,00
902,74 ; 281,24 ;   12,136957 ;  125,00
904,78 ; 281,92 ;   12,140268 ;  125,00
906,81 ; 282,59 ;   12,142881 ;  125,00
908,84 ; 283,27 ;   12,144442 ;  124,93
910,87 ; 283,96 ;   11,498516 ;  117,15
912,91 ; 284,71 ;   10,988259 ;  112,63
914,94 ; 285,34 ;   9,505685 ;   98,00
916,97 ; 286,07 ;   10,949482 ;  112,20
919,01 ; 286,74 ;   8,803339 ;   90,61
921,04 ; 287,37 ;   9,186856 ;   94,63
923,07 ; 287,97 ;   9,386015 ;   96,98
925,11 ; 288,73 ;   9,293636 ;   95,95
927,14 ; 289,34 ;   6,363028 ;   65,13
929,17 ; 289,98 ;   8,208245 ;   84,43
931,21 ; 290,48 ;   7,133957 ;   73,26
933,24 ; 291,02 ;   8,599382 ;   88,68
935,27 ; 291,50 ;   7,723671 ;   79,73
937,31 ; 292,03 ;   8,308095 ;   85,00
939,34 ; 292,48 ;   7,042822 ;   72,46
941,37 ; 292,94 ;   7,819160 ;   80,13
943,41 ; 293,28 ;   7,426185 ;   76,19
945,44 ; 293,71 ;   8,701837 ;   89,67
947,47 ; 294,08 ;   7,141795 ;   73,30
949,51 ; 294,43 ;   7,717916 ;   79,36
951,54 ; 294,74 ;   7,629765 ;   78,66
953,57 ; 294,95 ;   7,932320 ;   81,83
955,61 ; 295,30 ;   9,294454 ;   95,32
957,64 ; 295,52 ;   7,049516 ;   72,78
959,67 ; 295,84 ;   8,611275 ;   88,25
961,71 ; 296,02 ;   7,053115 ;   72,81
963,74 ; 296,26 ;   8,719300 ;   89,77
965,77 ; 296,48 ;   7,835584 ;   80,95
967,81 ; 296,71 ;   7,834103 ;   80,12
969,84 ; 296,85 ;   7,637996 ;   78,16
971,87 ; 296,97 ;   8,716945 ;   89,76
973,90 ; 297,17 ;   9,006977 ;   92,50
975,94 ; 297,36 ;   7,635593 ;   78,10
977,97 ; 297,52 ;   7,632829 ;   78,73
980,00 ; 297,68 ;   7,926848 ;   81,96
982,04 ; 297,80 ;   7,731442 ;   79,36
984,07 ; 297,84 ;   8,230575 ;   84,08
986,10 ; 298,02 ;   9,495978 ;   97,95
988,14 ; 298,13 ;   7,158283 ;   73,26
990,17 ; 298,29 ;   8,340254 ;   85,02
992,20 ; 298,36 ;   7,259461 ;   74,28
994,24 ; 298,45 ;   8,529793 ;   87,52
996,27 ; 298,52 ;   8,136731 ;   83,31
998,30 ; 298,68 ;   8,536087 ;   87,49
1000,34 ; 298,70 ;   6,870905 ;   70,90
1002,37 ; 298,84 ;   8,925348 ;   91,52
1004,40 ; 298,94 ;   7,071569 ;   72,92
1006,44 ; 299,00 ;   7,650328 ;   78,87
1008,47 ; 299,07 ;   8,046717 ;   82,91
1010,50 ; 299,20 ;   7,956323 ;   81,13
1012,54 ; 299,16 ;   6,867671 ;   70,52
1014,57 ; 299,18 ;   9,523799 ;   97,62
1016,60 ; 299,32 ;   8,544149 ;   87,24
1018,64 ; 299,39 ;   6,673607 ;   68,52
1020,67 ; 299,34 ;   7,651669 ;   78,07
1022,70 ; 299,41 ;   9,307210 ;   95,98
1024,73 ; 299,50 ;   7,636519 ;   78,10
1026,77 ; 299,48 ;   7,250525 ;   74,86
1028,80 ; 299,60 ;   8,826658 ;   90,05
1030,83 ; 299,62 ;   6,768695 ;   69,26
1032,87 ; 299,69 ;   8,239421 ;   84,02
1034,90 ; 299,66 ;   7,355962 ;   75,21
1036,93 ; 299,73 ;   8,732869 ;   89,31
1038,97 ; 299,73 ;   7,254397 ;   74,78
1041,00 ; 299,69 ;   8,339679 ;   85,14
1043,03 ; 299,82 ;   9,030015 ;   92,66
1045,07 ; 299,72 ;   6,273746 ;   64,75
1047,10 ; 299,85 ;   9,808202 ;  100,39
1049,13 ; 299,74 ;   6,269323 ;   64,47
1051,17 ; 299,77 ;   9,909829 ;  101,35
1053,20 ; 299,88 ;   7,946862 ;   81,68
1055,23 ; 299,84 ;   6,566632 ;   67,77
1057,27 ; 299,84 ;   8,629259 ;   88,78
1059,30 ; 299,91 ;   8,235964 ;   84,24
1061,33 ; 299,96 ;   7,157210 ;   73,09
1063,37 ; 299,94 ;   7,352970 ;   75,95
1065,40 ; 299,95 ;   8,420220 ;   86,55
1067,43 ; 299,94 ;   7,939883 ;   81,89
1069,47 ; 299,91 ;   8,224665 ;   84,29
1071,50 ; 299,92 ;   8,415138 ;   86,89
1073,53 ; 299,96 ;   8,017993 ;   82,24
1075,57 ; 300,02 ;   7,534423 ;   77,19
1077,60 ; 299,97 ;   7,240365 ;   74,22
1079,63 ; 300,09 ;   8,696778 ;   89,68
1081,66 ; 299,95 ;   6,261361 ;   64,19
1083,70 ; 299,99 ;   10,080517 ;  103,68
1085,73 ; 299,97 ;   7,343472 ;   75,65
1087,76 ; 299,96 ;   8,418578 ;   86,24
1089,80 ; 300,03 ;   8,230134 ;   84,07
1091,83 ; 299,94 ;   6,956733 ;   71,75
1093,86 ; 299,97 ;   9,411494 ;   96,94
1095,90 ; 300,01 ;   7,662298 ;   78,26
1097,93 ; 299,99 ;   7,455802 ;   76,64
1099,96 ; 300,03 ;   8,231252 ;   84,83
1102,00 ; 299,98 ;   7,450384 ;   76,33
1104,03 ; 300,02 ;   8,722230 ;   89,50
1106,06 ; 300,03 ;   7,558053 ;   77,67
1108,10 ; 300,02 ;   7,739622 ;   79,76
1110,13 ; 300,01 ;   8,242525 ;   84,52
1112,16 ; 299,99 ;   8,142723 ;   83,47
1114,20 ; 299,97 ;   8,237586 ;   84,81
1116,23 ; 300,01 ;   8,440727 ;   86,26
1118,26 ; 299,98 ;   7,465209 ;   76,62
1120,30 ; 300,03 ;   8,436961 ;   86,06
1122,33 ; 300,03 ;   7,358903 ;   75,18
1124,36 ; 299,98 ;   8,041259 ;   82,03
1126,39 ; 300,04 ;   8,732415 ;   89,49
1128,43 ; 299,98 ;   7,158922 ;   73,93
1130,46 ; 300,03 ;   8,827980 ;   90,62
1132,49 ; 300,04 ;   7,362872 ;   75,16
1134,53 ; 300,06 ;   7,843898 ;   80,77
1136,56 ; 300,06 ;   7,652694 ;   78,18
1138,59 ; 300,01 ;   7,943664 ;   81,59
1140,63 ; 300,02 ;   8,828239 ;   90,28
1142,66 ; 299,98 ;   7,956403 ;   81,03
1144,69 ; 299,96 ;   8,532109 ;   87,14
1146,73 ; 299,99 ;   8,432325 ;   86,30
1148,76 ; 299,97 ;   7,551724 ;   77,91
1150,79 ; 299,99 ;   8,432904 ;   86,21
1152,83 ; 300,02 ;   7,756428 ;   79,06
1154,86 ; 299,99 ;   7,655257 ;   78,76
1156,89 ; 299,95 ;   8,335355 ;   85,92
1158,93 ; 300,02 ;   8,733813 ;   89,94
1160,96 ; 300,03 ;   6,978113 ;   71,91
1162,99 ; 300,04 ;   7,757334 ;   79,71
1165,03 ; 300,03 ;   7,853320 ;   80,75
1167,06 ; 299,95 ;   8,158989 ;   83,13
1169,09 ; 299,98 ;   9,338139 ;   95,64
1171,12 ; 300,04 ;   7,476849 ;   76,87
1173,16 ; 300,03 ;   7,182378 ;   73,89
1175,19 ; 299,99 ;   8,169153 ;   83,13
1177,22 ; 299,97 ;   8,667137 ;   88,19
1179,26 ; 299,99 ;   8,466195 ;   86,20
1181,29 ; 300,03 ;   7,774015 ;   79,05
1183,32 ; 299,98 ;   7,479961 ;   76,27
1185,36 ; 300,03 ;   8,765639 ;   89,44
1187,39 ; 300,04 ;   7,384436 ;   75,13
1189,42 ; 300,04 ;   7,885978 ;   80,73
1191,46 ; 299,99 ;   7,979894 ;   81,87
1193,49 ; 300,02 ;   8,758576 ;   89,31
1195,52 ; 300,01 ;   7,687503 ;   78,73
1197,56 ; 300,05 ;   8,175657 ;   83,40
1199,59 ; 300,02 ;   7,296379 ;   74,80
1201,62 ; 300,06 ;   8,570746 ;   87,86
1203,66 ; 299,97 ;   7,292457 ;   74,68
1205,69 ; 299,98 ;   9,454330 ;   96,43
1207,72 ; 299,96 ;   7,884994 ;   80,24
1209,76 ; 300,08 ;   8,472640 ;   86,25
1211,79 ; 300,02 ;   6,309005 ;   64,19
1213,82 ; 300,09 ;   8,959455 ;   91,27
1215,86 ; 300,05 ;   6,890202 ;   70,93
1217,89 ; 300,10 ;   8,474109 ;   86,17
1219,92 ; 300,10 ;   7,299639 ;   74,12
1221,95 ; 300,03 ;   7,882177 ;   80,96
1223,99 ; 300,05 ;   9,069715 ;   92,12
1226,02 ; 299,99 ;   7,682815 ;   78,09
1228,05 ; 300,06 ;   8,971511 ;   91,45
1230,09 ; 300,06 ;   7,011339 ;   71,13
1232,12 ; 300,09 ;   7,986256 ;   81,39
1234,15 ; 300,02 ;   7,592252 ;   77,65
1236,19 ; 300,02 ;   9,062690 ;   92,24
1238,22 ; 300,08 ;   7,986168 ;   81,95
1240,25 ; 300,05 ;   7,098528 ;   72,01
1242,29 ; 300,04 ;   8,287064 ;   84,86
1244,32 ; 300,06 ;   8,187646 ;   83,90
1246,35 ; 300,03 ;   7,587445 ;   77,88
1248,39 ; 300,02 ;   8,478323 ;   86,26
1250,42 ; 300,08 ;   8,287311 ;   84,16
1252,45 ; 300,08 ;   7,008086 ;   71,94
1254,49 ; 300,06 ;   7,991722 ;   81,06
1256,52 ; 299,99 ;   8,195962 ;   83,52
1258,55 ; 300,08 ;   9,085991 ;   92,41
1260,58 ; 299,99 ;   6,719511 ;   68,45
1262,62 ; 300,14 ;   9,285827 ;   94,68
1264,65 ; 300,13 ;   5,729363 ;   58,50
1266,68 ; 300,06 ;   8,098877 ;   82,66
1268,72 ; 300,05 ;   8,886257 ;   90,28
1270,75 ; 300,09 ;   8,099549 ;   82,37
1272,78 ; 300,05 ;   7,505145 ;   76,24
1274,82 ; 300,01 ;   8,390451 ;   85,76
1276,85 ; 300,02 ;   8,694016 ;   88,63
1278,88 ; 300,09 ;   7,898717 ;   80,53
1280,92 ; 300,03 ;   6,918796 ;   70,48
1282,95 ; 300,02 ;   8,793295 ;   89,44
1284,98 ; 299,97 ;   8,192525 ;   83,92
1287,02 ; 300,05 ;   8,795476 ;   89,08
1289,05 ; 299,98 ;   6,721119 ;   68,56
1291,08 ; 300,12 ;   9,088345 ;   92,31
1293,12 ; 300,08 ;   5,929969 ;   60,90
1295,15 ; 300,05 ;   8,481479 ;   86,52
1297,18 ; 300,02 ;   8,290986 ;   84,51
1299,22 ; 300,02 ;   8,593652 ;   87,28
1301,25 ; 300,09 ;   8,000185 ;   81,56
1303,28 ; 299,96 ;   6,909798 ;   70,38
1305,31 ; 300,06 ;   9,875367 ;  100,52
1307,35 ; 300,03 ;   6,530940 ;   66,09
1309,38 ; 300,04 ;   8,393332 ;   85,90
1311,41 ; 299,98 ;   7,909697 ;   80,08
1313,45 ; 300,04 ;   8,798147 ;   89,92
1315,48 ; 300,05 ;   7,218704 ;   73,22
1317,51 ; 300,04 ;   7,712002 ;   78,72
1319,55 ; 300,06 ;   8,208871 ;   83,48
1321,58 ; 299,99 ;   7,623214 ;   77,45
1323,61 ; 300,04 ;   9,100069 ;   92,05
1325,65 ; 299,99 ;   7,330128 ;   74,31
1327,68 ; 300,02 ;   8,716028 ;   88,61
1329,71 ; 300,04 ;   7,723864 ;   78,03
1331,75 ; 300,12 ;   7,623805 ;   77,73
1333,78 ; 299,99 ;   6,740914 ;   68,72
1335,81 ; 299,92 ;   9,896777 ;  100,01
1337,85 ; 300,01 ;   9,111414 ;   92,90
1339,88 ; 300,04 ;   6,737769 ;   68,97
1341,91 ; 300,03 ;   7,525840 ;   76,56
1343,95 ; 300,05 ;   8,113508 ;   82,37
1345,98 ; 300,01 ;   7,623622 ;   77,49
1348,01 ; 300,08 ;   8,717305 ;   88,37
1350,04 ; 300,12 ;   6,939988 ;   70,32
1352,08 ; 300,08 ;   7,324840 ;   74,37
1354,11 ; 300,06 ;   8,527667 ;   86,28
1356,14 ; 300,10 ;   8,228197 ;   83,02
1358,18 ; 300,05 ;   7,343783 ;   74,51
1360,21 ; 300,03 ;   8,631462 ;   87,66
1362,24 ; 300,04 ;   8,335286 ;   84,51
1364,28 ; 300,06 ;   7,833099 ;   79,83
1366,31 ; 300,04 ;   7,647656 ;   77,23
1368,34 ; 300,05 ;   8,328849 ;   84,37
1370,38 ; 300,08 ;   7,746742 ;   78,45
1372,41 ; 300,10 ;   7,552673 ;   76,99
1374,44 ; 300,01 ;   7,543398 ;   76,68
1376,48 ; 300,04 ;   9,327295 ;   94,99
1378,51 ; 300,01 ;   7,545432 ;   76,30
1380,54 ; 300,09 ;   8,447161 ;   85,83
1382,58 ; 300,06 ;   6,754861 ;   68,83
1384,61 ; 300,10 ;   8,233547 ;   83,97
1386,64 ; 300,04 ;   7,343940 ;   74,31
1388,67 ; 300,03 ;   8,836081 ;   89,94
1390,71 ; 300,09 ;   8,147191 ;   82,03
1392,74 ; 300,03 ;   7,154351 ;   72,18
1394,77 ; 300,05 ;   8,745928 ;   88,86
1396,81 ; 300,05 ;   7,654091 ;   77,12
1398,84 ; 300,08 ;   7,947066 ;   80,54
1400,87 ; 300,03 ;   7,552672 ;   76,79
1402,91 ; 300,10 ;   8,649514 ;   87,66
1404,94 ; 300,04 ;   6,859904 ;   69,61
1406,97 ; 300,03 ;   8,842410 ;   89,82
1409,01 ; 300,04 ;   8,059173 ;   81,90
1411,04 ; 300,05 ;   7,857265 ;   79,51
1413,07 ; 299,99 ;   7,754903 ;   78,16
1415,11 ; 300,08 ;   8,945199 ;   90,37
1417,14 ; 300,03 ;   6,660552 ;   67,56
1419,17 ; 300,10 ;   8,640123 ;   87,57
1421,21 ; 300,03 ;   6,862284 ;   69,51
1423,24 ; 299,97 ;   8,943598 ;   90,96
1425,27 ; 300,03 ;   8,951351 ;   90,61
1427,30 ; 300,01 ;   7,057236 ;   71,53
1429,34 ; 300,06 ;   8,355066 ;   84,40
1431,37 ; 300,09 ;   7,165207 ;   72,26
1433,40 ; 300,01 ;   7,554171 ;   76,52
1435,44 ; 300,16 ;   9,146044 ;   92,36
1437,47 ; 300,06 ;   5,563598 ;   56,08
1439,50 ; 300,03 ;   9,439268 ;   95,04
1441,54 ; 300,06 ;   8,448138 ;   85,14
1443,57 ; 300,14 ;   7,461592 ;   75,59
1445,60 ; 300,06 ;   6,660309 ;   67,72
1447,64 ; 300,02 ;   9,046159 ;   91,54
1449,67 ; 300,08 ;   8,652194 ;   87,55
1451,70 ; 300,04 ;   6,966175 ;   70,75
1453,74 ; 300,13 ;   8,548020 ;   86,09
1455,77 ; 300,03 ;   6,561953 ;   66,69
1457,80 ; 300,13 ;   9,343972 ;   94,15
1459,84 ; 300,04 ;   6,470296 ;   65,50
1461,87 ; 300,08 ;   9,143528 ;   92,86
1463,90 ; 300,03 ;   7,365117 ;   74,06
1465,93 ; 300,12 ;   8,656251 ;   87,22
1467,97 ; 300,08 ;   6,574517 ;   66,68
1470,00 ; 300,13 ;   8,461125 ;   85,44
1472,03 ; 300,13 ;   7,171600 ;   72,24
1474,07 ; 300,04 ;   7,864600 ;   79,07
1476,10 ; 300,10 ;   9,153274 ;   92,72
1478,13 ; 300,02 ;   6,971498 ;   70,19
1480,17 ; 300,06 ;   9,156334 ;   92,97
1482,20 ; 300,04 ;   7,168500 ;   72,94
1484,23 ; 299,99 ;   8,264667 ;   83,51
1486,27 ; 300,08 ;   8,662047 ;   87,53
1488,30 ; 300,02 ;   6,575588 ;   66,99
1490,33 ; 300,01 ;   8,854939 ;   89,49
1492,37 ; 300,08 ;   8,060795 ;   81,59
1494,40 ; 300,03 ;   6,869788 ;   69,25
1496,43 ; 300,02 ;   8,561084 ;   86,98
1498,47 ; 300,13 ;   8,171527 ;   82,60
1500,50 ; 299,96 ;   6,177581 ;   62,91
1502,53 ; 300,05 ;   10,355276 ;  104,98
1504,56 ; 300,02 ;   6,575167 ;   66,08
1506,60 ; 300,04 ;   8,463977 ;   86,00
1508,63 ; 300,06 ;   7,562416 ;   76,55
1510,66 ; 300,12 ;   7,567394 ;   76,24
1512,70 ; 300,04 ;   6,972031 ;   70,95
1514,73 ; 300,04 ;   9,064352 ;   91,35
1516,76 ; 299,96 ;   7,865878 ;   79,91
1518,80 ; 300,03 ;   9,157801 ;   92,33
1520,83 ; 300,02 ;   6,879504 ;   69,73
1522,86 ; 300,05 ;   8,171926 ;   82,49
1524,90 ; 299,99 ;   7,274377 ;   73,98
1526,93 ; 300,02 ;   8,869943 ;   89,62
1528,96 ; 300,06 ;   7,569733 ;   76,76
1531,00 ; 300,01 ;   7,174949 ;   72,72
1533,03 ; 300,02 ;   8,769085 ;   88,26
1535,06 ; 300,05 ;   7,866667 ;   79,02
1537,10 ; 299,97 ;   7,275445 ;   73,95
1539,13 ; 300,06 ;   9,259122 ;   93,32
1541,16 ; 299,97 ;   6,474407 ;   65,84
1543,20 ; 299,99 ;   9,360838 ;   94,45
1545,23 ; 299,99 ;   7,663350 ;   77,02
1547,26 ; 300,03 ;   7,975915 ;   80,45
1549,29 ; 300,03 ;   7,376469 ;   74,24
1551,33 ; 300,02 ;   7,867631 ;   79,94
1553,36 ; 299,99 ;   8,170788 ;   82,42
1555,39 ; 300,04 ;   8,264087 ;   83,86
1557,43 ; 299,99 ;   7,175522 ;   72,98
1559,46 ; 300,03 ;   8,659921 ;   87,28
1561,49 ; 300,10 ;   7,371631 ;   74,21
1563,53 ; 300,14 ;   6,772286 ;   68,73
1565,56 ; 300,04 ;   7,166189 ;   72,78
1567,59 ; 300,06 ;   9,357592 ;   94,62
1569,63 ; 299,99 ;   7,567108 ;   76,02
1571,66 ; 299,97 ;   8,965130 ;   90,62
1573,69 ; 300,01 ;   8,361732 ;   84,06
1575,73 ; 299,95 ;   7,376267 ;   74,42
1577,76 ; 300,04 ;   8,966094 ;   90,07
1579,79 ; 299,95 ;   6,576249 ;   66,03
1581,83 ; 299,99 ;   9,361776 ;   94,66
1583,86 ; 299,95 ;   7,277090 ;   73,49
1585,89 ; 299,97 ;   8,670747 ;   87,81
1587,92 ; 299,98 ;   7,673728 ;   77,24
1589,96 ; 299,94 ;   7,774912 ;   78,19
1591,99 ; 299,97 ;   8,663804 ;   87,94
1594,02 ; 299,95 ;   7,581246 ;   76,12
1596,06 ; 300,09 ;   8,367249 ;   84,43
1598,09 ; 299,99 ;   5,782805 ;   58,65
1600,12 ; 299,99 ;   9,373300 ;   94,12
1602,16 ; 300,04 ;   7,979989 ;   80,40
1604,19 ; 300,12 ;   7,174743 ;   72,94
1606,22 ; 300,04 ;   6,677311 ;   67,36
1608,26 ; 299,96 ;   9,073190 ;   91,20
1610,29 ; 299,95 ;   9,162167 ;   92,18
1612,32 ; 300,04 ;   8,276646 ;   83,25
1614,36 ; 299,98 ;   6,586704 ;   66,06
1616,39 ; 300,02 ;   8,774736 ;   88,47
1618,42 ; 300,01 ;   7,481549 ;   75,50
1620,45 ; 300,04 ;   8,074917 ;   81,31
1622,49 ; 300,04 ;   7,481371 ;   75,19
1624,52 ; 300,04 ;   7,880664 ;   79,76
1626,55 ; 300,02 ;   7,879450 ;   79,75
1628,59 ; 300,08 ;   8,277087 ;   83,47
1630,62 ; 300,03 ;   6,984046 ;   70,09
1632,65 ; 300,08 ;   8,581158 ;   86,67
1634,69 ; 300,10 ;   7,176277 ;   72,35
1636,72 ; 300,04 ;   7,480080 ;   75,46
1638,75 ; 300,03 ;   8,775814 ;   88,80
1640,79 ; 300,01 ;   7,979793 ;   80,89
1642,82 ; 300,08 ;   8,278222 ;   83,47
1644,85 ; 300,05 ;   6,787302 ;   68,85
1646,89 ; 299,99 ;   8,173819 ;   82,85
1648,92 ; 299,94 ;   8,876993 ;   89,35
1650,95 ; 300,12 ;   8,774518 ;   88,90
1652,99 ; 300,06 ;   5,190706 ;   52,32
1655,02 ; 300,08 ;   8,681220 ;   87,29
1657,05 ; 300,08 ;   7,581338 ;   76,79
1659,08 ; 300,08 ;   7,878014 ;   79,06
1661,12 ; 300,08 ;   7,877321 ;   79,04
1663,15 ; 300,12 ;   7,878232 ;   79,02
1665,18 ; 300,08 ;   7,176960 ;   72,78
1667,22 ; 300,04 ;   8,379711 ;   84,68
1669,25 ; 300,06 ;   8,477758 ;   85,17
1671,28 ; 300,04 ;   7,482956 ;   75,71
1673,32 ; 300,06 ;   8,184060 ;   82,85
1675,35 ; 300,05 ;   7,483503 ;   75,68
1677,38 ; 299,99 ;   7,980128 ;   80,34
1679,42 ; 300,03 ;   8,879922 ;   89,12
1681,45 ; 300,12 ;   7,290977 ;   73,76
1683,48 ; 299,98 ;   6,486746 ;   65,81
1685,52 ; 300,06 ;   9,877544 ;   99,48
1687,55 ; 300,03 ;   6,688506 ;   67,62
1689,58 ; 300,04 ;   8,380004 ;   84,01
1691,61 ; 299,99 ;   7,789839 ;   78,18
1693,65 ; 300,04 ;   8,581682 ;   86,77
1695,68 ; 299,98 ;   7,188385 ;   72,46
1697,71 ; 299,95 ;   8,784545 ;   88,00
1699,75 ; 299,97 ;   8,582610 ;   86,22
1701,78 ; 300,02 ;   7,586170 ;   76,79
1703,81 ; 299,99 ;   7,181555 ;   72,78
1705,85 ; 300,04 ;   8,280251 ;   83,36
1707,88 ; 299,96 ;   7,190713 ;   72,47
1709,91 ; 300,10 ;   9,084180 ;   91,75
1711,95 ; 300,04 ;   5,684549 ;   57,97
1713,98 ; 300,01 ;   8,779340 ;   88,45
1716,01 ; 300,03 ;   8,384802 ;   84,27
1718,05 ; 300,09 ;   7,487070 ;   75,96
1720,08 ; 300,08 ;   6,986902 ;   70,69
1722,11 ; 300,01 ;   7,885118 ;   79,91
1724,15 ; 299,98 ;   8,883809 ;   89,93
1726,18 ; 300,01 ;   8,285505 ;   83,37
1728,21 ; 300,10 ;   7,589431 ;   76,21
1730,24 ; 300,01 ;   6,389148 ;   64,74
1732,28 ; 300,08 ;   9,283980 ;   93,33
1734,31 ; 299,94 ;   6,787639 ;   68,42
1736,34 ; 300,08 ;   10,077735 ;  101,06
1738,38 ; 300,03 ;   5,788057 ;   58,14
1740,41 ; 299,98 ;   8,580720 ;   86,15
1742,44 ; 300,03 ;   8,588953 ;   86,74
1744,48 ; 300,03 ;   7,185843 ;   72,43
1746,51 ; 300,05 ;   7,884506 ;   79,28
1748,54 ; 300,01 ;   7,481100 ;   75,55
1750,58 ; 300,06 ;   8,582511 ;   86,42
1752,61 ; 300,05 ;   6,990758 ;   70,86
1754,64 ; 300,08 ;   7,988950 ;   80,09
1756,68 ; 299,96 ;   7,489633 ;   75,20
1758,71 ; 299,97 ;   9,679034 ;   97,24
1760,74 ; 300,03 ;   7,786806 ;   78,87
1762,78 ; 300,02 ;   6,987802 ;   70,08
1764,81 ; 300,09 ;   8,080455 ;   81,70
1766,84 ; 299,89 ;   6,789368 ;   68,23
1768,87 ; 299,95 ;   10,881664 ;  109,58
1770,91 ; 299,99 ;   7,184525 ;   72,32
1772,94 ; 299,97 ;   7,185479 ;   72,88
1774,97 ; 299,99 ;   8,284001 ;   83,46
1777,01 ; 299,94 ;   7,582735 ;   76,31
1779,04 ; 300,08 ;   8,782691 ;   88,44
1781,07 ; 299,99 ;   5,794635 ;   58,07
1783,11 ; 299,97 ;   9,183827 ;   92,31
1785,14 ; 300,02 ;   8,286685 ;   83,47
1787,17 ; 300,05 ;   7,189361 ;   72,59
1789,21 ; 300,01 ;   7,284371 ;   73,24
1791,24 ; 300,02 ;   8,585070 ;   86,39
1793,27 ; 300,02 ;   7,782247 ;   78,29
1795,31 ; 299,97 ;   7,885747 ;   79,43
1797,34 ; 299,97 ;   8,580622 ;   86,88
1799,37 ; 299,99 ;   7,986527 ;   80,03
1801,40 ; 299,96 ;   7,581055 ;   76,31
1803,44 ; 299,98 ;   8,381641 ;   84,71
1805,47 ; 300,12 ;   7,582069 ;   76,42
1807,50 ; 300,03 ;   5,788197 ;   58,72
1809,54 ; 300,08 ;   9,079253 ;   91,80
1811,57 ; 300,02 ;   7,085151 ;   71,76
1813,60 ; 299,98 ;   8,786983 ;   88,54
1815,64 ; 299,99 ;   8,379066 ;   84,36
1817,67 ; 300,01 ;   7,789129 ;   78,55
1819,70 ; 300,09 ;   7,684335 ;   77,21
1821,74 ; 299,99 ;   6,695473 ;   67,06
1823,77 ; 300,01 ;   9,282454 ;   93,39
1825,80 ; 300,03 ;   7,686496 ;   77,19
1827,84 ; 300,04 ;   7,481970 ;   75,74
1829,87 ; 299,99 ;   7,685275 ;   77,93
1831,90 ; 299,91 ;   8,581002 ;   86,51
1833,94 ; 299,96 ;   9,184423 ;   92,09
1835,97 ; 300,03 ;   7,285484 ;   73,22
1838,00 ; 300,05 ;   6,788398 ;   68,91
1840,04 ; 299,96 ;   7,491025 ;   75,45
1842,07 ; 299,99 ;   9,285513 ;   93,78
1844,10 ; 300,02 ;   7,490818 ;   75,10
1846,13 ; 299,99 ;   7,489626 ;   75,95
1848,17 ; 300,01 ;   8,277654 ;   83,11
1850,20 ; 300,05 ;   7,686940 ;   77,19
1852,23 ; 300,01 ;   7,185057 ;   72,02
1854,27 ; 299,97 ;   8,583315 ;   86,32
1856,30 ; 300,06 ;   8,484101 ;   85,68
1858,33 ; 299,95 ;   6,492132 ;   65,05
1860,37 ; 300,09 ;   9,684158 ;   97,39
1862,40 ; 299,98 ;   5,686833 ;   57,89
1864,43 ; 300,03 ;   9,378070 ;   94,61
1866,47 ; 299,96 ;   7,184324 ;   72,29
1868,50 ; 299,99 ;   8,981988 ;   90,33
1870,53 ; 299,96 ;   7,483471 ;   75,08
1872,57 ; 299,99 ;   8,389330 ;   84,62
1874,60 ; 299,99 ;   7,493789 ;   75,09
1876,63 ; 300,02 ;   7,880176 ;   79,66
1878,66 ; 300,10 ;   7,490390 ;   75,94
1880,70 ; 300,01 ;   6,492037 ;   65,69
1882,73 ; 300,05 ;   9,277518 ;   93,15
1884,76 ; 300,01 ;   7,093476 ;   71,98
1886,80 ; 300,09 ;   8,583796 ;   86,28
1888,83 ; 300,02 ;   6,593865 ;   66,99
1890,86 ; 300,03 ;   8,880480 ;   89,58
1892,90 ; 300,12 ;   7,590880 ;   76,81
1894,93 ; 300,06 ;   6,492728 ;   65,42
1896,96 ; 299,95 ;   8,584121 ;   86,66
1899,00 ; 300,05 ;   9,685363 ;   97,28
1901,03 ; 300,03 ;   6,196983 ;   62,75
1903,06 ; 300,05 ;   8,184381 ;   82,47
1905,10 ; 299,96 ;   7,483539 ;   75,30
1907,13 ; 299,96 ;   9,285326 ;   93,63
1909,16 ; 300,01 ;   7,889554 ;   79,93
1911,20 ; 299,96 ;   7,196105 ;   72,48
1913,23 ; 300,02 ;   8,585697 ;   86,79
1915,26 ; 300,04 ;   7,095168 ;   71,24
1917,29 ; 300,02 ;   7,491005 ;   75,52
1919,33 ; 300,08 ;   8,184589 ;   82,66
1921,36 ; 299,94 ;   6,881022 ;   69,28
1923,39 ; 300,01 ;   9,980325 ;  100,77
1925,43 ; 300,04 ;   6,890073 ;   69,03
1927,46 ; 299,95 ;   7,383835 ;   74,35
1929,49 ; 300,03 ;   9,285038 ;   93,83
1931,53 ; 299,98 ;   6,585582 ;   66,46
1933,56 ; 299,99 ;   8,590610 ;   86,48
1935,59 ; 299,99 ;   7,787230 ;   78,38
1937,63 ; 299,99 ;   7,890381 ;   79,52
1939,66 ; 300,01 ;   7,890568 ;   79,53
1941,69 ; 300,01 ;   7,685996 ;   77,04
1943,73 ; 299,96 ;   7,888638 ;   79,33
1945,76 ; 299,99 ;   8,583487 ;   86,78
1947,79 ; 300,04 ;   7,391082 ;   74,96
1949,83 ; 300,03 ;   7,186229 ;   72,08
1951,86 ; 299,96 ;   7,981471 ;   80,17
1953,89 ; 300,04 ;   8,978917 ;   90,21
1955,92 ; 300,08 ;   6,687638 ;   67,50
1957,96 ; 300,05 ;   7,188108 ;   72,71
1959,99 ; 300,01 ;   8,184378 ;   82,13
1962,02 ; 299,95 ;   8,581641 ;   86,14
1964,06 ; 300,01 ;   8,882122 ;   89,22
1966,09 ; 299,97 ;   6,993512 ;   70,15
1968,12 ; 299,99 ;   8,491297 ;   85,51
1970,16 ; 299,99 ;   7,585496 ;   76,07
1972,19 ; 299,96 ;   7,888829 ;   79,50
1974,22 ; 299,98 ;   8,390404 ;   84,48
1976,26 ; 300,03 ;   7,585281 ;   76,19
1978,29 ; 300,01 ;   7,195816 ;   72,17
1980,32 ; 299,99 ;   8,187477 ;   82,74
1982,36 ; 300,03 ;   8,083737 ;   81,79
1984,39 ; 300,03 ;   7,289902 ;   73,29
1986,42 ; 300,01 ;   7,890238 ;   79,01
1988,45 ; 300,02 ;   8,188419 ;   82,73
1990,49 ; 300,05 ;   7,786866 ;   78,05
1992,52 ; 300,01 ;   7,195940 ;   72,98
1994,55 ; 299,99 ;   8,582398 ;   86,13
1996,59 ; 300,01 ;   8,084164 ;   81,76
1998,62 ; 300,01 ;   7,586626 ;   76,99
2000,65 ; 300,02 ;   7,889170 ;   79,27
2002,69 ; 300,05 ;   7,790745 ;   78,03
2004,72 ; 299,97 ;   7,196186 ;   72,95
2006,75 ; 299,98 ;   9,183191 ;   92,32
2008,79 ; 300,06 ;   7,687252 ;   77,27
2010,82 ; 300,06 ;   6,687985 ;   67,14
2012,85 ; 299,96 ;   7,787153 ;   78,55
2014,89 ; 299,98 ;   9,389120 ;   94,69
2016,92 ; 299,98 ;   7,593205 ;   76,11
2018,95 ; 300,01 ;   7,881814 ;   79,55
2020,99 ; 299,99 ;   7,492525 ;   75,82
2023,02 ; 299,98 ;   8,083645 ;   81,74
2025,05 ; 300,02 ;   7,991395 ;   80,69
2027,08 ; 300,01 ;   7,380133 ;   74,58
2029,12 ; 300,03 ;   7,983023 ;   80,40
2031,15 ; 300,03 ;   7,493006 ;   75,52
2033,18 ; 300,02 ;   7,788462 ;   78,94
2035,22 ; 299,97 ;   8,083805 ;   81,42
2037,25 ; 300,05 ;   8,585482 ;   86,59
2039,28 ; 299,99 ;   6,595656 ;   66,07
2041,32 ; 299,95 ;   8,779973 ;   88,57
2043,35 ; 299,95 ;   8,592880 ;   86,89
2045,38 ; 299,99 ;   7,993477 ;   80,04
2047,42 ; 300,03 ;   7,196099 ;   72,59
2049,45 ; 299,97 ;   7,291061 ;   73,24
2051,48 ; 299,95 ;   8,788527 ;   88,89
2053,52 ; 299,95 ;   8,288046 ;   83,48
2055,55 ; 299,99 ;   7,983308 ;   80,07
2057,58 ; 300,08 ;   7,190520 ;   72,62
2059,61 ; 300,06 ;   6,494380 ;   65,81
2061,65 ; 300,03 ;   7,992753 ;   80,86
2063,68 ; 300,03 ;   8,287563 ;   83,52
2065,71 ; 300,04 ;   7,788741 ;   78,94
2067,75 ; 299,99 ;   7,687832 ;   77,69
2069,78 ; 300,03 ;   8,586340 ;   86,28
2071,81 ; 300,03 ;   7,291665 ;   73,21
2073,85 ; 299,97 ;   7,796856 ;   78,92
2075,88 ; 299,95 ;   8,788655 ;   88,86
2077,91 ; 299,97 ;   8,288945 ;   83,45
2079,95 ; 300,04 ;   7,586098 ;   76,30
2081,98 ; 300,02 ;   6,788175 ;   68,55
2084,01 ; 300,02 ;   8,185718 ;   82,56
2086,05 ; 300,02 ;   7,882058 ;   79,13
2088,08 ; 300,01 ;   7,889608 ;   79,12
2090,11 ; 300,05 ;   7,983201 ;   80,36
2092,15 ; 300,01 ;   7,085953 ;   71,76
2094,18 ; 299,99 ;   8,586264 ;   86,06
2096,21 ; 300,01 ;   8,083419 ;   81,69
2098,24 ; 300,02 ;   7,585632 ;   76,92
2100,28 ; 300,04 ;   7,693936 ;   77,96
2102,31 ; 299,98 ;   7,484331 ;   75,37
2104,34 ; 300,06 ;   8,687096 ;   87,49
2106,38 ; 299,95 ;   6,696314 ;   67,07
2108,41 ; 299,99 ;   9,674733 ;   97,12
2110,44 ; 299,98 ;   7,189902 ;   72,53
2112,48 ; 300,05 ;   7,991121 ;   80,63
2114,51 ; 300,06 ;   6,790629 ;   68,31
2116,54 ; 299,96 ;   7,695200 ;   77,34
2118,58 ; 300,03 ;   9,380718 ;   94,62
2120,61 ; 299,97 ;   6,789553 ;   68,59
2122,64 ; 299,97 ;   8,777209 ;   88,81
2124,68 ; 300,08 ;   7,890334 ;   79,67
2126,71 ; 299,99 ;   6,199202 ;   62,28
2128,74 ; 300,05 ;   9,088676 ;   91,94
2130,77 ; 299,95 ;   6,890175 ;   69,42
2132,81 ; 299,96 ;   9,490018 ;   95,95
2134,84 ; 299,99 ;   7,694806 ;   77,48
2136,87 ; 299,99 ;   7,385539 ;   74,80
2138,91 ; 299,95 ;   7,880240 ;   79,38
2140,94 ; 299,97 ;   8,578999 ;   86,84
2142,97 ; 299,90 ;   7,583849 ;   76,26
2145,01 ; 299,94 ;   8,985756 ;   90,89
2147,04 ; 299,91 ;   7,388220 ;   74,41
2149,07 ; 299,95 ;   8,286936 ;   83,87
2151,11 ; 299,99 ;   7,490656 ;   75,49
2153,14 ; 299,97 ;   7,182120 ;   72,62
2155,17 ; 299,98 ;   8,286365 ;   83,21
2157,21 ; 300,01 ;   7,683753 ;   77,30
2159,24 ; 300,02 ;   7,489456 ;   75,86
2161,27 ; 299,96 ;   7,784275 ;   78,05
2163,31 ; 300,01 ;   8,679524 ;   87,88
2165,34 ; 300,03 ;   7,185014 ;   72,44
2167,37 ; 299,99 ;   7,489938 ;   75,56
2169,41 ; 299,91 ;   8,476265 ;   85,20
2171,44 ; 300,01 ;   9,077604 ;   91,92
2173,47 ; 300,01 ;   6,489939 ;   65,59
2175,50 ; 300,03 ;   7,885490 ;   79,31
2177,54 ; 300,03 ;   7,479831 ;   75,58
2179,57 ; 299,90 ;   7,786531 ;   79,00
2181,60 ; 299,98 ;   9,977920 ;  100,12
2183,64 ; 300,03 ;   6,684936 ;   67,04
2185,67 ; 299,96 ;   7,182443 ;   72,16
2187,70 ; 300,03 ;   8,986632 ;   90,19
2189,74 ; 300,03 ;   6,795708 ;   68,73
2191,77 ; 300,08 ;   7,887221 ;   79,02
2193,80 ; 300,01 ;   7,081598 ;   71,55
2195,84 ; 299,98 ;   8,887330 ;   89,58
2197,87 ; 299,95 ;   8,293060 ;   83,01
2199,90 ; 300,04 ;   8,489068 ;   85,80
2201,93 ; 299,99 ;   6,492954 ;   65,18
2203,97 ; 300,01 ;   8,588754 ;   86,35
2206,00 ; 300,08 ;   7,695011 ;   77,01
2208,03 ; 300,03 ;   6,797952 ;   68,10
2210,07 ; 300,03 ;   8,489200 ;   85,83
2212,10 ; 299,95 ;   7,786958 ;   78,97
2214,13 ; 300,03 ;   9,183007 ;   92,63
2216,17 ; 299,96 ;   6,594547 ;   66,40
2218,20 ; 300,10 ;   8,989859 ;   90,15
2220,23 ; 299,96 ;   5,688441 ;   57,51
2222,27 ; 300,02 ;   9,979895 ;  100,42
2224,30 ; 299,98 ;   7,093295 ;   71,15
2226,33 ; 299,96 ;   8,388728 ;   84,12
2228,37 ; 300,01 ;   8,285613 ;   83,28
2230,40 ; 300,03 ;   7,187036 ;   72,41
2232,43 ; 299,95 ;   7,492328 ;   75,54
2234,47 ; 300,08 ;   9,184476 ;   92,62
2236,50 ; 300,02 ;   5,790666 ;   58,93
2238,53 ; 300,02 ;   8,779624 ;   88,29
2240,56 ; 300,04 ;   7,888452 ;   79,15
2242,60 ; 300,02 ;   7,493494 ;   75,41
2244,63 ; 299,98 ;   8,185573 ;   82,56
2246,66 ; 300,12 ;   8,379207 ;   84,10
2248,70 ; 300,12 ;   5,793240 ;   58,39
2250,73 ; 300,03 ;   7,687476 ;   77,81
2252,76 ; 300,02 ;   9,089776 ;   91,45
2254,80 ; 299,99 ;   8,083218 ;   81,35
2256,83 ; 300,02 ;   8,187118 ;   82,79
2258,86 ; 300,01 ;   7,482368 ;   75,63
2260,90 ; 299,88 ;   7,979652 ;   80,30
2262,93 ; 299,80 ;   9,976319 ;  100,28
2264,96 ; 299,82 ;   9,272017 ;   93,32
2267,00 ; 299,78 ;   7,783470 ;   78,20
2269,03 ; 299,74 ;   8,682651 ;   87,89
2271,06 ; 299,64 ;   8,783374 ;   88,45
2273,10 ; 299,63 ;   9,780104 ;   98,95
2275,13 ; 299,66 ;   8,580878 ;   86,67
2277,16 ; 299,62 ;   7,785686 ;   78,26
2279,19 ; 299,67 ;   9,080297 ;   91,52
2281,23 ; 299,64 ;   7,582222 ;   76,06
2283,26 ; 299,73 ;   8,883727 ;   89,12
2285,29 ; 299,85 ;   6,891001 ;   69,73
2287,33 ; 299,77 ;   6,389519 ;   64,86
2289,36 ; 299,84 ;   9,476642 ;   95,72
2291,39 ; 299,87 ;   6,980449 ;   70,78
