Tempo total (s) ;Temperatura (ºC) ; Potencia atual (W) ; Saida
P:  12.00 I: 119.90 D:  29.90 Tensão:5.236 V
2,03 ; 300,16 ;   9,377777 ;   94,27
4,07 ; 300,18 ;   8,661481 ;   87,15
6,10 ; 300,18 ;   8,589872 ;   86,93
8,13 ; 300,26 ;   8,885553 ;   89,65
10,17 ; 300,28 ;   7,392292 ;   74,87
12,20 ; 300,20 ;   8,373151 ;   84,19
14,23 ; 300,24 ;   10,291478 ;  103,00
16,27 ; 300,18 ;   8,097986 ;   81,81
18,30 ; 300,22 ;   9,995146 ;  100,44
20,33 ; 300,23 ;   8,216048 ;   82,01
22,37 ; 300,23 ;   8,499668 ;   85,91
24,40 ; 300,22 ;   8,802583 ;   88,62
26,43 ; 300,22 ;   9,107487 ;   91,52
28,47 ; 300,20 ;   8,729810 ;   88,72
30,50 ; 300,27 ;   9,255750 ;   93,09
32,53 ; 300,31 ;   7,478663 ;   75,66
34,57 ; 300,23 ;   7,858050 ;   79,16
36,60 ; 300,17 ;   10,153408 ;  102,11
38,63 ; 300,27 ;   9,977345 ;  100,08
40,67 ; 300,23 ;   7,091642 ;   71,32
42,70 ; 300,29 ;   9,259543 ;   93,70
44,73 ; 300,22 ;   7,685158 ;   77,82
46,77 ; 300,14 ;   9,957954 ;  100,68
48,80 ; 300,23 ;   10,188407 ;  102,96
50,83 ; 300,20 ;   7,101555 ;   71,46
52,87 ; 300,18 ;   9,263353 ;   93,86
54,90 ; 300,15 ;   9,193324 ;   92,72
56,93 ; 300,28 ;   9,391207 ;   94,45
58,97 ; 300,30 ;   6,293539 ;   63,84
61,00 ; 300,20 ;   8,172414 ;   82,80
63,03 ; 300,20 ;   10,578039 ;  106,05
65,07 ; 300,17 ;   8,785554 ;   88,07
67,10 ; 300,26 ;   9,293453 ;   93,93
69,13 ; 300,23 ;   7,198039 ;   72,15
71,17 ; 300,17 ;   9,068906 ;   91,70
73,20 ; 300,18 ;   9,871562 ;   99,30
75,23 ; 300,24 ;   8,589282 ;   86,77
77,27 ; 300,27 ;   7,585616 ;   76,32
79,30 ; 300,27 ;   8,188239 ;   82,88
81,33 ; 300,22 ;   8,588736 ;   86,96
83,37 ; 300,22 ;   9,475752 ;   95,75
85,40 ; 300,16 ;   8,693155 ;   87,43
87,43 ; 300,28 ;   9,686494 ;   97,71
89,47 ; 300,10 ;   6,499420 ;   65,91
91,50 ; 300,23 ;   11,959428 ;  120,42
93,53 ; 300,16 ;   6,279814 ;   63,65
95,57 ; 300,20 ;   9,986205 ;  100,31
97,60 ; 300,15 ;   8,097272 ;   81,97
99,63 ; 300,16 ;   9,596241 ;   96,29
101,67 ; 300,16 ;   8,501429 ;   85,03
103,70 ; 300,16 ;   8,695309 ;   87,76
105,73 ; 300,16 ;   8,707006 ;   87,73
107,77 ; 300,17 ;   8,708428 ;   87,69
109,80 ; 300,17 ;   8,603661 ;   86,18
111,83 ; 300,20 ;   8,708192 ;   87,53
113,87 ; 300,17 ;   8,310709 ;   83,07
115,90 ; 300,17 ;   9,101145 ;   91,59
117,93 ; 300,22 ;   8,718071 ;   87,42
119,97 ; 300,24 ;   7,812246 ;   78,54
122,00 ; 300,20 ;   8,209407 ;   82,34
124,03 ; 300,22 ;   9,312946 ;   93,80
126,07 ; 300,17 ;   8,308672 ;   83,92
128,10 ; 300,17 ;   9,515912 ;   95,48
130,13 ; 300,27 ;   8,708826 ;   87,17
132,17 ; 300,18 ;   6,916570 ;   69,45
134,20 ; 300,31 ;   10,211308 ;  102,16
136,23 ; 300,27 ;   6,111413 ;   61,90
138,27 ; 300,29 ;   9,413021 ;   94,10
140,30 ; 300,27 ;   8,116274 ;   81,36
142,33 ; 300,27 ;   8,911328 ;   89,86
144,37 ; 300,26 ;   8,511633 ;   85,67
146,40 ; 300,20 ;   8,723408 ;   87,09
148,43 ; 300,24 ;   9,718058 ;   97,45
150,47 ; 300,17 ;   7,716298 ;   77,54
152,50 ; 300,16 ;   9,922590 ;   99,03
154,53 ; 300,15 ;   8,823625 ;   88,06
156,57 ; 300,20 ;   8,926547 ;   89,59
158,60 ; 300,17 ;   7,719924 ;   77,96
160,63 ; 300,20 ;   9,027113 ;   90,62
162,67 ; 300,20 ;   8,221428 ;   82,02
164,70 ; 300,16 ;   8,427120 ;   84,64
166,73 ; 300,18 ;   9,325461 ;   93,35
168,77 ; 300,20 ;   8,323882 ;   83,48
170,80 ; 300,16 ;   8,120624 ;   81,77
172,83 ; 300,22 ;   9,327544 ;   93,24
174,87 ; 300,12 ;   7,525814 ;   75,99
176,90 ; 300,20 ;   10,424543 ;  104,76
178,93 ; 300,23 ;   7,019378 ;   70,60
180,97 ; 300,26 ;   7,924201 ;   79,83
183,00 ; 300,27 ;   8,019981 ;   80,88
185,03 ; 300,26 ;   8,328092 ;   83,49
187,07 ; 300,24 ;   8,622125 ;   86,28
189,10 ; 300,28 ;   8,727991 ;   87,80
191,13 ; 300,20 ;   7,719553 ;   77,62
193,17 ; 300,27 ;   9,925093 ;   99,20
195,20 ; 300,16 ;   7,313786 ;   73,58
197,23 ; 300,26 ;   10,323266 ;  103,71
199,27 ; 300,20 ;   6,815136 ;   68,07
201,30 ; 300,20 ;   9,622823 ;   96,35
203,33 ; 300,24 ;   8,505197 ;   85,29
205,37 ; 300,17 ;   7,569334 ;   76,40
207,40 ; 300,14 ;   9,673441 ;   97,90
209,43 ; 300,17 ;   9,082125 ;   91,34
211,47 ; 300,14 ;   7,889913 ;   79,91
213,50 ; 300,17 ;   9,097097 ;   91,28
215,53 ; 300,18 ;   7,897490 ;   79,85
217,57 ; 300,17 ;   8,295652 ;   83,85
219,60 ; 300,17 ;   8,592911 ;   86,67
221,63 ; 300,08 ;   8,504262 ;   85,25
223,67 ; 300,15 ;   10,200698 ;  102,91
225,70 ; 300,13 ;   7,301764 ;   73,08
227,73 ; 300,17 ;   8,882301 ;   89,88
229,77 ; 300,18 ;   7,580324 ;   76,87
231,80 ; 300,16 ;   8,290998 ;   83,64
233,83 ; 300,13 ;   8,681667 ;   87,93
235,87 ; 300,09 ;   9,190747 ;   92,50
237,90 ; 300,15 ;   9,196422 ;   92,95
239,93 ; 300,20 ;   7,403736 ;   74,25
241,97 ; 300,14 ;   7,596442 ;   76,41
244,00 ; 300,17 ;   9,398495 ;   94,96
246,03 ; 300,13 ;   7,898338 ;   79,38
248,07 ; 300,12 ;   9,274122 ;   93,70
250,10 ; 300,08 ;   8,588855 ;   86,88
252,13 ; 300,08 ;   9,189523 ;   92,86
254,17 ; 300,09 ;   8,494450 ;   85,94
256,20 ; 300,08 ;   8,398193 ;   84,45
258,23 ; 300,13 ;   8,702085 ;   87,29
260,27 ; 300,05 ;   7,692279 ;   77,05
262,30 ; 300,08 ;   9,790029 ;   98,56
264,33 ; 300,06 ;   8,099272 ;   81,72
266,37 ; 300,14 ;   8,795721 ;   88,79
268,40 ; 300,08 ;   7,098633 ;   71,28
270,43 ; 300,10 ;   9,575480 ;   96,83
272,47 ; 300,06 ;   8,094677 ;   81,36
274,50 ; 300,10 ;   9,181365 ;   92,84
276,53 ; 300,08 ;   7,807827 ;   78,57
278,57 ; 300,10 ;   8,910225 ;   89,86
280,60 ; 300,10 ;   8,106336 ;   81,29
282,63 ; 300,13 ;   8,496861 ;   85,41
284,67 ; 300,15 ;   8,008330 ;   80,96
286,70 ; 300,16 ;   8,003047 ;   80,65
288,73 ; 300,08 ;   8,103706 ;   81,81
290,77 ; 300,09 ;   10,001755 ;  100,74
292,80 ; 300,09 ;   8,405214 ;   84,09
294,83 ; 300,09 ;   8,506110 ;   85,45
296,87 ; 300,09 ;   8,509132 ;   85,44
298,90 ; 300,12 ;   8,517085 ;   85,42
300,93 ; 300,06 ;   7,909713 ;   79,51
302,97 ; 300,14 ;   9,516516 ;   95,31
305,00 ; 300,15 ;   7,015667 ;   70,90
307,03 ; 300,08 ;   8,310824 ;   83,20
309,07 ; 300,14 ;   9,709591 ;   97,81
311,10 ; 300,13 ;   7,315446 ;   73,59
313,13 ; 300,06 ;   8,718660 ;   87,54
315,17 ; 300,09 ;   9,626974 ;   96,55
317,20 ; 300,05 ;   8,120600 ;   81,09
319,23 ; 300,09 ;   9,124001 ;   91,10
321,27 ; 300,08 ;   7,921912 ;   79,68
323,30 ; 300,03 ;   8,627062 ;   86,65
325,33 ; 300,05 ;   9,428057 ;   94,10
327,37 ; 300,13 ;   8,120533 ;   81,40
329,40 ; 300,10 ;   7,220906 ;   72,26
331,43 ; 300,09 ;   8,925996 ;   89,07
333,47 ; 300,15 ;   8,733246 ;   87,86
335,50 ; 300,10 ;   7,323844 ;   73,29
337,53 ; 300,10 ;   9,330332 ;   93,13
339,57 ; 300,14 ;   8,430586 ;   84,84
341,60 ; 300,14 ;   7,731579 ;   77,45
343,63 ; 300,16 ;   8,420059 ;   84,31
345,67 ; 300,14 ;   7,929056 ;   79,86
347,70 ; 300,15 ;   8,820419 ;   88,39
349,73 ; 300,06 ;   8,227374 ;   82,75
351,77 ; 300,20 ;   10,032562 ;  100,31
353,80 ; 300,08 ;   6,025599 ;   60,07
355,83 ; 300,15 ;   10,516427 ;  105,59
357,87 ; 300,16 ;   7,123835 ;   71,63
359,90 ; 300,12 ;   8,126076 ;   81,05
361,93 ; 300,12 ;   9,227366 ;   92,62
363,97 ; 300,16 ;   8,429860 ;   84,32
366,00 ; 300,16 ;   7,528111 ;   75,46
368,03 ; 300,06 ;   8,328788 ;   83,69
370,07 ; 300,09 ;   10,234405 ;  102,82
372,10 ; 300,14 ;   8,028757 ;   80,46
374,13 ; 300,14 ;   7,417129 ;   74,27
376,17 ; 300,09 ;   8,317969 ;   83,89
378,20 ; 300,14 ;   9,432824 ;   94,18
380,23 ; 300,09 ;   7,415913 ;   74,19
382,27 ; 300,06 ;   9,425434 ;   94,13
384,30 ; 300,14 ;   8,828950 ;   88,88
386,33 ; 300,17 ;   6,923885 ;   69,99
388,37 ; 300,13 ;   7,728997 ;   77,86
390,40 ; 300,12 ;   9,228491 ;   92,18
392,43 ; 300,13 ;   8,531649 ;   85,36
394,47 ; 300,06 ;   8,230844 ;   82,48
396,50 ; 300,06 ;   9,524884 ;   95,63
398,53 ; 300,06 ;   8,429829 ;   84,59
400,57 ; 300,13 ;   8,427577 ;   84,57
402,60 ; 300,14 ;   7,221908 ;   72,78
404,63 ; 300,08 ;   8,019947 ;   80,82
406,67 ; 300,17 ;   9,532262 ;   95,35
408,70 ; 300,09 ;   6,622990 ;   66,61
410,73 ; 300,14 ;   9,931239 ;   99,33
412,76 ; 300,16 ;   7,323455 ;   73,83
414,80 ; 300,04 ;   7,923409 ;   79,03
416,83 ; 300,14 ;   10,630024 ;  106,71
418,87 ; 300,05 ;   6,481396 ;   65,49
420,90 ; 300,10 ;   9,875145 ;   99,60
422,93 ; 300,09 ;   7,469976 ;   75,58
424,97 ; 300,15 ;   8,571665 ;   86,78
427,00 ; 300,09 ;   7,186243 ;   72,21
429,03 ; 300,05 ;   9,474012 ;   95,00
431,06 ; 300,12 ;   8,894845 ;   89,85
433,10 ; 300,06 ;   7,203609 ;   72,54
435,13 ; 300,08 ;   9,301819 ;   93,86
437,17 ; 300,06 ;   8,106213 ;   81,25
439,20 ; 300,15 ;   8,609656 ;   86,93
441,23 ; 300,13 ;   6,674097 ;   67,95
443,26 ; 300,06 ;   8,675000 ;   87,51
445,30 ; 300,03 ;   9,460545 ;   95,13
447,33 ; 300,03 ;   8,873076 ;   89,99
449,36 ; 300,01 ;   8,387114 ;   84,47
451,40 ; 300,02 ;   8,787760 ;   88,89
453,43 ; 300,03 ;   8,285823 ;   83,28
455,46 ; 300,05 ;   8,092097 ;   81,70
457,50 ; 300,04 ;   7,986057 ;   80,03
459,53 ; 300,01 ;   8,690084 ;   87,11
461,56 ; 300,01 ;   8,991903 ;   90,24
463,60 ; 299,99 ;   8,401752 ;   84,72
465,63 ; 300,12 ;   8,699511 ;   87,67
467,66 ; 300,02 ;   6,074512 ;   61,32
469,70 ; 300,01 ;   10,169017 ;  102,52
471,73 ; 300,03 ;   8,575712 ;   86,07
473,76 ; 300,04 ;   7,980522 ;   80,27
475,80 ; 300,12 ;   8,195674 ;   82,93
477,83 ; 300,04 ;   6,893913 ;   69,55
479,86 ; 300,14 ;   9,782654 ;   98,05
481,90 ; 300,03 ;   6,502237 ;   65,11
483,93 ; 300,03 ;   10,282206 ;  103,64
485,96 ; 300,09 ;   8,403230 ;   84,32
488,00 ; 300,05 ;   7,307510 ;   74,00
490,03 ; 300,13 ;   8,894694 ;   89,53
492,06 ; 300,02 ;   6,998062 ;   70,74
494,10 ; 299,99 ;   10,290197 ;  103,77
496,13 ; 299,99 ;   8,809556 ;   88,87
498,16 ; 299,99 ;   8,407199 ;   84,74
500,20 ; 300,04 ;   8,408343 ;   84,74
502,23 ; 300,01 ;   7,508970 ;   75,90
504,26 ; 300,12 ;   9,004763 ;   90,06
506,30 ; 300,08 ;   6,307612 ;   63,90
508,33 ; 299,92 ;   8,995006 ;   90,55
510,36 ; 300,01 ;   11,311894 ;  113,13
512,40 ; 299,96 ;   6,910751 ;   69,35
514,43 ; 300,05 ;   9,314638 ;   93,36
516,46 ; 299,92 ;   6,712883 ;   67,41
518,50 ; 300,02 ;   10,907650 ;  109,01
520,53 ; 299,98 ;   6,710537 ;   67,90
522,56 ; 299,97 ;   9,010101 ;   90,32
524,60 ; 300,12 ;   8,709513 ;   87,76
526,63 ; 300,12 ;   5,709354 ;   57,02
528,66 ; 300,06 ;   8,304201 ;   83,18
530,70 ; 300,03 ;   9,314097 ;   93,48
532,73 ; 300,12 ;   8,913286 ;   89,70
534,76 ; 300,05 ;   6,720633 ;   67,97
536,80 ; 300,08 ;   9,410375 ;   94,90
538,83 ; 300,02 ;   7,917186 ;   79,44
540,86 ; 300,04 ;   9,523742 ;   95,35
542,90 ; 300,09 ;   7,918732 ;   79,90
544,93 ; 300,10 ;   7,521286 ;   75,18
546,96 ; 300,08 ;   8,019761 ;   80,49
549,00 ; 300,04 ;   8,721417 ;   87,64
551,03 ; 300,04 ;   9,028470 ;   90,87
553,06 ; 300,03 ;   8,322290 ;   83,96
555,10 ; 300,08 ;   8,517927 ;   85,43
557,13 ; 300,12 ;   7,514725 ;   75,20
559,16 ; 300,04 ;   7,617139 ;   76,09
561,20 ; 300,10 ;   9,729174 ;   97,70
563,23 ; 300,05 ;   7,216541 ;   72,11
565,26 ; 300,13 ;   9,123279 ;   91,96
567,30 ; 299,98 ;   7,014352 ;   70,42
569,33 ; 300,04 ;   10,927615 ;  109,33
571,36 ; 300,10 ;   7,411841 ;   74,19
573,40 ; 300,03 ;   7,211281 ;   72,05
575,43 ; 300,02 ;   9,620564 ;   96,32
577,46 ; 300,06 ;   8,626145 ;   86,86
579,50 ; 300,03 ;   7,523376 ;   75,25
581,53 ; 300,04 ;   8,925338 ;   89,40
583,56 ; 300,09 ;   8,232139 ;   82,41
585,60 ; 300,03 ;   7,425168 ;   74,94
587,63 ; 300,10 ;   9,326246 ;   93,51
589,66 ; 300,09 ;   7,028425 ;   70,58
591,70 ; 300,10 ;   8,528779 ;   85,92
593,73 ; 300,12 ;   8,027899 ;   80,20
595,76 ; 300,05 ;   7,929598 ;   79,99
597,79 ; 300,13 ;   9,437144 ;   94,51
599,83 ; 300,03 ;   7,026148 ;   70,20
601,86 ; 300,12 ;   10,028769 ;  100,27
603,90 ; 300,12 ;   6,723315 ;   67,52
605,93 ; 300,13 ;   8,223270 ;   82,66
607,96 ; 300,14 ;   8,124321 ;   81,16
610,00 ; 300,09 ;   7,927845 ;   79,56
612,03 ; 300,02 ;   9,232001 ;   92,61
614,06 ; 300,08 ;   9,635400 ;   96,21
616,09 ; 300,04 ;   7,234083 ;   72,01
618,13 ; 300,02 ;   9,033640 ;   90,39
620,16 ; 300,04 ;   8,732372 ;   87,91
622,19 ; 300,02 ;   7,931986 ;   79,35
624,23 ; 300,13 ;   8,731145 ;   87,90
626,26 ; 300,08 ;   6,322649 ;   63,13
628,29 ; 300,06 ;   9,131387 ;   91,24
630,33 ; 300,09 ;   8,525615 ;   85,90
632,36 ; 300,08 ;   7,826638 ;   78,71
634,39 ; 300,03 ;   8,432797 ;   84,30
636,43 ; 299,99 ;   9,137870 ;   91,75
638,46 ; 300,09 ;   9,028079 ;   90,84
640,49 ; 300,06 ;   6,631393 ;   66,26
642,53 ; 300,13 ;   8,729861 ;   87,21
644,56 ; 300,09 ;   7,131763 ;   71,28
646,59 ; 300,08 ;   8,934666 ;   89,65
648,63 ; 300,10 ;   8,436554 ;   84,21
650,66 ; 299,99 ;   7,829410 ;   78,39
652,69 ; 300,05 ;   10,340559 ;  103,14
654,73 ; 300,12 ;   7,226384 ;   72,05
656,76 ; 300,16 ;   7,124818 ;   71,28
658,79 ; 300,15 ;   7,328797 ;   73,44
660,83 ; 300,14 ;   8,436837 ;   84,63
662,86 ; 300,03 ;   8,330561 ;   83,31
664,89 ; 300,08 ;   10,238777 ;  102,54
666,93 ; 300,10 ;   7,432853 ;   74,39
668,96 ; 300,02 ;   7,832694 ;   78,22
670,99 ; 299,99 ;   9,841496 ;   98,55
673,03 ; 300,03 ;   8,733203 ;   87,81
675,06 ; 300,01 ;   7,629285 ;   76,30
677,09 ; 300,03 ;   8,734481 ;   87,61
679,13 ; 300,03 ;   7,933613 ;   79,05
681,16 ; 300,08 ;   8,332937 ;   83,18
683,19 ; 300,02 ;   7,431765 ;   74,33
685,23 ; 300,06 ;   9,441337 ;   94,38
687,26 ; 300,13 ;   7,430429 ;   74,51
689,29 ; 300,12 ;   7,022108 ;   70,97
691,33 ; 300,06 ;   8,332316 ;   83,45
693,36 ; 300,09 ;   9,234464 ;   92,36
695,39 ; 300,10 ;   7,831424 ;   78,28
697,43 ; 300,12 ;   7,926789 ;   79,45
699,46 ; 300,12 ;   7,935165 ;   79,24
701,49 ; 300,10 ;   8,129466 ;   81,97
703,53 ; 300,08 ;   8,438795 ;   84,89
705,56 ; 300,05 ;   8,633204 ;   86,54
707,59 ; 300,04 ;   8,634886 ;   86,81
709,63 ; 300,03 ;   8,540817 ;   85,61
711,66 ; 300,04 ;   8,441001 ;   84,32
713,69 ; 300,03 ;   8,141750 ;   81,46
715,73 ; 300,06 ;   8,440119 ;   84,30
717,76 ; 299,98 ;   7,742466 ;   77,02
719,79 ; 300,09 ;   9,738910 ;   97,27
721,83 ; 300,03 ;   6,429444 ;   64,33
723,86 ; 300,14 ;   9,238982 ;   92,55
725,89 ; 300,05 ;   6,225474 ;   62,26
727,93 ; 300,08 ;   9,745713 ;   97,74
729,96 ; 300,04 ;   7,832013 ;   78,14
731,99 ; 300,03 ;   8,934532 ;   89,63
734,03 ; 300,05 ;   8,442451 ;   84,20
736,06 ; 300,12 ;   7,836493 ;   78,39
738,09 ; 300,06 ;   7,035991 ;   70,73
740,13 ; 299,99 ;   9,248096 ;   92,05
742,16 ; 300,12 ;   9,544695 ;   95,65
744,19 ; 300,02 ;   5,926968 ;   59,67
746,23 ; 300,15 ;   10,039955 ;  100,86
748,26 ; 300,03 ;   5,732622 ;   57,87
750,29 ; 300,03 ;   10,345090 ;  103,39
752,33 ; 300,05 ;   8,233583 ;   82,71
754,36 ; 300,08 ;   7,832374 ;   78,28
756,39 ; 300,06 ;   7,731965 ;   77,98
758,42 ; 300,06 ;   8,540106 ;   85,05
760,46 ; 299,97 ;   8,234192 ;   82,28
762,49 ; 300,14 ;   9,936364 ;   99,96
764,52 ; 300,05 ;   5,026176 ;   51,00
766,56 ; 300,05 ;   9,740319 ;   97,51
768,59 ; 300,03 ;   8,237805 ;   82,33
770,62 ; 300,06 ;   8,641959 ;   86,74
772,66 ; 300,04 ;   7,629741 ;   76,70
774,69 ; 299,96 ;   8,627518 ;   86,62
776,72 ; 300,13 ;   9,735431 ;   97,21
778,76 ; 300,05 ;   5,226208 ;   52,47
780,79 ; 300,05 ;   9,437351 ;   94,68
782,82 ; 299,99 ;   8,239780 ;   82,26
784,86 ; 300,13 ;   9,437777 ;   94,04
786,89 ; 300,05 ;   5,719379 ;   57,96
788,92 ; 300,04 ;   9,430829 ;   94,64
790,96 ; 300,10 ;   8,539094 ;   85,16
792,99 ; 299,90 ;   7,033823 ;   70,61
795,02 ; 300,03 ;   11,943535 ;  119,96
797,06 ; 300,02 ;   5,923060 ;   59,06
799,09 ; 300,01 ;   8,532522 ;   85,43
801,12 ; 300,05 ;   8,436185 ;   84,15
803,16 ; 300,12 ;   7,332004 ;   73,93
805,19 ; 300,04 ;   7,034269 ;   70,40
807,22 ; 300,05 ;   9,638359 ;   96,15
809,26 ; 300,06 ;   7,926385 ;   79,40
811,29 ; 300,04 ;   8,039313 ;   80,67
813,32 ; 300,01 ;   8,636065 ;   86,46
815,36 ; 299,95 ;   8,840014 ;   88,21
817,39 ; 299,99 ;   9,444387 ;   94,48
819,42 ; 300,03 ;   7,431126 ;   74,62
821,46 ; 300,01 ;   7,527724 ;   75,53
823,49 ; 300,08 ;   8,642098 ;   86,83
825,52 ; 300,04 ;   6,932000 ;   69,43
827,56 ; 300,06 ;   8,933283 ;   89,19
829,59 ; 300,05 ;   7,738768 ;   77,87
831,62 ; 299,98 ;   8,338583 ;   83,47
833,66 ; 299,95 ;   9,536991 ;   95,34
835,69 ; 300,01 ;   9,035454 ;   90,30
837,72 ; 300,04 ;   7,136435 ;   71,63
839,76 ; 300,04 ;   7,637626 ;   76,77
841,79 ; 300,05 ;   8,220601 ;   82,27
843,82 ; 299,98 ;   7,925834 ;   79,32
845,86 ; 300,05 ;   9,502449 ;   95,33
847,89 ; 300,01 ;   6,860041 ;   69,66
849,92 ; 300,06 ;   8,975987 ;   90,90
851,96 ; 300,06 ;   7,195193 ;   72,31
853,99 ; 300,06 ;   8,080663 ;   81,94
856,02 ; 299,98 ;   8,081700 ;   81,93
858,06 ; 299,83 ;   9,545277 ;   96,66
860,09 ; 298,18 ;   11,159303 ;  112,36
862,12 ; 295,71 ;   12,339970 ;  125,00
864,16 ; 293,16 ;   12,334976 ;  125,00
866,19 ; 290,80 ;   12,336073 ;  125,00
868,22 ; 288,70 ;   12,339062 ;  125,00
870,26 ; 286,93 ;   12,339254 ;  125,00
872,29 ; 285,29 ;   12,341686 ;  125,00
874,32 ; 283,98 ;   12,342179 ;  125,00
876,36 ; 282,83 ;   12,342639 ;  125,00
878,39 ; 281,89 ;   12,344963 ;  125,00
880,42 ; 281,13 ;   12,350317 ;  125,00
882,46 ; 280,52 ;   12,350801 ;  125,00
884,49 ; 279,86 ;   12,349962 ;  125,00
886,52 ; 279,53 ;   12,348596 ;  125,00
888,56 ; 279,30 ;   12,350330 ;  125,00
890,59 ; 279,03 ;   12,353079 ;  125,00
892,62 ; 278,93 ;   12,353905 ;  125,00
894,66 ; 278,91 ;   12,355960 ;  125,00
896,69 ; 278,95 ;   12,357606 ;  125,00
898,72 ; 279,01 ;   12,361483 ;  125,00
900,76 ; 279,13 ;   12,358370 ;  125,00
902,79 ; 279,28 ;   12,360324 ;  125,00
904,82 ; 279,57 ;   12,363497 ;  125,00
906,86 ; 279,80 ;   12,362607 ;  125,00
908,89 ; 280,15 ;   12,363651 ;  125,00
910,92 ; 280,43 ;   12,364211 ;  125,00
912,96 ; 280,79 ;   12,364106 ;  125,00
914,99 ; 281,18 ;   12,356474 ;  125,00
917,02 ; 281,64 ;   12,361739 ;  125,00
919,06 ; 282,04 ;   12,359134 ;  125,00
921,09 ; 282,48 ;   12,359646 ;  125,00
923,12 ; 283,02 ;   12,348768 ;  125,00
925,16 ; 283,43 ;   11,190005 ;  112,03
927,19 ; 284,05 ;   12,344710 ;  125,00
929,22 ; 284,61 ;   8,491492 ;   85,87
931,26 ; 285,05 ;   9,057779 ;   91,74
933,29 ; 285,63 ;   11,055004 ;  111,65
935,32 ; 286,23 ;   8,100806 ;   81,39
937,36 ; 286,70 ;   7,453365 ;   75,64
939,39 ; 287,18 ;   9,352357 ;   94,83
941,42 ; 287,66 ;   8,773774 ;   88,87
943,46 ; 288,09 ;   8,470740 ;   85,48
945,49 ; 288,61 ;   9,253110 ;   93,95
947,52 ; 288,98 ;   7,173856 ;   72,07
949,56 ; 289,45 ;   9,459548 ;   95,93
951,59 ; 289,81 ;   7,477539 ;   75,98
953,62 ; 290,14 ;   9,251824 ;   93,04
955,66 ; 290,57 ;   9,578271 ;   96,56
957,69 ; 290,80 ;   7,484339 ;   75,46
959,72 ; 291,15 ;   10,935409 ;  110,45
961,76 ; 291,46 ;   8,484080 ;   85,92
963,79 ; 291,75 ;   8,967023 ;   90,86
965,82 ; 292,05 ;   9,273393 ;   93,21
967,86 ; 292,30 ;   8,762704 ;   88,36
969,89 ; 292,63 ;   9,768828 ;   98,10
971,92 ; 292,89 ;   7,992657 ;   80,47
973,96 ; 293,17 ;   8,870501 ;   89,76
975,99 ; 293,38 ;   8,495105 ;   85,04
978,02 ; 293,61 ;   9,694134 ;   97,72
980,06 ; 293,86 ;   9,012924 ;   90,71
982,09 ; 294,13 ;   8,603886 ;   86,18
984,12 ; 294,38 ;   8,097429 ;   81,43
986,16 ; 294,56 ;   8,187514 ;   82,36
988,19 ; 294,77 ;   9,191368 ;   92,22
990,22 ; 295,07 ;   8,611611 ;   86,62
992,26 ; 295,16 ;   6,797155 ;   68,89
994,29 ; 295,31 ;   10,567658 ;  106,08
996,32 ; 295,51 ;   9,204010 ;   92,74
998,36 ; 295,68 ;   8,400694 ;   84,44
1000,39 ; 295,89 ;   8,692374 ;   87,39
1002,42 ; 296,01 ;   7,800652 ;   78,77
1004,46 ; 296,16 ;   9,391837 ;   94,75
1006,49 ; 296,40 ;   8,812740 ;   88,22
1008,52 ; 296,55 ;   6,902464 ;   69,50
1010,56 ; 296,65 ;   8,374302 ;   84,98
1012,59 ; 296,83 ;   9,202672 ;   92,71
1014,62 ; 296,90 ;   7,708775 ;   77,41
1016,66 ; 297,03 ;   9,600931 ;   96,50
1018,69 ; 297,24 ;   8,407725 ;   84,49
1020,72 ; 297,24 ;   6,802837 ;   68,70
1022,76 ; 297,45 ;   10,585878 ;  106,51
1024,79 ; 297,48 ;   6,802262 ;   68,76
1026,82 ; 297,65 ;   9,692010 ;   97,74
1028,86 ; 297,73 ;   7,414474 ;   74,20
1030,89 ; 297,80 ;   8,798090 ;   88,89
1032,92 ; 297,92 ;   8,816207 ;   88,38
1034,96 ; 298,09 ;   8,018306 ;   80,52
1036,99 ; 298,17 ;   7,002553 ;   70,68
1039,02 ; 298,27 ;   8,299193 ;   83,78
1041,06 ; 298,31 ;   8,108866 ;   81,65
1043,09 ; 298,41 ;   8,916063 ;   89,69
1045,12 ; 298,44 ;   7,917796 ;   79,15
1047,16 ; 298,61 ;   9,214479 ;   92,97
1049,19 ; 298,63 ;   6,414397 ;   64,99
1051,22 ; 298,73 ;   9,101831 ;   91,19
1053,26 ; 298,80 ;   7,612152 ;   76,45
1055,29 ; 298,77 ;   8,209477 ;   82,83
1057,32 ; 298,89 ;   9,822670 ;   98,52
1059,36 ; 298,95 ;   7,219492 ;   72,54
1061,39 ; 298,96 ;   8,110288 ;   81,64
1063,42 ; 299,08 ;   9,121541 ;   91,41
1065,46 ; 299,14 ;   7,022137 ;   70,90
1067,49 ; 299,19 ;   7,916708 ;   79,96
1069,52 ; 299,23 ;   8,215097 ;   82,33
1071,56 ; 299,26 ;   8,320867 ;   83,39
1073,59 ; 299,30 ;   8,425019 ;   84,55
1075,62 ; 299,38 ;   8,223122 ;   82,84
1077,66 ; 299,40 ;   7,527835 ;   75,15
1079,69 ; 299,46 ;   8,422516 ;   84,63
1081,72 ; 299,44 ;   7,724567 ;   77,10
1083,76 ; 299,50 ;   9,229116 ;   92,66
1085,79 ; 299,57 ;   7,622264 ;   76,84
1087,82 ; 299,50 ;   7,423175 ;   74,71
1089,86 ; 299,65 ;   10,029388 ;  100,47
1091,89 ; 299,55 ;   6,025636 ;   60,16
1093,92 ; 299,58 ;   10,431009 ;  104,12
1095,96 ; 299,63 ;   8,329113 ;   83,24
1097,99 ; 299,63 ;   7,829323 ;   78,62
1100,02 ; 299,73 ;   8,636686 ;   86,96
1102,06 ; 299,76 ;   6,630504 ;   66,40
1104,09 ; 299,74 ;   8,121148 ;   81,34
1106,12 ; 299,83 ;   8,832499 ;   88,47
1108,16 ; 299,83 ;   6,927332 ;   69,54
1110,19 ; 299,90 ;   8,431685 ;   84,75
1112,22 ; 299,91 ;   7,132924 ;   71,52
1114,26 ; 299,92 ;   8,133437 ;   81,00
1116,29 ; 299,85 ;   8,239266 ;   82,30
1118,32 ; 299,94 ;   9,635031 ;   96,96
1120,36 ; 299,96 ;   6,824730 ;   68,37
1122,39 ; 300,01 ;   7,930942 ;   79,13
1124,42 ; 300,04 ;   7,431802 ;   74,43
1126,46 ; 299,94 ;   7,635078 ;   76,80
1128,49 ; 299,98 ;   10,139374 ;  101,46
1130,52 ; 300,09 ;   7,429990 ;   74,72
1132,56 ; 300,02 ;   6,331816 ;   63,83
1134,59 ; 300,06 ;   9,426238 ;   95,00
1136,62 ; 300,06 ;   7,325694 ;   73,75
1138,66 ; 300,10 ;   8,230936 ;   82,01
1140,69 ; 300,05 ;   7,436210 ;   74,62
1142,72 ; 300,06 ;   9,029375 ;   90,34
1144,76 ; 300,05 ;   8,033995 ;   80,58
1146,79 ; 300,06 ;   8,333022 ;   83,42
1148,82 ; 300,09 ;   8,028144 ;   80,56
1150,86 ; 300,05 ;   7,731017 ;   77,50
1152,89 ; 300,05 ;   8,742782 ;   87,52
1154,92 ; 300,05 ;   8,129701 ;   81,99
1156,96 ; 300,06 ;   8,131691 ;   81,98
1158,99 ; 300,04 ;   8,039231 ;   80,50
1161,02 ; 300,14 ;   8,636069 ;   86,28
1163,06 ; 300,12 ;   6,233118 ;   62,98
1165,09 ; 300,16 ;   8,524021 ;   85,29
1167,12 ; 300,17 ;   7,229811 ;   72,28
1169,16 ; 300,16 ;   7,932740 ;   79,05
1171,19 ; 300,28 ;   8,141139 ;   81,87
1173,22 ; 300,08 ;   5,834137 ;   58,35
1175,26 ; 300,15 ;   11,740515 ;  117,28
1177,29 ; 300,12 ;   6,818316 ;   68,17
1179,32 ; 300,18 ;   8,622862 ;   86,45
1181,36 ; 300,16 ;   6,914413 ;   69,12
1183,39 ; 300,12 ;   8,324645 ;   83,05
1185,42 ; 300,16 ;   8,923271 ;   89,11
1187,46 ; 300,17 ;   7,130328 ;   71,97
1189,49 ; 300,18 ;   7,825448 ;   78,73
1191,52 ; 300,13 ;   7,827602 ;   78,60
1193,56 ; 300,10 ;   9,038553 ;   90,26
1195,59 ; 300,15 ;   8,534673 ;   85,01
1197,62 ; 300,17 ;   7,222804 ;   72,00
1199,66 ; 300,14 ;   7,530083 ;   75,83
1201,69 ; 300,17 ;   8,499004 ;   85,82
1203,72 ; 300,13 ;   7,403886 ;   74,38
1205,76 ; 300,20 ;   8,798045 ;   88,70
1207,79 ; 300,17 ;   6,708614 ;   67,15
1209,82 ; 300,17 ;   8,286581 ;   83,94
1211,86 ; 300,15 ;   7,889584 ;   79,76
1213,89 ; 300,09 ;   8,385377 ;   84,15
1215,92 ; 300,08 ;   9,084863 ;   91,78
1217,96 ; 300,12 ;   8,199553 ;   82,20
1219,99 ; 300,17 ;   7,293644 ;   73,44
1222,02 ; 300,12 ;   6,885512 ;   69,99
1224,06 ; 300,18 ;   8,880844 ;   89,92
1226,09 ; 300,14 ;   6,787726 ;   68,45
1228,12 ; 300,15 ;   8,574396 ;   86,82
1230,16 ; 300,09 ;   7,783509 ;   78,42
1232,19 ; 300,03 ;   9,067663 ;   91,57
1234,22 ; 300,09 ;   8,980935 ;   90,83
1236,26 ; 300,08 ;   6,982902 ;   70,86
1238,29 ; 300,05 ;   8,083277 ;   81,97
1240,32 ; 300,09 ;   8,384917 ;   85,00
1242,36 ; 300,15 ;   7,380907 ;   74,95
1244,39 ; 300,13 ;   6,780448 ;   68,66
1246,42 ; 300,12 ;   8,369637 ;   84,08
1248,46 ; 300,06 ;   8,071691 ;   81,39
1250,49 ; 300,08 ;   8,980501 ;   90,31
1252,52 ; 300,08 ;   7,682785 ;   77,70
1254,56 ; 300,03 ;   7,981531 ;   80,44
1256,59 ; 299,98 ;   8,878794 ;   89,27
1258,62 ; 300,01 ;   8,883751 ;   89,83
1260,65 ; 300,02 ;   7,690808 ;   77,14
1262,69 ; 299,99 ;   7,894089 ;   79,80
1264,72 ; 300,09 ;   8,485337 ;   85,60
1266,75 ; 300,03 ;   6,290775 ;   63,78
1268,79 ; 300,05 ;   8,978927 ;   90,62
1270,82 ; 300,12 ;   7,577424 ;   76,54
1272,85 ; 300,03 ;   6,784216 ;   68,87
1274,89 ; 300,10 ;   9,566224 ;   96,10
1276,92 ; 300,05 ;   6,658897 ;   67,66
1278,95 ; 300,05 ;   8,764733 ;   88,88
1280,99 ; 299,98 ;   7,947682 ;   80,60
1283,02 ; 300,02 ;   9,258725 ;   93,85
1285,05 ; 300,01 ;   7,476968 ;   75,56
1287,09 ; 300,03 ;   8,171339 ;   82,54
1289,12 ; 299,96 ;   7,566046 ;   76,74
1291,15 ; 299,96 ;   9,365953 ;   94,14
1293,19 ; 300,04 ;   8,084645 ;   81,74
1295,22 ; 299,95 ;   6,671600 ;   67,01
1297,25 ; 300,01 ;   9,751184 ;   98,47
1299,29 ; 300,02 ;   6,995745 ;   70,14
1301,32 ; 299,98 ;   7,879554 ;   79,70
1303,35 ; 300,03 ;   8,594535 ;   86,97
1305,39 ; 300,04 ;   7,203700 ;   72,61
1307,42 ; 299,98 ;   7,889416 ;   79,41
1309,45 ; 299,98 ;   9,093716 ;   91,10
1311,49 ; 299,98 ;   8,107414 ;   81,45
1313,52 ; 299,95 ;   8,098936 ;   81,45
1315,55 ; 299,94 ;   8,809403 ;   88,83
1317,59 ; 300,04 ;   8,307886 ;   83,42
1319,62 ; 299,96 ;   6,207874 ;   62,90
1321,65 ; 300,03 ;   9,489820 ;   95,55
1323,69 ; 300,03 ;   6,808223 ;   68,50
1325,72 ; 299,99 ;   8,007872 ;   80,90
1327,75 ; 300,02 ;   8,814431 ;   88,27
1329,79 ; 300,04 ;   7,621124 ;   76,95
1331,82 ; 300,02 ;   7,609099 ;   76,66
1333,85 ; 300,01 ;   8,520174 ;   85,21
1335,89 ; 300,04 ;   8,216526 ;   82,55
1337,92 ; 300,03 ;   7,519731 ;   75,27
1339,95 ; 299,99 ;   8,213619 ;   82,25
1341,99 ; 300,06 ;   8,823976 ;   88,23
1344,02 ; 300,01 ;   6,819805 ;   68,08
1346,05 ; 300,04 ;   9,003095 ;   90,80
1348,09 ; 300,05 ;   7,509096 ;   75,24
1350,12 ; 300,04 ;   7,714196 ;   77,80
1352,15 ; 300,02 ;   8,323821 ;   83,49
1354,19 ; 300,05 ;   8,526175 ;   85,15
1356,22 ; 300,05 ;   7,326766 ;   73,64
1358,25 ; 300,12 ;   8,021055 ;   80,53
1360,29 ; 300,05 ;   6,817134 ;   68,73
1362,32 ; 300,09 ;   9,114071 ;   91,53
1364,35 ; 300,04 ;   7,421037 ;   74,59
1366,39 ; 300,05 ;   8,814584 ;   88,92
1368,42 ; 299,97 ;   7,717402 ;   77,70
1370,45 ; 299,94 ;   9,616867 ;   96,66
1372,49 ; 300,05 ;   8,724399 ;   87,39
1374,52 ; 300,04 ;   5,916312 ;   59,77
1376,55 ; 300,06 ;   8,314304 ;   83,40
1378,59 ; 300,05 ;   7,623773 ;   76,21
1380,62 ; 300,12 ;   8,124378 ;   81,81
1382,65 ; 300,08 ;   6,818206 ;   68,63
1384,69 ; 300,02 ;   8,618111 ;   87,00
1386,72 ; 300,05 ;   9,133502 ;   91,89
1388,75 ; 300,09 ;   7,329395 ;   73,49
1390,79 ; 299,99 ;   7,418175 ;   74,47
1392,82 ; 300,05 ;   9,719422 ;   97,66
1394,85 ; 300,08 ;   6,920765 ;   69,32
1396,89 ; 300,02 ;   7,507180 ;   75,92
1398,92 ; 300,03 ;   9,117545 ;   91,83
1400,95 ; 300,10 ;   7,718543 ;   77,85
1402,99 ; 299,97 ;   6,712492 ;   67,33
1405,02 ; 300,01 ;   10,414312 ;  104,78
1407,05 ; 300,06 ;   7,323671 ;   73,98
1409,09 ; 300,06 ;   7,019845 ;   70,55
1411,12 ; 300,01 ;   8,019161 ;   80,19
1413,15 ; 300,05 ;   9,017728 ;   90,49
1415,19 ; 300,08 ;   7,121485 ;   71,99
1417,22 ; 300,06 ;   7,512116 ;   75,84
1419,25 ; 300,03 ;   8,217747 ;   82,90
1421,29 ; 300,05 ;   8,627163 ;   86,03
1423,32 ; 300,08 ;   7,615629 ;   76,09
1425,35 ; 300,01 ;   7,513951 ;   75,79
1427,39 ; 300,09 ;   9,323052 ;   93,18
1429,42 ; 300,09 ;   6,622248 ;   66,03
1431,45 ; 300,08 ;   7,910951 ;   79,80
1433,49 ; 300,04 ;   8,124390 ;   81,25
1435,52 ; 300,04 ;   8,722215 ;   87,23
1437,55 ; 300,01 ;   8,024499 ;   80,33
1439,59 ; 300,05 ;   8,619022 ;   86,22
1441,62 ; 300,06 ;   7,113716 ;   71,86
1443,65 ; 299,99 ;   7,820041 ;   78,64
1445,69 ; 299,92 ;   9,326320 ;   93,27
1447,72 ; 300,03 ;   9,427995 ;   94,13
1449,75 ; 299,96 ;   6,111523 ;   61,11
1451,79 ; 300,09 ;   9,313930 ;   93,67
1453,82 ; 300,10 ;   5,722623 ;   57,68
1455,85 ; 300,05 ;   7,620870 ;   76,78
1457,89 ; 300,09 ;   8,824634 ;   88,36
1459,92 ; 300,08 ;   7,424033 ;   74,18
1461,95 ; 300,08 ;   8,125076 ;   81,15
1463,99 ; 300,08 ;   7,925146 ;   79,75
1466,02 ; 300,05 ;   7,924925 ;   79,74
1468,05 ; 300,13 ;   8,422372 ;   84,14
1470,08 ; 300,03 ;   6,617618 ;   66,73
1472,12 ; 300,06 ;   9,633107 ;   96,80
1474,15 ; 300,01 ;   7,423694 ;   74,35
1476,18 ; 299,99 ;   9,034640 ;   90,18
1478,22 ; 300,03 ;   8,328284 ;   83,47
1480,25 ; 300,16 ;   7,326299 ;   73,34
1482,28 ; 299,99 ;   5,524288 ;   55,17
1484,32 ; 300,02 ;   11,034151 ;  110,99
1486,35 ; 300,03 ;   7,626853 ;   76,25
1488,38 ; 300,04 ;   7,721179 ;   77,44
1490,42 ; 300,03 ;   7,824288 ;   78,72
1492,45 ; 300,05 ;   8,132752 ;   81,56
1494,48 ; 300,05 ;   7,521571 ;   75,76
1496,52 ; 300,09 ;   7,927896 ;   79,88
1498,55 ; 300,05 ;   7,327065 ;   73,97
1500,58 ; 300,01 ;   8,533370 ;   85,36
1502,62 ; 300,05 ;   8,832697 ;   88,68
1504,65 ; 300,06 ;   7,130690 ;   71,56
1506,68 ; 300,01 ;   7,826096 ;   78,35
1508,72 ; 300,03 ;   9,034649 ;   90,03
1510,75 ; 300,01 ;   7,523234 ;   75,96
1512,78 ; 300,03 ;   8,431228 ;   84,51
1514,82 ; 299,92 ;   7,523643 ;   75,96
1516,85 ; 300,06 ;   10,028855 ;  100,73
1518,88 ; 300,01 ;   5,420981 ;   54,91
1520,92 ; 299,98 ;   9,024201 ;   90,02
1522,95 ; 300,05 ;   8,434326 ;   84,80
1524,98 ; 300,13 ;   6,731167 ;   67,39
1527,02 ; 300,06 ;   6,618521 ;   66,54
1529,05 ; 300,02 ;   9,037532 ;   90,71
1531,08 ; 299,97 ;   8,833787 ;   88,50
1533,12 ; 300,08 ;   8,933846 ;   89,07
1535,15 ; 300,03 ;   6,022971 ;   60,18
1537,18 ; 300,05 ;   8,821817 ;   88,29
1539,22 ; 300,05 ;   7,524413 ;   75,60
1541,25 ; 300,04 ;   7,930926 ;   79,72
1543,28 ; 300,09 ;   8,231172 ;   82,66
1545,32 ; 300,05 ;   7,131467 ;   71,05
1547,35 ; 300,05 ;   8,537172 ;   85,20
1549,38 ; 300,03 ;   7,931927 ;   79,67
1551,42 ; 299,95 ;   8,424816 ;   84,09
1553,45 ; 300,01 ;   9,636964 ;   96,15
1555,48 ; 300,09 ;   6,924992 ;   69,21
1557,52 ; 300,02 ;   6,526746 ;   65,50
1559,55 ; 300,13 ;   9,233445 ;   92,53
1561,58 ; 300,12 ;   5,924458 ;   59,48
1563,62 ; 300,10 ;   8,033443 ;   80,24
1565,65 ; 300,08 ;   8,126774 ;   81,78
1567,68 ; 300,08 ;   8,322609 ;   83,43
1569,72 ; 299,99 ;   7,932275 ;   79,27
1571,75 ; 300,05 ;   9,529506 ;   95,47
1573,78 ; 299,98 ;   6,823820 ;   68,52
1575,82 ; 299,99 ;   9,232850 ;   92,80
1577,85 ; 300,08 ;   7,830517 ;   78,92
1579,88 ; 300,05 ;   6,423742 ;   64,09
1581,92 ; 299,99 ;   8,332562 ;   83,66
1583,95 ; 300,02 ;   9,133162 ;   91,31
1585,98 ; 299,97 ;   7,532056 ;   75,86
1588,02 ; 300,05 ;   8,837207 ;   88,84
1590,05 ; 300,06 ;   6,428595 ;   64,36
1592,08 ; 299,99 ;   7,831093 ;   78,03
1594,12 ; 300,03 ;   9,237308 ;   92,67
1596,15 ; 300,10 ;   7,227664 ;   72,89
1598,18 ; 300,01 ;   6,633228 ;   66,50
1600,22 ; 300,01 ;   9,637919 ;   96,58
1602,25 ; 300,02 ;   8,037185 ;   80,04
1604,28 ; 300,01 ;   7,831712 ;   78,56
1606,32 ; 300,04 ;   8,140798 ;   81,41
1608,35 ; 300,08 ;   7,434431 ;   74,14
1610,38 ; 299,95 ;   7,228658 ;   72,27
1612,42 ; 300,08 ;   10,439787 ;  104,20
1614,45 ; 300,04 ;   5,528453 ;   55,73
1616,48 ; 300,01 ;   8,633834 ;   86,52
1618,52 ; 300,12 ;   8,530529 ;   85,51
1620,55 ; 300,01 ;   5,917235 ;   59,37
1622,58 ; 300,03 ;   9,934997 ;   99,28
1624,61 ; 300,05 ;   7,527734 ;   75,55
1626,65 ; 299,98 ;   7,535286 ;   75,25
1628,68 ; 300,03 ;   9,240363 ;   92,65
1630,72 ; 300,06 ;   7,126258 ;   71,40
1632,75 ; 300,03 ;   7,332320 ;   73,77
1634,78 ; 300,03 ;   8,530799 ;   85,16
1636,81 ; 300,03 ;   7,928156 ;   79,64
1638,85 ; 300,06 ;   7,936319 ;   79,64
1640,88 ; 299,99 ;   7,331950 ;   73,73
1642,91 ; 299,99 ;   9,241057 ;   92,50
1644,95 ; 300,06 ;   8,041133 ;   80,10
1646,98 ; 299,95 ;   6,633629 ;   66,83
1649,01 ; 300,01 ;   10,140093 ;  101,33
1651,05 ; 300,01 ;   6,827802 ;   68,87
1653,08 ; 299,99 ;   7,937151 ;   79,90
1655,11 ; 299,97 ;   8,232260 ;   82,85
1657,15 ; 300,03 ;   8,439710 ;   84,52
1659,18 ; 300,09 ;   6,829602 ;   68,59
1661,21 ; 299,99 ;   6,931509 ;   69,30
1663,25 ; 300,04 ;   9,638378 ;   96,63
1665,28 ; 299,99 ;   7,127142 ;   71,24
1667,31 ; 300,04 ;   8,831587 ;   88,34
1669,35 ; 300,04 ;   7,137139 ;   71,22
1671,38 ; 299,99 ;   7,939186 ;   79,49
1673,41 ; 300,06 ;   8,838464 ;   88,32
1675,45 ; 300,06 ;   6,634134 ;   66,78
1677,48 ; 300,12 ;   7,929107 ;   79,19
1679,51 ; 300,02 ;   6,829192 ;   68,86
1681,55 ; 300,04 ;   9,741608 ;   97,66
1683,58 ; 299,99 ;   7,535353 ;   75,30
1685,61 ; 299,98 ;   8,828276 ;   88,27
1687,65 ; 300,06 ;   8,133255 ;   81,47
1689,68 ; 299,95 ;   6,521899 ;   65,36
1691,71 ; 299,97 ;   10,142352 ;  101,24
1693,75 ; 299,97 ;   7,628546 ;   76,15
1695,78 ; 300,03 ;   8,029861 ;   80,29
1697,81 ; 299,98 ;   6,828727 ;   68,51
1699,85 ; 299,99 ;   8,829569 ;   88,37
1701,88 ; 300,04 ;   7,796475 ;   78,63
1703,91 ; 300,03 ;   7,104113 ;   71,16
1705,95 ; 299,97 ;   8,013125 ;   80,90
