Tempo total (s) ;Temperatura (ºC) ; Potencia atual (W) ; Saida
P:   3.00 I: 118.00 D:  29.50 Tensão:9.482 V Temperatura ambiente:     23.61ºC
2,00 ; 299,97 ;   7,759538 ;   22,61
4,00 ; 299,99 ;   8,786182 ;   25,93
6,00 ; 299,98 ;   7,399841 ;   21,72
8,00 ; 299,97 ;   8,072073 ;   23,12
10,01 ; 299,97 ;   8,107441 ;   23,52
12,01 ; 300,01 ;   7,753121 ;   22,83
14,01 ; 299,98 ;   7,040552 ;   20,98
16,01 ; 300,04 ;   8,070233 ;   23,82
18,01 ; 300,05 ;   7,038629 ;   20,20
20,01 ; 299,96 ;   7,398915 ;   21,87
22,01 ; 300,06 ;   9,142665 ;   26,99
24,01 ; 300,05 ;   6,356383 ;   18,05
26,02 ; 299,97 ;   7,714664 ;   22,91
28,02 ; 300,08 ;   9,145230 ;   26,62
30,02 ; 300,04 ;   5,997169 ;   17,65
32,02 ; 300,01 ;   8,430960 ;   24,33
34,02 ; 299,99 ;   8,432268 ;   24,08
36,02 ; 300,01 ;   8,076822 ;   23,43
38,02 ; 300,02 ;   7,714046 ;   22,01
40,02 ; 299,96 ;   7,752357 ;   22,33
42,02 ; 300,04 ;   8,782949 ;   25,26
44,03 ; 299,96 ;   6,682877 ;   19,15
46,03 ; 299,99 ;   9,111655 ;   26,29
48,03 ; 300,01 ;   7,389445 ;   21,36
50,03 ; 299,97 ;   7,757227 ;   22,01
52,03 ; 300,02 ;   8,430963 ;   24,54
54,03 ; 300,02 ;   7,036183 ;   20,60
56,03 ; 299,98 ;   7,748943 ;   22,67
58,03 ; 300,03 ;   8,434934 ;   24,15
60,04 ; 300,01 ;   7,038234 ;   20,55
62,04 ; 300,02 ;   8,109913 ;   23,73
64,04 ; 300,05 ;   7,757442 ;   22,33
66,04 ; 300,12 ;   7,038646 ;   20,82
68,04 ; 299,98 ;   6,677714 ;   19,60
70,04 ; 300,04 ;   9,864063 ;   28,63
72,04 ; 299,98 ;   7,042204 ;   20,17
74,04 ; 300,03 ;   8,789184 ;   25,17
76,04 ; 300,02 ;   7,040405 ;   20,54
78,05 ; 300,03 ;   8,078036 ;   23,35
80,05 ; 300,05 ;   7,391539 ;   21,92
82,05 ; 299,99 ;   7,354926 ;   21,50
84,05 ; 300,01 ;   8,790188 ;   25,49
86,05 ; 299,99 ;   7,394985 ;   21,99
88,05 ; 300,03 ;   8,072106 ;   23,42
90,05 ; 299,99 ;   7,039702 ;   20,88
92,05 ; 300,03 ;   8,433420 ;   24,45
94,06 ; 300,01 ;   7,037421 ;   20,88
96,06 ; 299,99 ;   8,073123 ;   23,71
98,06 ; 299,98 ;   8,069481 ;   23,41
100,06 ; 300,04 ;   8,075600 ;   23,09
102,06 ; 300,01 ;   7,038440 ;   20,16
104,06 ; 299,97 ;   8,469381 ;   24,06
106,06 ; 300,04 ;   8,432077 ;   24,52
108,06 ; 299,97 ;   6,684577 ;   19,47
110,06 ; 299,99 ;   8,789172 ;   25,90
112,07 ; 299,95 ;   7,393967 ;   21,69
114,07 ; 299,97 ;   8,427840 ;   24,94
116,07 ; 299,95 ;   7,361748 ;   21,76
118,07 ; 300,02 ;   8,109472 ;   23,91
120,07 ; 300,04 ;   6,715577 ;   19,55
122,07 ; 300,06 ;   7,358845 ;   21,55
124,07 ; 300,08 ;   7,396499 ;   21,48
126,07 ; 299,99 ;   7,393713 ;   21,77
128,08 ; 299,98 ;   9,146176 ;   26,52
130,08 ; 299,92 ;   8,070176 ;   23,09
132,08 ; 299,95 ;   8,788455 ;   25,70
134,08 ; 300,01 ;   7,362760 ;   21,83
136,08 ; 299,97 ;   6,717241 ;   19,92
138,08 ; 299,96 ;   8,432940 ;   24,53
140,08 ; 299,97 ;   8,070961 ;   23,17
142,08 ; 299,95 ;   7,751144 ;   22,46
144,08 ; 299,99 ;   8,112441 ;   23,91
146,09 ; 300,03 ;   7,037993 ;   20,66
148,09 ; 299,94 ;   7,036843 ;   20,89
150,09 ; 300,03 ;   9,461498 ;   27,05
152,09 ; 299,92 ;   6,323956 ;   18,47
154,09 ; 300,03 ;   9,505383 ;   27,79
156,09 ; 299,99 ;   6,007094 ;   17,78
158,09 ; 300,02 ;   8,433927 ;   24,47
160,09 ; 300,03 ;   7,396634 ;   21,63
162,10 ; 300,02 ;   7,390083 ;   21,93
164,10 ; 300,01 ;   8,077608 ;   23,36
166,10 ; 300,01 ;   8,076305 ;   23,03
168,10 ; 300,03 ;   7,713607 ;   22,69
170,10 ; 299,94 ;   7,396914 ;   21,58
172,10 ; 299,95 ;   9,502215 ;   27,05
174,10 ; 299,96 ;   7,755260 ;   22,53
176,10 ; 299,91 ;   7,722593 ;   22,14
178,11 ; 299,96 ;   8,788950 ;   25,05
180,11 ; 299,99 ;   7,040297 ;   20,77
182,11 ; 300,06 ;   7,354788 ;   21,37
184,11 ; 299,99 ;   6,715184 ;   19,42
186,11 ; 300,01 ;   8,785566 ;   25,86
188,11 ; 300,04 ;   7,753944 ;   22,01
190,11 ; 300,01 ;   7,390044 ;   21,22
192,11 ; 300,01 ;   8,434687 ;   24,08
194,11 ; 300,03 ;   7,718906 ;   22,70
196,12 ; 300,10 ;   7,397952 ;   21,59
198,12 ; 300,06 ;   6,677723 ;   19,30
200,12 ; 300,03 ;   8,431517 ;   24,25
202,12 ; 300,06 ;   8,109373 ;   24,00
204,12 ; 300,12 ;   7,399061 ;   21,13
206,12 ; 299,95 ;   6,680831 ;   19,93
208,12 ; 300,01 ;   10,538509 ;   30,47
210,12 ; 299,97 ;   6,678166 ;   19,91
212,13 ; 300,02 ;   8,432936 ;   24,52
214,13 ; 299,96 ;   7,037442 ;   20,58
216,13 ; 299,92 ;   8,789578 ;   25,24
218,13 ; 300,06 ;   8,428074 ;   24,67
220,13 ; 299,98 ;   5,639807 ;   16,30
222,13 ; 299,99 ;   9,138764 ;   26,21
224,13 ; 299,97 ;   7,751652 ;   22,38
226,13 ; 299,92 ;   8,071458 ;   23,84
228,13 ; 299,98 ;   8,783478 ;   25,02
230,14 ; 300,01 ;   6,680911 ;   19,99
232,14 ; 299,96 ;   7,393775 ;   21,65
234,14 ; 300,01 ;   8,429815 ;   24,90
236,14 ; 300,03 ;   7,041556 ;   20,62
238,14 ; 300,08 ;   7,394947 ;   21,58
240,14 ; 300,04 ;   7,038831 ;   20,40
242,14 ; 300,10 ;   8,430863 ;   24,32
244,14 ; 300,08 ;   6,683105 ;   19,63
246,14 ; 300,01 ;   8,071190 ;   23,50
248,15 ; 299,98 ;   8,788327 ;   25,78
250,15 ; 299,92 ;   8,075398 ;   23,78
252,15 ; 300,05 ;   8,780016 ;   25,70
254,15 ; 299,96 ;   5,641024 ;   16,66
256,15 ; 299,95 ;   9,138228 ;   26,96
258,15 ; 299,97 ;   8,108679 ;   23,56
260,15 ; 300,10 ;   7,359684 ;   21,76
262,15 ; 299,99 ;   5,647769 ;   16,52
264,16 ; 299,99 ;   9,500753 ;   27,56
266,16 ; 299,98 ;   7,711722 ;   22,72
268,16 ; 300,03 ;   8,109167 ;   23,09
270,16 ; 300,06 ;   7,036145 ;   20,53
272,16 ; 299,98 ;   7,394818 ;   21,13
274,16 ; 299,95 ;   9,147393 ;   26,20
276,16 ; 299,99 ;   8,467778 ;   24,59
278,16 ; 300,02 ;   7,036953 ;   20,65
280,17 ; 300,01 ;   7,388351 ;   21,62
282,17 ; 299,96 ;   8,076812 ;   23,02
284,17 ; 299,90 ;   8,432512 ;   24,89
286,17 ; 299,96 ;   8,785637 ;   25,78
288,17 ; 299,99 ;   7,038364 ;   20,06
290,17 ; 299,96 ;   7,396672 ;   21,35
292,17 ; 299,98 ;   8,432077 ;   24,21
294,17 ; 299,92 ;   7,392015 ;   21,72
296,17 ; 299,98 ;   8,784588 ;   25,71
298,18 ; 299,98 ;   6,679583 ;   20,00
300,18 ; 300,01 ;   7,753800 ;   22,76
302,18 ; 300,01 ;   7,391867 ;   21,66
304,18 ; 300,05 ;   7,713396 ;   22,69
306,18 ; 300,04 ;   7,035051 ;   20,48
308,18 ; 300,03 ;   8,107002 ;   23,29
310,18 ; 300,01 ;   7,753278 ;   22,96
312,18 ; 299,94 ;   8,074514 ;   23,72
314,19 ; 300,03 ;   9,144180 ;   26,01
316,19 ; 299,98 ;   6,363610 ;   18,47
318,19 ; 299,97 ;   8,425590 ;   24,83
320,19 ; 299,96 ;   8,071065 ;   23,50
322,19 ; 300,02 ;   8,100478 ;   23,18
324,19 ; 300,03 ;   7,035268 ;   20,25
326,19 ; 300,01 ;   7,355990 ;   21,93
328,19 ; 299,98 ;   8,110677 ;   23,73
330,19 ; 299,97 ;   8,109111 ;   23,80
332,20 ; 299,94 ;   8,069479 ;   23,50
334,20 ; 299,96 ;   8,426890 ;   24,29
336,20 ; 299,99 ;   7,393905 ;   21,80
338,20 ; 300,01 ;   7,354905 ;   21,36
340,20 ; 300,01 ;   7,754621 ;   22,01
342,20 ; 299,98 ;   7,743476 ;   22,70
344,20 ; 299,96 ;   8,107349 ;   23,80
346,20 ; 300,04 ;   8,107965 ;   23,88
348,20 ; 299,94 ;   6,679276 ;   19,15
350,21 ; 299,98 ;   9,488509 ;   27,40
352,21 ; 299,97 ;   7,032699 ;   20,70
354,21 ; 300,03 ;   8,104887 ;   23,51
356,21 ; 300,04 ;   6,716896 ;   19,87
358,21 ; 300,02 ;   7,706991 ;   22,26
360,21 ; 300,05 ;   8,105513 ;   23,71
362,21 ; 299,97 ;   7,039988 ;   20,83
364,21 ; 299,96 ;   9,105285 ;   26,62
366,22 ; 300,03 ;   8,071446 ;   23,19
368,22 ; 299,95 ;   6,677906 ;   19,52
370,22 ; 300,09 ;   9,148886 ;   26,69
372,22 ; 299,99 ;   5,608412 ;   16,24
374,22 ; 299,97 ;   9,110749 ;   26,89
376,22 ; 299,98 ;   8,068344 ;   23,85
378,22 ; 300,01 ;   7,751428 ;   22,08
380,22 ; 300,01 ;   7,388188 ;   21,66
382,22 ; 299,99 ;   7,717633 ;   22,70
384,23 ; 299,95 ;   8,066075 ;   23,44
386,23 ; 299,98 ;   8,459278 ;   24,96
388,23 ; 299,96 ;   7,388592 ;   21,04
390,23 ; 299,99 ;   8,070494 ;   23,88
392,23 ; 300,05 ;   7,395761 ;   21,37
394,23 ; 300,05 ;   6,677856 ;   19,80
396,23 ; 300,02 ;   7,753813 ;   22,56
398,23 ; 299,92 ;   8,430884 ;   24,40
400,24 ; 300,03 ;   9,456748 ;   27,11
402,24 ; 300,01 ;   5,995528 ;   17,79
404,24 ; 299,98 ;   8,069741 ;   23,74
406,24 ; 300,06 ;   8,066958 ;   23,81
408,24 ; 300,01 ;   6,682425 ;   19,08
410,24 ; 299,98 ;   8,819168 ;   25,12
412,24 ; 299,94 ;   8,104885 ;   23,80
414,24 ; 299,99 ;   8,463653 ;   24,98
416,25 ; 300,02 ;   7,038734 ;   20,33
418,25 ; 299,95 ;   7,394649 ;   21,64
420,25 ; 300,05 ;   8,786421 ;   26,00
422,25 ; 300,05 ;   5,968120 ;   17,72
424,25 ; 299,98 ;   7,718263 ;   22,56
426,25 ; 299,98 ;   8,783954 ;   25,88
428,25 ; 299,96 ;   7,708703 ;   22,77
430,25 ; 300,01 ;   8,107049 ;   23,88
432,25 ; 300,01 ;   7,036655 ;   20,63
434,26 ; 299,98 ;   7,708626 ;   22,70
436,26 ; 300,03 ;   8,104502 ;   23,81
438,26 ; 300,01 ;   7,038645 ;   20,56
440,26 ; 299,96 ;   8,106618 ;   23,74
442,26 ; 299,92 ;   8,432430 ;   24,92
444,26 ; 299,90 ;   8,423331 ;   24,69
446,26 ; 299,89 ;   8,426415 ;   24,08
448,26 ; 299,97 ;   8,069473 ;   23,41
450,27 ; 299,98 ;   6,676015 ;   19,38
452,27 ; 300,03 ;   7,749012 ;   22,10
454,27 ; 300,03 ;   7,036510 ;   20,57
456,27 ; 299,88 ;   7,747711 ;   22,64
458,27 ; 300,05 ;   10,529301 ;   30,03
460,27 ; 300,01 ;   4,928449 ;   14,63
462,27 ; 300,03 ;   8,419192 ;   24,79
464,27 ; 300,03 ;   7,396034 ;   21,61
466,27 ; 300,02 ;   7,743551 ;   22,64
468,28 ; 300,01 ;   8,070872 ;   23,38
470,28 ; 299,98 ;   8,098932 ;   23,06
472,28 ; 299,96 ;   8,108284 ;   23,82
474,28 ; 300,02 ;   8,064608 ;   23,89
476,28 ; 299,98 ;   7,036886 ;   20,27
478,28 ; 299,84 ;   8,425336 ;   24,17
480,28 ; 299,94 ;   10,181629 ;   29,43
482,28 ; 299,97 ;   6,317017 ;   18,79
484,29 ; 300,01 ;   7,391442 ;   21,46
486,29 ; 299,94 ;   7,388074 ;   21,00
488,29 ; 300,15 ;   9,145881 ;   26,05
490,29 ; 299,99 ;   4,214855 ;   12,97
492,29 ; 300,02 ;   10,170532 ;   29,68
494,29 ; 300,06 ;   7,357388 ;   21,66
496,29 ; 300,09 ;   7,035257 ;   20,49
498,29 ; 300,09 ;   7,387072 ;   21,45
500,29 ; 300,04 ;   7,716077 ;   22,48
502,30 ; 300,03 ;   8,428187 ;   24,69
504,30 ; 300,05 ;   7,747177 ;   22,98
506,30 ; 300,04 ;   7,400719 ;   21,53
508,30 ; 300,06 ;   8,065490 ;   23,30
510,30 ; 300,03 ;   7,391335 ;   21,50
512,30 ; 300,01 ;   8,431893 ;   24,01
514,30 ; 300,03 ;   8,109037 ;   23,74
516,30 ; 300,01 ;   7,393058 ;   21,59
518,31 ; 300,05 ;   8,068169 ;   23,73
520,31 ; 299,99 ;   7,034962 ;   20,48
522,31 ; 300,01 ;   8,784341 ;   25,51
524,31 ; 300,03 ;   7,751857 ;   22,00
526,31 ; 299,99 ;   7,390163 ;   21,59
528,31 ; 300,10 ;   8,424514 ;   24,47
530,31 ; 300,03 ;   6,002442 ;   17,57
532,31 ; 299,96 ;   8,779204 ;   25,72
534,31 ; 299,98 ;   8,780646 ;   25,94
536,32 ; 299,96 ;   7,387517 ;   21,72
538,32 ; 299,98 ;   8,065162 ;   23,87
540,32 ; 299,94 ;   7,390786 ;   21,73
542,32 ; 299,91 ;   8,458752 ;   24,98
544,32 ; 300,03 ;   8,429322 ;   24,02
546,32 ; 300,02 ;   5,993740 ;   17,44
548,32 ; 300,01 ;   8,094674 ;   23,36
550,32 ; 300,01 ;   8,064027 ;   23,04
552,33 ; 299,97 ;   7,747386 ;   22,70
554,33 ; 300,01 ;   8,425534 ;   24,54
556,33 ; 300,03 ;   7,032760 ;   20,97
558,33 ; 299,98 ;   7,385660 ;   21,59
560,33 ; 300,09 ;   8,425070 ;   24,84
562,33 ; 299,97 ;   6,002555 ;   17,97
564,33 ; 299,98 ;   9,450943 ;   28,00
566,33 ; 300,01 ;   7,748436 ;   22,07
568,33 ; 300,03 ;   7,393393 ;   21,66
570,34 ; 299,98 ;   7,390144 ;   21,59
572,34 ; 300,03 ;   8,461134 ;   24,84
574,34 ; 300,05 ;   7,068363 ;   20,55
576,34 ; 299,95 ;   7,388226 ;   21,51
578,34 ; 300,08 ;   9,492528 ;   27,71
580,34 ; 300,04 ;   5,643761 ;   16,60
582,34 ; 299,96 ;   8,429065 ;   24,32
584,34 ; 299,97 ;   9,137125 ;   26,28
586,34 ; 299,95 ;   7,741079 ;   22,46
588,35 ; 299,97 ;   8,068185 ;   23,92
590,35 ; 299,95 ;   7,389857 ;   21,77
592,35 ; 299,96 ;   8,107125 ;   23,92
594,35 ; 299,96 ;   7,751648 ;   22,15
596,35 ; 299,97 ;   7,709977 ;   22,84
598,35 ; 300,01 ;   7,708781 ;   22,47
600,35 ; 300,08 ;   7,036394 ;   20,97
602,35 ; 299,98 ;   6,675033 ;   19,38
604,36 ; 299,95 ;   9,104098 ;   26,92
606,36 ; 299,98 ;   8,425706 ;   24,62
608,36 ; 300,06 ;   7,387312 ;   21,04
610,36 ; 300,01 ;   6,671848 ;   19,08
612,36 ; 299,94 ;   8,815435 ;   25,12
614,36 ; 299,98 ;   9,139552 ;   26,02
616,36 ; 299,98 ;   7,028457 ;   20,70
618,36 ; 299,90 ;   7,746473 ;   22,77
620,36 ; 299,97 ;   9,138945 ;   26,84
622,37 ; 300,04 ;   6,710789 ;   19,72
624,37 ; 299,98 ;   6,678556 ;   19,50
626,37 ; 300,04 ;   8,777714 ;   25,20
628,37 ; 300,02 ;   7,032692 ;   20,19
630,37 ; 300,06 ;   8,097825 ;   23,72
632,37 ; 299,97 ;   7,031730 ;   20,47
634,37 ; 300,01 ;   9,136691 ;   26,97
636,37 ; 300,02 ;   7,028070 ;   20,98
638,38 ; 300,05 ;   7,743443 ;   22,33
640,38 ; 300,03 ;   7,033864 ;   20,83
642,38 ; 299,98 ;   8,063213 ;   23,67
644,38 ; 299,95 ;   8,421399 ;   24,84
646,38 ; 299,98 ;   8,461527 ;   24,62
648,38 ; 300,02 ;   7,351525 ;   21,05
650,38 ; 299,96 ;   7,383117 ;   21,30
652,38 ; 299,95 ;   8,775533 ;   25,26
654,38 ; 300,01 ;   8,061260 ;   23,59
656,39 ; 299,92 ;   6,711307 ;   19,94
658,39 ; 299,98 ;   9,136735 ;   26,77
660,39 ; 300,04 ;   7,035221 ;   20,02
662,39 ; 300,08 ;   7,029332 ;   20,20
664,39 ; 300,10 ;   7,030770 ;   20,77
666,39 ; 299,99 ;   7,351692 ;   21,38
668,39 ; 299,99 ;   9,496094 ;   27,59
670,39 ; 300,03 ;   7,704628 ;   22,75
672,40 ; 300,09 ;   7,033105 ;   20,90
674,40 ; 300,04 ;   7,040045 ;   20,04
676,40 ; 300,04 ;   8,459067 ;   24,67
678,40 ; 299,97 ;   7,712500 ;   22,60
680,40 ; 299,98 ;   8,774300 ;   25,92
682,40 ; 299,94 ;   7,744079 ;   22,07
684,40 ; 299,95 ;   8,418637 ;   24,98
686,40 ; 299,94 ;   7,748020 ;   22,54
688,40 ; 299,99 ;   8,064360 ;   23,26
690,41 ; 300,09 ;   7,035886 ;   20,33
692,41 ; 300,04 ;   6,320821 ;   18,32
694,41 ; 299,99 ;   8,457486 ;   24,68
696,41 ; 300,10 ;   8,423805 ;   24,82
698,41 ; 300,02 ;   5,995458 ;   17,57
700,41 ; 300,01 ;   9,136279 ;   26,47
702,41 ; 300,06 ;   8,067397 ;   23,04
704,41 ; 299,98 ;   7,029842 ;   20,11
706,41 ; 299,97 ;   9,133358 ;   26,21
708,42 ; 299,99 ;   8,060716 ;   23,50
710,42 ; 299,99 ;   7,387438 ;   21,70
712,42 ; 300,01 ;   7,750972 ;   22,74
714,42 ; 300,05 ;   7,381836 ;   22,00
716,42 ; 300,06 ;   7,033977 ;   20,47
718,42 ; 300,06 ;   7,709577 ;   22,18
720,42 ; 300,03 ;   7,744119 ;   22,52
722,42 ; 300,04 ;   8,062791 ;   23,99
724,43 ; 299,98 ;   7,743354 ;   22,24
726,43 ; 299,98 ;   8,775566 ;   25,17
728,43 ; 299,97 ;   7,706395 ;   22,75
730,43 ; 300,01 ;   8,104176 ;   23,49
732,43 ; 299,99 ;   7,031219 ;   20,95
734,43 ; 300,02 ;   8,062426 ;   23,42
736,43 ; 300,08 ;   7,386288 ;   21,62
738,43 ; 299,92 ;   6,672068 ;   19,70
740,43 ; 300,06 ;   10,203452 ;   29,85
742,44 ; 300,03 ;   5,641004 ;   16,30
744,44 ; 299,92 ;   8,104101 ;   23,99
746,44 ; 300,02 ;   9,457266 ;   27,77
748,44 ; 299,98 ;   6,317148 ;   18,51
750,44 ; 299,98 ;   8,460234 ;   24,13
752,44 ; 299,94 ;   7,747336 ;   22,75
754,44 ; 299,97 ;   8,415067 ;   24,97
756,44 ; 299,97 ;   7,390556 ;   21,42
758,44 ; 299,97 ;   7,750829 ;   22,80
760,45 ; 300,05 ;   7,733273 ;   22,81
762,45 ; 299,94 ;   6,359863 ;   18,74
764,45 ; 300,06 ;   9,847721 ;   28,08
766,45 ; 300,01 ;   5,644192 ;   17,00
768,45 ; 300,05 ;   8,812764 ;   25,10
770,45 ; 299,96 ;   7,028442 ;   20,47
772,45 ; 299,98 ;   9,135667 ;   26,97
774,45 ; 299,98 ;   7,384443 ;   21,72
776,46 ; 300,03 ;   7,737435 ;   22,76
778,46 ; 299,98 ;   7,063749 ;   20,54
780,46 ; 300,01 ;   8,423025 ;   24,83
782,46 ; 300,05 ;   7,386666 ;   21,65
784,46 ; 299,95 ;   7,067949 ;   20,47
786,46 ; 299,98 ;   9,489260 ;   27,71
788,46 ; 299,96 ;   7,384516 ;   21,03
790,46 ; 299,97 ;   8,062550 ;   23,86
792,46 ; 299,95 ;   7,742250 ;   22,46
794,47 ; 299,94 ;   8,103588 ;   23,92
796,47 ; 300,02 ;   8,062601 ;   23,25
798,47 ; 300,03 ;   6,671736 ;   19,22
800,47 ; 299,98 ;   7,352730 ;   21,93
802,47 ; 299,98 ;   8,453832 ;   24,84
804,47 ; 299,97 ;   7,750305 ;   22,76
806,47 ; 299,98 ;   8,062079 ;   23,50
808,47 ; 299,98 ;   7,746951 ;   22,08
810,47 ; 299,97 ;   7,714579 ;   22,77
812,48 ; 299,99 ;   8,098626 ;   23,51
814,48 ; 300,06 ;   7,390211 ;   21,71
816,48 ; 299,92 ;   6,706241 ;   19,42
818,48 ; 300,05 ;   10,165170 ;   29,18
820,48 ; 299,97 ;   5,642788 ;   16,69
822,48 ; 299,94 ;   9,137117 ;   26,62
824,48 ; 299,94 ;   8,419685 ;   24,30
826,48 ; 299,99 ;   7,740797 ;   22,92
828,49 ; 300,02 ;   7,030173 ;   20,34
830,49 ; 299,94 ;   7,388420 ;   21,64
832,49 ; 299,99 ;   9,136382 ;   26,38
834,49 ; 300,03 ;   7,024739 ;   20,34
836,49 ; 299,98 ;   7,032568 ;   20,91
838,49 ; 300,06 ;   8,422825 ;   24,85
840,49 ; 300,12 ;   6,708754 ;   19,09
842,49 ; 300,02 ;   6,670865 ;   19,95
844,50 ; 300,03 ;   9,496712 ;   27,16
846,50 ; 300,03 ;   7,388405 ;   21,93
848,50 ; 299,98 ;   7,745886 ;   22,62
850,50 ; 300,01 ;   8,420481 ;   24,84
852,50 ; 299,97 ;   7,387399 ;   21,66
854,50 ; 300,02 ;   8,418080 ;   24,54
856,50 ; 299,92 ;   7,032162 ;   20,60
858,50 ; 299,98 ;   9,486928 ;   27,10
860,50 ; 300,03 ;   7,033323 ;   20,01
862,51 ; 299,95 ;   7,028211 ;   20,56
864,51 ; 299,99 ;   9,139332 ;   26,69
866,51 ; 299,99 ;   7,066873 ;   20,68
868,51 ; 299,98 ;   7,699418 ;   22,75
870,51 ; 300,01 ;   8,103995 ;   23,12
872,51 ; 300,02 ;   7,387969 ;   21,67
874,51 ; 300,09 ;   7,749673 ;   22,33
876,51 ; 300,03 ;   6,676395 ;   19,35
878,51 ; 300,04 ;   8,778656 ;   25,04
880,52 ; 299,97 ;   7,704968 ;   22,25
882,52 ; 299,98 ;   8,779980 ;   25,92
884,52 ; 300,06 ;   7,740209 ;   22,08
886,52 ; 300,05 ;   6,712482 ;   19,07
888,52 ; 300,03 ;   7,742243 ;   22,90
890,52 ; 300,06 ;   8,070857 ;   23,65
892,52 ; 299,98 ;   7,385555 ;   21,14
894,52 ; 299,99 ;   9,137251 ;   26,21
896,53 ; 300,02 ;   7,740444 ;   22,39
898,53 ; 299,99 ;   7,386771 ;   21,63
900,53 ; 300,04 ;   8,104433 ;   23,77
902,53 ; 299,99 ;   7,031505 ;   20,52
904,53 ; 299,99 ;   8,421724 ;   24,81
906,53 ; 300,02 ;   7,703576 ;   22,73
908,53 ; 299,98 ;   7,390197 ;   21,62
910,53 ; 300,02 ;   8,419807 ;   24,14
912,53 ; 299,99 ;   7,383598 ;   21,28
914,54 ; 300,09 ;   8,058445 ;   23,77
916,54 ; 300,05 ;   6,353454 ;   18,30
918,54 ; 300,02 ;   8,063661 ;   23,92
920,54 ; 300,05 ;   8,451237 ;   24,38
922,54 ; 300,03 ;   7,034020 ;   20,81
924,54 ; 300,03 ;   8,102220 ;   23,64
926,54 ; 300,05 ;   7,700291 ;   22,60
928,54 ; 299,99 ;   7,389115 ;   21,49
930,55 ; 300,04 ;   8,771137 ;   25,48
932,55 ; 300,01 ;   7,026802 ;   20,50
934,55 ; 300,01 ;   8,454806 ;   24,05
936,55 ; 300,03 ;   7,742508 ;   22,67
938,55 ; 300,02 ;   7,387107 ;   21,56
940,55 ; 300,12 ;   8,061894 ;   23,33
942,55 ; 300,01 ;   5,992214 ;   17,84
944,55 ; 299,96 ;   9,488796 ;   27,49
946,55 ; 300,04 ;   8,451921 ;   24,87
948,56 ; 299,88 ;   6,711743 ;   19,11
950,56 ; 299,92 ;   10,523667 ;   30,32
952,56 ; 299,99 ;   7,022063 ;   20,85
954,56 ; 300,03 ;   6,705254 ;   19,60
956,56 ; 299,92 ;   7,030358 ;   20,87
958,56 ; 300,03 ;   9,448674 ;   27,77
960,56 ; 300,06 ;   5,990285 ;   17,76
962,56 ; 299,94 ;   7,387253 ;   21,12
964,56 ; 299,99 ;   9,809966 ;   28,41
966,57 ; 300,04 ;   7,065064 ;   20,30
968,57 ; 299,99 ;   7,027972 ;   20,50
970,57 ; 299,99 ;   8,418160 ;   24,79
972,57 ; 299,96 ;   7,704639 ;   22,71
974,57 ; 299,92 ;   8,452874 ;   24,19
976,57 ; 300,05 ;   8,452568 ;   24,66
978,57 ; 299,99 ;   5,643210 ;   16,66
980,57 ; 299,98 ;   8,807594 ;   25,48
982,58 ; 300,03 ;   8,100031 ;   23,09
984,58 ; 300,05 ;   7,031860 ;   20,53
986,58 ; 300,06 ;   7,384278 ;   21,49
988,58 ; 300,03 ;   7,743747 ;   22,16
990,58 ; 300,06 ;   8,093242 ;   23,98
992,58 ; 300,06 ;   7,384212 ;   21,11
994,58 ; 300,03 ;   7,750010 ;   22,49
996,58 ; 299,97 ;   8,060465 ;   23,97
998,58 ; 300,06 ;   8,776075 ;   25,54
1000,59 ; 299,97 ;   6,311043 ;   18,35
1002,59 ; 300,05 ;   9,134746 ;   26,92
1004,59 ; 299,97 ;   6,314471 ;   18,71
1006,59 ; 299,98 ;   9,135192 ;   26,57
1008,59 ; 299,99 ;   7,735332 ;   22,03
1010,59 ; 300,03 ;   7,708277 ;   22,36
1012,59 ; 299,99 ;   7,027120 ;   20,86
1014,59 ; 300,02 ;   8,419419 ;   24,43
1016,59 ; 299,98 ;   7,384286 ;   21,59
1018,60 ; 299,95 ;   8,421492 ;   24,11
1020,60 ; 300,09 ;   8,412730 ;   24,57
1022,60 ; 300,03 ;   5,636903 ;   16,20
1024,60 ; 300,04 ;   8,421762 ;   25,00
1026,60 ; 300,02 ;   7,739161 ;   22,21
1028,60 ; 299,99 ;   8,106681 ;   23,66
1030,60 ; 300,01 ;   8,062789 ;   23,73
1032,60 ; 299,96 ;   7,383059 ;   21,96
1034,61 ; 300,05 ;   8,419248 ;   24,86
1036,61 ; 299,97 ;   6,313385 ;   18,36
1038,61 ; 299,94 ;   9,128673 ;   26,57
1040,61 ; 299,98 ;   8,411528 ;   24,25
1042,61 ; 299,99 ;   7,026924 ;   20,65
1044,61 ; 299,92 ;   7,741010 ;   22,35
1046,61 ; 300,05 ;   9,123191 ;   26,02
1048,61 ; 300,01 ;   5,637475 ;   16,64
1050,61 ; 299,98 ;   8,459024 ;   24,73
1052,62 ; 299,96 ;   8,101048 ;   23,76
1054,62 ; 300,01 ;   8,054653 ;   23,83
1056,62 ; 299,96 ;   7,023586 ;   20,58
1058,62 ; 300,05 ;   8,449825 ;   24,87
1060,62 ; 299,97 ;   6,357795 ;   18,37
1062,62 ; 299,98 ;   9,129148 ;   26,58
1064,62 ; 300,03 ;   7,740392 ;   22,04
1066,62 ; 299,94 ;   7,028304 ;   20,51
1068,63 ; 299,92 ;   9,487451 ;   27,02
1070,63 ; 300,01 ;   8,103648 ;   23,61
1072,63 ; 299,96 ;   6,318536 ;   18,86
1074,63 ; 299,97 ;   8,426282 ;   24,88
1076,63 ; 299,99 ;   7,738953 ;   22,44
1078,63 ; 300,02 ;   7,376745 ;   21,68
1080,63 ; 300,05 ;   7,351977 ;   21,61
1082,63 ; 300,05 ;   7,027736 ;   20,80
1084,63 ; 300,01 ;   7,748288 ;   22,52
1086,64 ; 299,99 ;   8,421164 ;   24,73
1088,64 ; 300,01 ;   8,091958 ;   23,40
1090,64 ; 299,96 ;   7,385141 ;   21,97
1092,64 ; 299,95 ;   8,453716 ;   24,88
1094,64 ; 299,99 ;   8,099514 ;   23,54
1096,64 ; 299,99 ;   7,064972 ;   20,64
1098,64 ; 300,05 ;   7,710668 ;   22,71
1100,64 ; 299,97 ;   6,666037 ;   19,76
1102,64 ; 299,96 ;   9,122419 ;   26,58
1104,65 ; 299,99 ;   8,097722 ;   23,15
1106,65 ; 299,98 ;   7,380556 ;   21,33
1108,65 ; 300,05 ;   8,103943 ;   23,08
1110,65 ; 299,94 ;   6,713002 ;   19,41
1112,65 ; 299,97 ;   9,836916 ;   28,06
1114,65 ; 299,92 ;   7,386259 ;   21,41
1116,65 ; 300,02 ;   8,774862 ;   25,01
1118,65 ; 300,03 ;   6,353740 ;   18,51
1120,65 ; 299,99 ;   7,382123 ;   21,91
1122,66 ; 299,98 ;   8,414760 ;   24,45
1124,66 ; 300,03 ;   8,059851 ;   23,09
1126,66 ; 299,97 ;   7,022304 ;   20,53
1128,66 ; 300,03 ;   8,804854 ;   25,55
1130,66 ; 300,04 ;   6,704127 ;   19,84
1132,66 ; 299,98 ;   7,734635 ;   22,23
1134,66 ; 299,99 ;   8,805778 ;   25,16
1136,66 ; 299,94 ;   7,736980 ;   22,37
1138,67 ; 300,03 ;   8,776329 ;   25,30
1140,67 ; 300,03 ;   6,351306 ;   18,46
1142,67 ; 300,03 ;   7,737192 ;   22,60
1144,67 ; 300,05 ;   7,743137 ;   22,60
1146,67 ; 300,03 ;   7,382229 ;   21,49
1148,67 ; 300,05 ;   8,063440 ;   23,63
1150,67 ; 300,08 ;   7,385416 ;   21,48
1152,67 ; 299,98 ;   7,380416 ;   21,41
1154,67 ; 300,05 ;   9,132001 ;   26,88
1156,68 ; 300,03 ;   6,666770 ;   19,41
1158,68 ; 300,02 ;   8,099804 ;   23,62
1160,68 ; 299,99 ;   8,060803 ;   23,32
1162,68 ; 300,01 ;   8,058337 ;   23,74
1164,68 ; 300,03 ;   7,385813 ;   21,96
1166,68 ; 299,92 ;   7,391305 ;   21,54
1168,68 ; 299,99 ;   9,486816 ;   27,75
1170,68 ; 299,98 ;   6,702395 ;   19,59
1172,68 ; 300,08 ;   8,101300 ;   23,07
1174,69 ; 300,06 ;   6,313223 ;   18,30
1176,69 ; 300,02 ;   8,100341 ;   23,18
1178,69 ; 300,06 ;   8,422985 ;   24,70
1180,69 ; 300,01 ;   7,027843 ;   20,41
1182,69 ; 299,99 ;   8,775149 ;   25,06
1184,69 ; 299,94 ;   8,098567 ;   23,38
1186,69 ; 300,05 ;   8,778339 ;   25,28
1188,69 ; 299,98 ;   5,997547 ;   17,33
1190,70 ; 300,04 ;   8,805545 ;   25,83
1192,70 ; 300,01 ;   7,031099 ;   20,13
1194,70 ; 300,04 ;   8,454145 ;   24,03
1196,70 ; 300,06 ;   7,386909 ;   21,17
1198,70 ; 299,98 ;   7,388643 ;   21,44
1200,70 ; 299,98 ;   9,130606 ;   26,17
1202,70 ; 300,05 ;   7,742659 ;   22,71
1204,70 ; 300,03 ;   6,674819 ;   19,39
1206,70 ; 300,04 ;   8,089775 ;   23,60
1208,71 ; 300,04 ;   7,743193 ;   22,20
1210,71 ; 300,04 ;   7,739188 ;   22,54
1212,71 ; 300,06 ;   7,742238 ;   22,54
1214,71 ; 299,96 ;   7,385026 ;   21,43
1216,71 ; 300,09 ;   9,448187 ;   27,26
1218,71 ; 299,95 ;   5,636246 ;   16,86
1220,71 ; 300,03 ;   10,161260 ;   29,04
1222,71 ; 300,03 ;   6,308554 ;   18,76
1224,71 ; 299,99 ;   7,745149 ;   22,55
1226,72 ; 300,05 ;   8,418250 ;   24,40
1228,72 ; 300,02 ;   6,668029 ;   19,72
1230,72 ; 300,01 ;   8,452666 ;   24,32
1232,72 ; 300,06 ;   7,742718 ;   22,97
1234,72 ; 300,05 ;   7,026579 ;   20,04
1236,72 ; 300,08 ;   7,739968 ;   22,82
1238,72 ; 299,97 ;   7,350989 ;   21,36
1240,72 ; 300,01 ;   9,487763 ;   27,57
1242,72 ; 300,02 ;   7,030246 ;   20,88
1244,73 ; 300,03 ;   7,737893 ;   22,24
1246,73 ; 299,98 ;   7,384489 ;   21,85
1248,73 ; 299,98 ;   8,455351 ;   24,75
1250,73 ; 299,99 ;   7,743726 ;   22,68
1252,73 ; 300,08 ;   7,702705 ;   22,31
1254,73 ; 300,03 ;   6,351992 ;   18,60
1256,73 ; 300,04 ;   8,418453 ;   24,61
1258,73 ; 300,01 ;   7,735858 ;   22,17
1260,74 ; 300,02 ;   8,099952 ;   23,99
1262,74 ; 299,99 ;   7,700187 ;   22,23
1264,74 ; 300,03 ;   8,100111 ;   23,69
1266,74 ; 300,01 ;   7,029604 ;   20,80
1268,74 ; 299,92 ;   8,058486 ;   23,64
1270,74 ; 299,98 ;   9,128473 ;   26,66
1272,74 ; 299,98 ;   6,672752 ;   19,91
1274,74 ; 299,98 ;   7,739111 ;   22,68
1276,74 ; 299,96 ;   7,744140 ;   22,68
1278,75 ; 300,02 ;   8,056090 ;   23,79
1280,75 ; 299,92 ;   7,033195 ;   20,17
1282,75 ; 299,88 ;   9,491228 ;   27,02
1284,75 ; 299,96 ;   8,807911 ;   25,09
1286,75 ; 300,02 ;   6,352602 ;   18,96
1288,75 ; 299,94 ;   7,024906 ;   20,18
1290,75 ; 300,03 ;   9,130707 ;   26,29
1292,75 ; 300,03 ;   6,309941 ;   18,41
1294,75 ; 299,92 ;   7,745577 ;   22,55
1296,76 ; 299,89 ;   9,485186 ;   27,72
1298,76 ; 300,03 ;   8,415216 ;   24,36
1300,76 ; 300,05 ;   5,636485 ;   16,34
1302,76 ; 300,05 ;   7,386432 ;   21,45
1304,76 ; 299,96 ;   7,739775 ;   22,48
1306,76 ; 299,98 ;   9,129982 ;   26,91
1308,76 ; 299,98 ;   7,380836 ;   21,66
1310,76 ; 299,92 ;   7,739131 ;   22,70
1312,77 ; 299,99 ;   8,771654 ;   25,65
1314,77 ; 299,98 ;   6,665023 ;   19,57
1316,77 ; 300,04 ;   8,101326 ;   23,05
1318,77 ; 299,99 ;   7,028317 ;   20,12
1320,77 ; 299,99 ;   8,453951 ;   24,75
1322,77 ; 299,99 ;   7,742760 ;   22,68
1324,77 ; 299,94 ;   7,738899 ;   22,68
1326,77 ; 299,98 ;   8,809961 ;   25,26
1328,77 ; 300,08 ;   7,023327 ;   20,63
1330,78 ; 299,95 ;   6,359745 ;   18,27
1332,78 ; 299,97 ;   9,808607 ;   28,70
1334,78 ; 299,99 ;   7,378078 ;   21,72
1336,78 ; 299,91 ;   7,383560 ;   21,65
1338,78 ; 299,99 ;   9,127640 ;   26,38
1340,78 ; 300,03 ;   6,669178 ;   19,23
1342,78 ; 300,04 ;   7,030121 ;   20,84
1344,78 ; 300,02 ;   7,743857 ;   22,20
1346,78 ; 299,94 ;   8,095939 ;   23,65
1348,79 ; 300,03 ;   9,131030 ;   26,31
1350,79 ; 300,03 ;   6,309060 ;   18,42
1352,79 ; 299,98 ;   7,745252 ;   22,57
1354,79 ; 300,02 ;   8,415329 ;   24,78
1356,79 ; 300,04 ;   7,384836 ;   21,23
1358,79 ; 300,04 ;   7,388232 ;   21,50
1360,79 ; 299,92 ;   7,734335 ;   22,54
1362,79 ; 299,94 ;   9,846487 ;   28,08
1364,79 ; 299,94 ;   7,741522 ;   22,16
1366,80 ; 300,03 ;   7,732275 ;   22,85
1368,80 ; 299,98 ;   6,351629 ;   18,43
1370,80 ; 300,05 ;   8,419274 ;   24,79
1372,80 ; 300,02 ;   6,666439 ;   19,39
1374,80 ; 300,01 ;   8,458532 ;   24,34
1376,80 ; 299,96 ;   7,743884 ;   22,98
1378,80 ; 299,95 ;   8,416231 ;   24,85
1380,80 ; 299,97 ;   8,060046 ;   23,52
1382,81 ; 299,98 ;   7,383041 ;   21,72
1384,81 ; 300,04 ;   7,735887 ;   22,02
1386,81 ; 299,99 ;   7,030632 ;   20,13
1388,81 ; 300,04 ;   8,456720 ;   24,76
1390,81 ; 300,08 ;   7,027670 ;   20,47
1392,81 ; 300,10 ;   7,025801 ;   20,70
1394,81 ; 300,03 ;   7,384024 ;   21,31
1396,81 ; 299,99 ;   8,776042 ;   25,67
1398,81 ; 300,09 ;   8,454744 ;   24,40
1400,82 ; 300,03 ;   6,353815 ;   18,25
1402,82 ; 300,12 ;   8,414040 ;   24,97
1404,82 ; 299,99 ;   6,346027 ;   18,49
1406,82 ; 300,02 ;   9,804421 ;   28,19
1408,82 ; 300,04 ;   7,382065 ;   21,56
1410,82 ; 299,91 ;   7,387731 ;   21,49
1412,82 ; 299,94 ;   9,839984 ;   28,43
1414,82 ; 299,99 ;   7,381261 ;   21,80
1416,82 ; 299,95 ;   7,027911 ;   20,25
1418,83 ; 299,98 ;   8,412931 ;   24,89
1420,83 ; 299,96 ;   7,026976 ;   20,97
1422,83 ; 300,01 ;   8,059441 ;   23,81
1424,83 ; 300,04 ;   7,024172 ;   20,56
1426,83 ; 299,96 ;   7,392208 ;   21,15
1428,83 ; 299,96 ;   9,128126 ;   26,23
1430,83 ; 299,97 ;   7,743195 ;   22,77
1432,83 ; 300,05 ;   7,733157 ;   22,41
1434,84 ; 299,95 ;   6,315009 ;   18,69
1436,84 ; 299,99 ;   9,489061 ;   27,66
1438,84 ; 300,03 ;   7,061979 ;   20,61
1440,84 ; 299,99 ;   7,067100 ;   20,84
1442,84 ; 300,03 ;   8,457582 ;   24,41
1444,84 ; 300,01 ;   7,065304 ;   20,83
1446,84 ; 299,99 ;   8,063790 ;   23,67
1448,84 ; 300,05 ;   8,056462 ;   23,37
1450,84 ; 300,02 ;   6,702709 ;   19,72
1452,85 ; 299,95 ;   8,416858 ;   24,33
1454,85 ; 300,01 ;   8,776055 ;   25,93
1456,85 ; 299,89 ;   6,673245 ;   19,87
1458,85 ; 299,94 ;   9,839980 ;   28,17
1460,85 ; 299,91 ;   7,023097 ;   20,78
1462,85 ; 300,02 ;   8,090287 ;   23,96
1464,85 ; 299,98 ;   6,353225 ;   18,13
1466,85 ; 300,02 ;   8,411699 ;   24,10
1468,85 ; 299,91 ;   7,384562 ;   21,24
1470,86 ; 299,97 ;   9,481525 ;   27,42
1472,86 ; 299,96 ;   7,022831 ;   20,35
1474,86 ; 299,95 ;   8,091657 ;   23,14
1476,86 ; 299,98 ;   8,104552 ;   23,53
1478,86 ; 299,92 ;   7,031641 ;   21,00
1480,86 ; 300,03 ;   8,771120 ;   25,68
1482,86 ; 300,04 ;   5,952427 ;   17,75
1484,86 ; 300,03 ;   7,704497 ;   22,21
1486,86 ; 300,01 ;   7,743043 ;   22,93
1488,87 ; 300,02 ;   8,087956 ;   23,69
1490,87 ; 300,02 ;   7,740952 ;   22,28
1492,87 ; 299,94 ;   7,736791 ;   22,63
1494,87 ; 300,01 ;   9,128768 ;   26,32
1496,87 ; 299,98 ;   6,703390 ;   19,55
1498,87 ; 300,02 ;   8,058080 ;   23,76
1500,87 ; 299,97 ;   7,379857 ;   21,25
1502,87 ; 299,96 ;   8,408798 ;   24,85
1504,88 ; 300,01 ;   8,054089 ;   23,14
1506,88 ; 299,99 ;   7,024786 ;   20,58
1508,88 ; 299,96 ;   8,097112 ;   23,39
1510,88 ; 299,95 ;   8,417440 ;   24,18
1512,88 ; 299,98 ;   8,055934 ;   23,54
1514,88 ; 300,05 ;   7,379325 ;   21,01
1516,88 ; 299,98 ;   6,665045 ;   19,41
1518,88 ; 300,08 ;   8,774781 ;   25,84
1520,88 ; 299,95 ;   6,346743 ;   18,30
1522,89 ; 299,97 ;   9,805601 ;   28,72
1524,89 ; 299,96 ;   7,381035 ;   21,74
1526,89 ; 300,01 ;   8,095692 ;   23,15
1528,89 ; 300,04 ;   7,024936 ;   20,59
1530,89 ; 300,05 ;   7,382375 ;   21,18
1532,89 ; 300,05 ;   7,382150 ;   21,83
1534,89 ; 299,96 ;   7,731448 ;   22,51
1536,89 ; 300,05 ;   9,128440 ;   26,94
1538,89 ; 299,97 ;   6,309977 ;   18,37
1540,90 ; 299,96 ;   9,131626 ;   26,57
1542,90 ; 299,97 ;   8,051898 ;   23,14
1544,90 ; 299,98 ;   7,744092 ;   22,43
1546,90 ; 299,97 ;   7,696884 ;   22,04
1548,90 ; 300,06 ;   8,098766 ;   23,47
1550,90 ; 299,97 ;   6,307727 ;   18,35
1552,90 ; 300,02 ;   9,132014 ;   26,92
1554,90 ; 299,97 ;   7,025122 ;   20,56
1556,90 ; 300,02 ;   8,411078 ;   24,85
1558,91 ; 300,01 ;   7,027585 ;   20,56
1560,91 ; 300,02 ;   8,091279 ;   23,01
1562,91 ; 300,01 ;   7,743185 ;   22,29
1564,91 ; 300,13 ;   8,058900 ;   23,00
1566,91 ; 300,02 ;   5,989254 ;   17,11
1568,91 ; 300,01 ;   9,487952 ;   27,47
1570,91 ; 300,05 ;   7,742997 ;   23,00
1572,91 ; 300,04 ;   7,022291 ;   20,43
1574,92 ; 300,08 ;   8,089379 ;   23,24
1576,92 ; 300,04 ;   7,060041 ;   20,70
1578,92 ; 300,01 ;   8,420257 ;   24,27
1580,92 ; 300,04 ;   8,454500 ;   24,02
1582,92 ; 299,94 ;   7,380590 ;   21,16
1584,92 ; 300,01 ;   9,486427 ;   27,34
1586,92 ; 300,02 ;   6,670382 ;   19,53
1588,92 ; 300,01 ;   7,736010 ;   22,27
1590,92 ; 300,03 ;   7,702437 ;   22,98
1592,93 ; 300,01 ;   7,387903 ;   21,53
1594,93 ; 300,04 ;   8,091307 ;   23,67
1596,93 ; 300,08 ;   7,382352 ;   21,16
1598,93 ; 300,05 ;   7,030995 ;   20,69
1600,93 ; 300,02 ;   8,094308 ;   23,52
1602,93 ; 299,98 ;   8,415625 ;   24,33
1604,93 ; 300,02 ;   8,413954 ;   24,08
1606,93 ; 300,02 ;   7,381494 ;   21,22
1608,94 ; 300,04 ;   7,733014 ;   22,60
1610,94 ; 300,05 ;   7,413917 ;   21,49
1612,94 ; 300,03 ;   7,385733 ;   21,79
1614,94 ; 300,03 ;   8,096500 ;   23,59
1616,94 ; 300,03 ;   7,738251 ;   22,55
1618,94 ; 300,01 ;   7,735431 ;   22,55
1620,94 ; 300,05 ;   8,060893 ;   23,65
1622,94 ; 299,99 ;   7,023526 ;   20,40
1624,94 ; 300,08 ;   8,777394 ;   25,43
1626,95 ; 299,96 ;   6,309070 ;   18,60
1628,95 ; 300,09 ;   9,488633 ;   27,93
1630,95 ; 299,99 ;   5,633336 ;   16,85
1632,95 ; 300,04 ;   9,128501 ;   26,80
1634,95 ; 300,01 ;   7,061578 ;   20,44
1636,95 ; 299,98 ;   8,058109 ;   23,99
1638,95 ; 300,02 ;   8,054679 ;   23,71
1640,95 ; 299,95 ;   7,389130 ;   21,20
1642,95 ; 299,96 ;   8,772322 ;   25,91
1644,96 ; 299,98 ;   7,741836 ;   22,06
1646,96 ; 299,95 ;   7,381985 ;   21,64
1648,96 ; 299,98 ;   8,415707 ;   24,53
1650,96 ; 299,99 ;   7,025681 ;   20,96
1652,96 ; 299,98 ;   7,735982 ;   22,32
1654,96 ; 299,95 ;   8,050828 ;   23,03
1656,96 ; 300,02 ;   8,450141 ;   24,53
1658,96 ; 300,01 ;   6,707151 ;   19,49
1660,96 ; 299,98 ;   7,731467 ;   22,96
1662,97 ; 299,99 ;   8,100114 ;   23,73
1664,97 ; 299,95 ;   7,698027 ;   22,32
1666,97 ; 299,97 ;   8,418303 ;   24,88
1668,97 ; 300,03 ;   7,391666 ;   21,70
1670,97 ; 300,01 ;   6,665000 ;   19,79
1672,97 ; 300,03 ;   8,097242 ;   23,66
1674,97 ; 299,96 ;   7,385140 ;   21,51
1676,97 ; 300,04 ;   8,774839 ;   25,87
1678,98 ; 299,96 ;   6,702138 ;   19,07
1680,98 ; 299,96 ;   9,122192 ;   26,22
1682,98 ; 299,95 ;   7,740211 ;   22,76
1684,98 ; 300,02 ;   8,054395 ;   23,51
1686,98 ; 299,94 ;   6,702150 ;   19,49
1688,98 ; 299,98 ;   9,122623 ;   26,30
1690,98 ; 299,99 ;   7,025355 ;   20,63
1692,98 ; 299,97 ;   7,742076 ;   22,33
1694,98 ; 299,98 ;   8,056547 ;   23,79
1696,99 ; 299,95 ;   7,740629 ;   22,01
1698,99 ; 299,91 ;   8,421099 ;   24,55
1700,99 ; 299,97 ;   8,413700 ;   24,30
1702,99 ; 299,97 ;   7,022073 ;   20,34
1704,99 ; 299,99 ;   7,738863 ;   22,76
1706,99 ; 299,99 ;   7,382308 ;   21,65
1708,99 ; 299,97 ;   7,744516 ;   22,69
1710,99 ; 300,01 ;   8,054807 ;   23,80
1712,99 ; 300,03 ;   7,024799 ;   20,92
1715,00 ; 300,09 ;   7,382993 ;   21,54
1717,00 ; 299,98 ;   6,704950 ;   19,99
1719,00 ; 299,97 ;   9,446136 ;   27,20
1721,00 ; 299,98 ;   8,060327 ;   23,45
1723,00 ; 299,95 ;   7,734305 ;   22,02
1725,00 ; 300,01 ;   8,452924 ;   24,56
1727,00 ; 299,96 ;   6,703750 ;   19,88
1729,00 ; 299,99 ;   8,411447 ;   24,86
1731,01 ; 300,02 ;   7,378460 ;   21,31
1733,01 ; 299,98 ;   7,377699 ;   21,59
1735,01 ; 299,97 ;   8,419589 ;   24,10
1737,01 ; 300,04 ;   8,062237 ;   23,46
1739,01 ; 300,01 ;   6,668555 ;   19,44
1741,01 ; 299,96 ;   8,419149 ;   24,03
1743,01 ; 299,98 ;   8,447218 ;   24,86
1745,01 ; 300,04 ;   7,383676 ;   21,68
1747,01 ; 300,01 ;   7,024352 ;   20,13
1749,02 ; 299,99 ;   8,452146 ;   24,03
1751,02 ; 299,98 ;   8,097785 ;   23,39
1753,02 ; 299,95 ;   8,055950 ;   23,06
1755,02 ; 300,08 ;   8,412252 ;   24,57
1757,02 ; 299,97 ;   5,636328 ;   16,56
1759,02 ; 299,94 ;   9,487344 ;   27,60
1761,02 ; 300,02 ;   8,419613 ;   24,24
1763,02 ; 300,06 ;   6,674560 ;   19,17
1765,02 ; 300,03 ;   7,025854 ;   20,41
1767,03 ; 299,95 ;   8,092571 ;   23,96
1769,03 ; 300,15 ;   9,131394 ;   26,64
1771,03 ; 300,04 ;   4,568217 ;   13,23
1773,03 ; 299,97 ;   9,448723 ;   27,38
1775,03 ; 300,10 ;   8,774776 ;   25,87
1777,03 ; 300,05 ;   5,632654 ;   16,48
1779,03 ; 300,01 ;   8,411317 ;   24,57
1781,03 ; 300,02 ;   8,419503 ;   24,71
1783,03 ; 299,97 ;   7,737606 ;   22,26
1785,04 ; 300,02 ;   8,421390 ;   24,82
1787,04 ; 299,96 ;   7,031105 ;   20,54
1789,04 ; 300,02 ;   8,770377 ;   25,19
1791,04 ; 299,94 ;   7,026050 ;   20,19
1793,04 ; 300,02 ;   9,099770 ;   26,30
1795,04 ; 300,02 ;   6,663715 ;   19,16
1797,04 ; 299,96 ;   7,703816 ;   22,61
1799,04 ; 299,97 ;   8,777315 ;   25,20
1801,05 ; 299,97 ;   7,737961 ;   22,41
1803,05 ; 299,99 ;   7,703114 ;   22,76
1805,05 ; 300,04 ;   7,380899 ;   21,65
1807,05 ; 299,99 ;   7,028770 ;   20,47
1809,05 ; 300,03 ;   8,448581 ;   24,76
1811,05 ; 300,13 ;   7,057077 ;   20,84
1813,05 ; 300,08 ;   6,350876 ;   18,13
1815,05 ; 300,03 ;   8,415337 ;   24,49
1817,05 ; 300,04 ;   8,411368 ;   24,63
1819,06 ; 299,99 ;   7,740254 ;   22,18
1821,06 ; 300,08 ;   8,415650 ;   24,74
1823,06 ; 300,03 ;   6,305763 ;   18,61
1825,06 ; 299,97 ;   8,416816 ;   24,62
1827,06 ; 299,98 ;   8,772614 ;   25,50
1829,06 ; 300,04 ;   7,732786 ;   22,00
1831,06 ; 300,04 ;   7,027199 ;   20,11
1833,06 ; 300,02 ;   7,742602 ;   22,52
1835,06 ; 299,97 ;   8,053090 ;   23,63
1837,07 ; 299,99 ;   8,448663 ;   24,81
1839,07 ; 299,97 ;   7,385684 ;   21,63
1841,07 ; 299,95 ;   8,060937 ;   23,77
1843,07 ; 299,98 ;   8,087116 ;   23,85
1845,07 ; 299,99 ;   7,058074 ;   20,97
1847,07 ; 300,04 ;   7,699348 ;   22,33
1849,07 ; 299,97 ;   7,024492 ;   20,46
1851,07 ; 299,98 ;   8,775708 ;   25,85
1853,08 ; 299,98 ;   7,737314 ;   22,00
1855,08 ; 299,97 ;   7,695139 ;   22,70
1857,08 ; 299,91 ;   8,101978 ;   23,43
1859,08 ; 299,99 ;   8,810160 ;   25,33
1861,08 ; 299,97 ;   6,708637 ;   19,22
1863,08 ; 299,98 ;   8,060861 ;   23,79
1865,08 ; 299,99 ;   7,734044 ;   22,01
1867,08 ; 300,04 ;   7,742398 ;   22,34
1869,08 ; 300,02 ;   7,023740 ;   20,47
1871,09 ; 300,02 ;   8,092667 ;   23,64
1873,09 ; 300,04 ;   7,742635 ;   22,61
1875,09 ; 300,06 ;   7,379804 ;   21,50
1877,09 ; 299,99 ;   7,381184 ;   21,42
1879,09 ; 300,01 ;   8,773629 ;   25,78
1881,09 ; 300,03 ;   7,383846 ;   21,93
1883,09 ; 300,03 ;   7,379972 ;   21,52
1885,09 ; 299,98 ;   7,742723 ;   22,55
1887,09 ; 299,96 ;   8,411122 ;   24,77
1889,10 ; 300,08 ;   8,055088 ;   23,80
1891,10 ; 300,01 ;   5,992560 ;   17,23
1893,10 ; 299,99 ;   8,774673 ;   25,73
1895,10 ; 299,95 ;   8,053626 ;   23,36
1897,10 ; 299,96 ;   8,452400 ;   24,88
1899,10 ; 299,92 ;   7,735904 ;   22,08
1901,10 ; 299,95 ;   8,409671 ;   24,62
1903,10 ; 300,01 ;   7,378323 ;   21,78
1905,10 ; 299,98 ;   6,665363 ;   19,87
1907,11 ; 300,02 ;   8,094033 ;   23,74
1909,11 ; 300,02 ;   7,379707 ;   21,23
1911,11 ; 299,98 ;   7,736599 ;   22,61
1913,11 ; 299,95 ;   8,450530 ;   24,08
1915,11 ; 300,01 ;   8,453015 ;   24,55
1917,11 ; 300,06 ;   6,673377 ;   19,87
1919,11 ; 300,02 ;   7,025084 ;   20,05
1921,11 ; 299,98 ;   8,414494 ;   24,68
1923,12 ; 300,04 ;   8,412648 ;   24,08
1925,12 ; 299,97 ;   7,024480 ;   20,12
1927,12 ; 300,01 ;   8,768650 ;   25,86
1929,12 ; 299,99 ;   7,021839 ;   20,90
1931,12 ; 300,01 ;   8,054857 ;   23,37
1933,12 ; 299,97 ;   7,386573 ;   21,94
1935,12 ; 300,02 ;   8,412065 ;   24,48
1937,12 ; 299,98 ;   7,024392 ;   20,53
1939,12 ; 299,42 ;   8,417768 ;   24,08
1941,13 ; 297,60 ;   17,146159 ;   49,30
1943,13 ; 295,22 ;   38,424447 ;  110,51
1945,13 ; 292,84 ;   43,124830 ;  125,00
1947,13 ; 290,80 ;   43,165923 ;  125,00
1949,13 ; 289,21 ;   40,804105 ;  117,89
1951,13 ; 287,90 ;   35,862298 ;  103,87
1953,13 ; 287,25 ;   33,051602 ;   95,96
1955,14 ; 286,86 ;   24,034527 ;   69,22
1957,14 ; 286,89 ;   20,569368 ;   59,64
1959,14 ; 287,16 ;   14,293719 ;   41,56
1961,14 ; 287,62 ;   10,787070 ;   31,05
1963,14 ; 288,23 ;   7,350348 ;   21,67
1965,14 ; 289,00 ;   4,588416 ;   13,87
1967,14 ; 289,80 ;   1,424213 ;    4,87
1969,14 ; 290,48 ;   0,395595 ;    1,94
1971,15 ; 291,23 ;   1,786533 ;    5,22
1973,15 ; 291,96 ;   00000,00 ;    0,63
1975,15 ; 292,47 ;   00000,00 ;    0,00
1977,15 ; 292,99 ;   2,816351 ;    8,43
1979,15 ; 293,46 ;   2,104776 ;    6,54
1981,15 ; 293,76 ;   2,460820 ;    7,88
1983,15 ; 293,98 ;   4,960726 ;   14,90
1985,15 ; 294,23 ;   6,310075 ;   18,01
1987,16 ; 294,38 ;   5,630107 ;   16,18
1989,16 ; 294,50 ;   7,024475 ;   20,13
1991,16 ; 294,63 ;   7,387056 ;   21,79
1993,16 ; 294,61 ;   7,027242 ;   20,98
1995,16 ; 294,70 ;   9,802652 ;   28,23
1997,16 ; 294,72 ;   8,062210 ;   23,03
1999,16 ; 294,70 ;   9,123447 ;   26,71
2001,16 ; 294,74 ;   9,841889 ;   28,78
2003,16 ; 294,72 ;   8,775859 ;   25,80
2005,17 ; 294,80 ;   10,160547 ;   29,25
2007,17 ; 294,77 ;   8,418842 ;   24,79
2009,17 ; 294,91 ;   10,165413 ;   29,98
2011,17 ; 294,93 ;   7,699424 ;   22,22
2013,17 ; 295,06 ;   9,487469 ;   27,59
2015,17 ; 295,09 ;   7,744341 ;   22,60
2017,17 ; 295,29 ;   9,445964 ;   27,25
2019,17 ; 295,44 ;   6,664682 ;   19,65
2021,18 ; 295,50 ;   7,385760 ;   21,51
2023,18 ; 295,52 ;   8,773226 ;   25,35
2025,18 ; 295,63 ;   9,448962 ;   27,24
2027,18 ; 295,75 ;   8,059760 ;   23,33
2029,18 ; 295,88 ;   7,744026 ;   22,85
2031,18 ; 295,94 ;   7,346698 ;   21,97
2033,18 ; 296,18 ;   8,779524 ;   25,47
2035,18 ; 296,27 ;   5,635903 ;   16,64
2037,19 ; 296,30 ;   8,097115 ;   23,11
2039,19 ; 296,40 ;   8,806336 ;   25,97
2041,19 ; 296,53 ;   8,092623 ;   23,11
2043,19 ; 296,62 ;   7,378532 ;   21,16
2045,19 ; 296,76 ;   8,100190 ;   23,15
2047,19 ; 296,80 ;   7,026608 ;   20,47
2049,19 ; 296,84 ;   8,773990 ;   25,01
2051,19 ; 296,96 ;   8,415285 ;   24,68
2053,19 ; 297,08 ;   7,376838 ;   21,38
2055,20 ; 297,13 ;   7,375511 ;   21,18
2057,20 ; 297,20 ;   8,456899 ;   24,29
2059,20 ; 297,28 ;   8,095195 ;   23,18
2061,20 ; 297,38 ;   7,696418 ;   22,38
2063,20 ; 297,49 ;   7,380390 ;   21,88
2065,20 ; 297,58 ;   7,025655 ;   20,62
2067,20 ; 297,60 ;   7,386674 ;   21,87
2069,20 ; 297,56 ;   8,412199 ;   24,68
2071,21 ; 297,67 ;   9,480750 ;   27,69
2073,21 ; 297,84 ;   7,028591 ;   20,92
2075,21 ; 297,77 ;   6,348625 ;   18,11
2077,21 ; 297,95 ;   9,843984 ;   28,81
2079,21 ; 297,90 ;   5,992282 ;   17,31
2081,21 ; 298,08 ;   9,491138 ;   27,58
2083,21 ; 298,09 ;   5,995263 ;   17,12
2085,21 ; 298,10 ;   8,450145 ;   24,80
2087,22 ; 298,17 ;   8,415182 ;   24,50
2089,22 ; 298,24 ;   7,389356 ;   21,96
2091,22 ; 298,27 ;   7,384744 ;   21,84
2093,22 ; 298,30 ;   8,058892 ;   23,93
2095,22 ; 298,32 ;   8,058211 ;   23,58
2097,22 ; 298,43 ;   8,096583 ;   23,94
2099,22 ; 298,44 ;   6,679365 ;   19,89
2101,22 ; 298,54 ;   8,414553 ;   24,44
2103,22 ; 298,57 ;   7,026202 ;   20,06
2105,23 ; 298,54 ;   8,091189 ;   23,15
2107,23 ; 298,62 ;   9,130808 ;   26,08
2109,23 ; 298,57 ;   7,377904 ;   21,08
2111,23 ; 298,75 ;   9,132564 ;   26,82
2113,23 ; 298,66 ;   5,634121 ;   16,33
2115,23 ; 298,84 ;   9,839603 ;   28,77
2117,23 ; 298,87 ;   5,640185 ;   16,20
2119,23 ; 298,82 ;   7,741499 ;   22,73
2121,24 ; 298,89 ;   9,129578 ;   26,38
2123,24 ; 298,98 ;   7,390865 ;   21,05
2125,24 ; 299,00 ;   7,024264 ;   20,15
2127,24 ; 299,05 ;   7,737304 ;   22,89
2129,24 ; 298,98 ;   7,377112 ;   21,77
2131,24 ; 299,05 ;   9,133158 ;   26,84
2133,24 ; 299,12 ;   7,378146 ;   21,18
2135,24 ; 299,20 ;   7,029353 ;   20,66
2137,24 ; 299,19 ;   6,672878 ;   19,75
2139,25 ; 299,27 ;   8,414981 ;   24,33
2141,25 ; 299,23 ;   6,668202 ;   19,62
2143,25 ; 299,26 ;   8,775608 ;   25,68
2145,25 ; 299,23 ;   7,736105 ;   22,16
2147,25 ; 299,34 ;   8,418073 ;   24,69
2149,25 ; 299,33 ;   6,314131 ;   18,52
2151,25 ; 299,30 ;   8,447860 ;   24,13
2153,25 ; 299,33 ;   8,449988 ;   24,95
2155,25 ; 299,39 ;   7,741145 ;   22,13
2157,26 ; 299,42 ;   7,027951 ;   20,59
2159,26 ; 299,40 ;   7,387668 ;   21,91
2161,26 ; 299,40 ;   8,416089 ;   24,43
2163,26 ; 299,46 ;   8,057975 ;   23,42
2165,26 ; 299,53 ;   7,023815 ;   20,50
2167,26 ; 299,48 ;   6,707847 ;   19,97
2169,26 ; 299,53 ;   8,775453 ;   25,68
2171,26 ; 299,59 ;   7,024309 ;   20,71
2173,27 ; 299,59 ;   7,066329 ;   20,20
2175,27 ; 299,55 ;   7,738667 ;   22,98
2177,27 ; 299,60 ;   8,447423 ;   24,85
2179,27 ; 299,67 ;   7,033076 ;   20,93
2181,27 ; 299,65 ;   6,668054 ;   19,69
2183,27 ; 299,65 ;   8,098405 ;   23,93
2185,27 ; 299,72 ;   7,707199 ;   22,91
2187,27 ; 299,63 ;   6,666522 ;   19,60
2189,27 ; 299,65 ;   9,457950 ;   27,16
2191,28 ; 299,69 ;   7,382927 ;   21,93
2193,28 ; 299,70 ;   7,382304 ;   21,13
2195,28 ; 299,63 ;   7,740393 ;   22,51
2197,28 ; 299,71 ;   9,126695 ;   26,19
2199,28 ; 299,76 ;   6,674475 ;   19,04
2201,28 ; 299,77 ;   7,030719 ;   20,64
2203,28 ; 299,72 ;   7,736429 ;   22,35
2205,28 ; 299,76 ;   8,454107 ;   24,93
2207,29 ; 299,76 ;   7,381609 ;   21,02
2209,29 ; 299,80 ;   7,742630 ;   22,76
2211,29 ; 299,80 ;   7,023910 ;   20,56
2213,29 ; 299,83 ;   8,097077 ;   23,01
2215,29 ; 299,82 ;   7,385471 ;   21,20
2217,29 ; 299,71 ;   7,738333 ;   22,96
2219,29 ; 299,83 ;   9,456754 ;   27,79
2221,29 ; 299,84 ;   5,986874 ;   17,43
2223,29 ; 299,87 ;   7,384134 ;   21,88
2225,30 ; 299,74 ;   7,378760 ;   21,47
2227,30 ; 299,85 ;   9,843300 ;   28,43
2229,30 ; 299,85 ;   5,996085 ;   17,74
2231,30 ; 299,90 ;   7,738255 ;   22,59
2233,30 ; 299,85 ;   7,032384 ;   20,38
2235,30 ; 299,85 ;   8,415237 ;   24,67
2237,30 ; 299,84 ;   7,734809 ;   22,61
2239,30 ; 299,90 ;   7,742414 ;   22,98
2241,31 ; 299,88 ;   7,028805 ;   20,06
2243,31 ; 299,92 ;   8,060691 ;   23,59
2245,31 ; 299,91 ;   7,026413 ;   20,35
2247,31 ; 299,83 ;   7,733261 ;   22,79
2249,31 ; 299,90 ;   9,095382 ;   26,51
2251,31 ; 299,96 ;   6,665761 ;   19,40
2253,31 ; 299,85 ;   6,711654 ;   19,56
2255,31 ; 299,95 ;   9,450120 ;   27,50
2257,31 ; 299,92 ;   6,309120 ;   18,23
2259,32 ; 299,95 ;   8,056739 ;   23,49
2261,32 ; 299,87 ;   7,381498 ;   21,35
2263,32 ; 299,91 ;   9,129863 ;   26,08
2265,32 ; 299,92 ;   7,057172 ;   20,42
2267,32 ; 299,91 ;   7,703670 ;   22,13
2269,32 ; 300,01 ;   7,741475 ;   22,84
2271,32 ; 300,03 ;   6,310411 ;   18,07
2273,32 ; 299,90 ;   7,378189 ;   21,11
2275,33 ; 299,98 ;   9,845613 ;   28,42
2277,33 ; 299,97 ;   6,350419 ;   18,49
2279,33 ; 300,02 ;   8,091520 ;   23,03
2281,33 ; 299,98 ;   7,026440 ;   20,13
2283,33 ; 299,95 ;   8,105046 ;   23,68
2285,33 ; 300,02 ;   8,453900 ;   24,14
2287,33 ; 300,03 ;   6,676453 ;   19,09
2289,33 ; 300,12 ;   7,381775 ;   21,46
2291,33 ; 300,01 ;   6,308176 ;   18,09
2293,34 ; 300,06 ;   9,450042 ;   27,06
2295,34 ; 300,08 ;   6,667794 ;   19,63
2297,34 ; 300,05 ;   7,386631 ;   21,31
2299,34 ; 300,05 ;   8,092051 ;   23,10
2301,34 ; 300,08 ;   7,738260 ;   22,06
2303,34 ; 300,03 ;   7,028889 ;   20,95
2305,34 ; 300,05 ;   8,413485 ;   24,20
2307,34 ; 300,05 ;   7,383242 ;   21,02
2309,34 ; 300,05 ;   7,734156 ;   22,05
2311,35 ; 299,98 ;   7,740942 ;   22,05
2313,35 ; 300,03 ;   8,768558 ;   25,37
2315,35 ; 300,06 ;   7,022926 ;   20,05
2317,35 ; 300,04 ;   7,025102 ;   20,64
2319,35 ; 300,03 ;   8,091434 ;   23,13
2321,35 ; 300,10 ;   7,742615 ;   22,46
2323,35 ; 300,08 ;   6,344846 ;   18,79
2325,35 ; 300,03 ;   8,058326 ;   23,00
2327,36 ; 300,02 ;   8,414350 ;   24,18
2329,36 ; 300,04 ;   7,699866 ;   22,84
2331,36 ; 300,09 ;   7,380418 ;   21,04
2333,36 ; 300,01 ;   6,704060 ;   19,86
2335,36 ; 300,10 ;   8,773612 ;   25,62
2337,36 ; 299,99 ;   5,954483 ;   17,73
2339,36 ; 300,05 ;   9,490723 ;   27,04
2341,36 ; 300,05 ;   6,670187 ;   19,25
2343,36 ; 300,09 ;   7,738751 ;   22,01
2345,37 ; 300,06 ;   7,026780 ;   20,53
2347,37 ; 300,05 ;   8,055036 ;   23,02
2349,37 ; 300,02 ;   7,738102 ;   22,35
2351,37 ; 300,01 ;   8,063466 ;   23,85
2353,37 ; 300,02 ;   7,739809 ;   22,49
2355,37 ; 300,02 ;   7,379603 ;   21,77
2357,37 ; 300,02 ;   7,699367 ;   22,12
2359,37 ; 300,05 ;   7,741653 ;   22,12
2361,37 ; 300,03 ;   7,028681 ;   20,27
2363,38 ; 299,99 ;   8,056948 ;   23,10
2365,38 ; 300,04 ;   8,092652 ;   23,91
2367,38 ; 300,13 ;   6,709343 ;   19,97
2369,38 ; 299,99 ;   5,988885 ;   17,98
2371,38 ; 300,05 ;   9,807264 ;   28,05
2373,38 ; 300,01 ;   6,671578 ;   19,22
2375,38 ; 299,99 ;   8,416724 ;   24,20
2377,38 ; 300,12 ;   7,736248 ;   22,86
2379,39 ; 299,99 ;   5,635495 ;   16,26
2381,39 ; 300,04 ;   9,447604 ;   27,70
2383,39 ; 300,01 ;   6,665406 ;   19,95
2385,39 ; 300,03 ;   8,097006 ;   23,50
2387,39 ; 300,01 ;   7,375958 ;   21,01
2389,39 ; 299,99 ;   8,059030 ;   23,15
2391,39 ; 300,05 ;   7,735745 ;   22,85
2393,39 ; 300,01 ;   6,672487 ;   19,21
2395,39 ; 299,99 ;   8,417988 ;   24,19
2397,40 ; 300,02 ;   7,704922 ;   22,85
2399,40 ; 300,03 ;   7,381377 ;   21,05
2401,40 ; 299,99 ;   7,380720 ;   21,35
2403,40 ; 300,03 ;   8,096215 ;   23,89
2405,40 ; 299,98 ;   7,060402 ;   20,31
2407,40 ; 300,01 ;   8,454618 ;   24,26
2409,40 ; 300,02 ;   7,382681 ;   21,07
2411,40 ; 300,05 ;   7,383957 ;   21,74
2413,41 ; 299,98 ;   7,029140 ;   20,24
2415,41 ; 300,01 ;   8,810150 ;   25,29
2417,41 ; 300,03 ;   7,380878 ;   21,07
2419,41 ; 299,99 ;   7,029912 ;   21,00
2421,41 ; 299,92 ;   8,098119 ;   23,88
2423,41 ; 299,99 ;   8,774102 ;   25,48
2425,41 ; 300,03 ;   6,705191 ;   19,05
2427,41 ; 300,03 ;   7,029432 ;   20,31
2429,41 ; 299,99 ;   7,703130 ;   22,04
2431,42 ; 299,97 ;   8,090749 ;   23,88
2433,42 ; 299,96 ;   8,098888 ;   23,26
2435,42 ; 299,99 ;   7,702979 ;   22,60
2437,42 ; 300,01 ;   7,029901 ;   20,78
2439,42 ; 300,01 ;   7,383327 ;   21,42
2441,42 ; 299,99 ;   7,737144 ;   22,11
2443,42 ; 300,09 ;   7,743894 ;   22,85
2445,42 ; 299,95 ;   5,990742 ;   17,73
2447,43 ; 299,98 ;   9,807736 ;   28,52
2449,43 ; 299,97 ;   7,023170 ;   20,45
2451,43 ; 299,96 ;   7,736116 ;   22,92
2453,43 ; 299,99 ;   7,743240 ;   22,60
2455,43 ; 299,99 ;   7,028944 ;   20,78
2457,43 ; 300,01 ;   7,700838 ;   22,16
2459,43 ; 300,05 ;   7,387452 ;   21,42
2461,43 ; 299,96 ;   6,666868 ;   19,90
2463,43 ; 300,01 ;   9,099558 ;   26,40
2465,44 ; 300,01 ;   7,020940 ;   20,04
2467,44 ; 299,97 ;   7,742450 ;   22,11
2469,44 ; 299,92 ;   8,056287 ;   23,96
2471,44 ; 299,97 ;   8,411114 ;   24,45
2473,44 ; 299,98 ;   7,026317 ;   20,17
2475,44 ; 299,95 ;   7,381513 ;   21,50
2477,44 ; 299,96 ;   8,449371 ;   24,04
2479,44 ; 300,01 ;   7,382515 ;   21,58
2481,45 ; 299,95 ;   7,025392 ;   20,05
2483,45 ; 299,96 ;   8,805049 ;   25,08
2485,45 ; 299,98 ;   7,384376 ;   21,58
2487,45 ; 299,92 ;   7,385094 ;   21,16
2489,45 ; 299,98 ;   8,776805 ;   25,16
2491,45 ; 299,99 ;   6,708439 ;   19,44
2493,45 ; 299,96 ;   7,383513 ;   21,84
2495,45 ; 299,97 ;   8,060876 ;   23,66
2497,45 ; 299,92 ;   7,380094 ;   21,91
2499,46 ; 300,03 ;   8,416478 ;   24,47
2501,46 ; 299,99 ;   5,957710 ;   17,23
2503,46 ; 300,01 ;   8,098208 ;   23,92
2505,46 ; 299,99 ;   7,381512 ;   21,45
2507,46 ; 300,03 ;   7,698976 ;   22,88
2509,46 ; 300,03 ;   7,027402 ;   20,34
2511,46 ; 299,98 ;   7,744065 ;   22,07
2513,46 ; 299,98 ;   8,414113 ;   24,28
2515,46 ; 300,01 ;   7,733729 ;   22,21
2517,47 ; 299,97 ;   7,382751 ;   21,10
2519,47 ; 299,98 ;   8,097665 ;   23,99
2521,47 ; 299,96 ;   7,384281 ;   21,52
2523,47 ; 300,02 ;   8,097932 ;   23,32
2525,47 ; 300,04 ;   6,676118 ;   19,70
2527,47 ; 299,94 ;   7,380467 ;   21,01
2529,47 ; 299,95 ;   9,125875 ;   26,85
2531,47 ; 299,96 ;   7,380636 ;   21,99
2533,47 ; 299,92 ;   7,381030 ;   21,60
2535,48 ; 299,98 ;   8,414371 ;   24,14
2537,48 ; 299,98 ;   6,666332 ;   19,46
2539,48 ; 299,97 ;   7,743734 ;   22,23
2541,48 ; 299,98 ;   7,699523 ;   22,97
2543,48 ; 299,99 ;   7,386366 ;   21,54
2545,48 ; 300,01 ;   7,380873 ;   21,86
2547,48 ; 300,02 ;   7,381292 ;   21,47
2549,48 ; 299,99 ;   7,380573 ;   21,79
2551,49 ; 299,98 ;   8,100621 ;   23,24
2553,49 ; 300,02 ;   7,731350 ;   22,57
2555,49 ; 300,01 ;   7,060868 ;   20,75
2557,49 ; 300,05 ;   7,699888 ;   22,50
2559,49 ; 300,03 ;   6,707115 ;   19,94
2561,49 ; 299,88 ;   8,064374 ;   23,12
2563,49 ; 300,03 ;   10,160258 ;   29,47
2565,49 ; 299,96 ;   5,278910 ;   15,18
2567,49 ; 299,98 ;   8,772505 ;   25,41
2569,50 ; 299,96 ;   7,380802 ;   21,19
2571,50 ; 299,96 ;   8,100776 ;   23,34
2573,50 ; 299,96 ;   7,744946 ;   22,30
2575,50 ; 299,95 ;   7,736132 ;   22,31
2577,50 ; 300,01 ;   8,098831 ;   23,05
2579,50 ; 299,91 ;   6,673670 ;   19,40
2581,50 ; 299,98 ;   9,128507 ;   26,60
2583,50 ; 299,99 ;   6,707525 ;   19,14
2585,51 ; 299,99 ;   7,383509 ;   21,88
2587,51 ; 299,98 ;   7,698546 ;   22,22
2589,51 ; 300,01 ;   7,742884 ;   22,59
2591,51 ; 299,92 ;   7,379656 ;   21,14
2593,51 ; 299,99 ;   9,126969 ;   26,24
2595,51 ; 299,92 ;   6,670861 ;   19,12
2597,51 ; 300,01 ;   8,774432 ;   25,55
2599,51 ; 299,92 ;   6,355498 ;   18,38
2601,51 ; 300,05 ;   9,125126 ;   26,25
2603,52 ; 300,03 ;   5,633148 ;   16,17
2605,52 ; 299,99 ;   8,066656 ;   23,15
2607,52 ; 300,06 ;   8,055543 ;   23,96
2609,52 ; 299,92 ;   6,355072 ;   18,91
2611,52 ; 300,04 ;   9,801819 ;   28,66
2613,52 ; 300,05 ;   5,637135 ;   16,91
2615,52 ; 300,02 ;   7,383539 ;   21,35
2617,52 ; 300,01 ;   8,060586 ;   23,88
2619,53 ; 300,03 ;   7,733996 ;   22,52
2621,53 ; 300,01 ;   7,350507 ;   21,07
2623,53 ; 299,98 ;   8,097973 ;   23,21
2625,53 ; 300,09 ;   8,063736 ;   23,28
2627,53 ; 300,03 ;   5,989375 ;   17,45
2629,53 ; 299,98 ;   8,415763 ;   24,52
2631,53 ; 300,01 ;   8,414401 ;   24,32
2633,53 ; 300,09 ;   7,381335 ;   21,13
2635,53 ; 300,01 ;   6,316344 ;   18,48
2637,54 ; 299,98 ;   8,778356 ;   25,62
2639,54 ; 299,98 ;   8,058385 ;   23,27
2641,54 ; 299,98 ;   7,737878 ;   22,24
2643,54 ; 299,98 ;   7,744603 ;   22,24
2645,54 ; 300,04 ;   7,734756 ;   22,24
2647,54 ; 300,06 ;   6,704742 ;   19,66
2649,54 ; 299,99 ;   7,026777 ;   20,96
2651,54 ; 300,01 ;   8,775958 ;   25,32
2653,55 ; 299,98 ;   7,381680 ;   21,47
2655,55 ; 299,98 ;   8,095739 ;   23,27
2657,55 ; 299,99 ;   7,740020 ;   22,24
2659,55 ; 299,95 ;   7,380874 ;   21,87
2661,55 ; 300,01 ;   8,410906 ;   24,43
2663,55 ; 299,97 ;   6,665957 ;   19,40
2665,55 ; 299,97 ;   8,456763 ;   24,02
2667,55 ; 299,98 ;   7,741897 ;   22,29
2669,55 ; 300,01 ;   7,381573 ;   21,55
2671,56 ; 299,97 ;   7,381549 ;   21,14
2673,56 ; 300,12 ;   8,415339 ;   24,02
2675,56 ; 300,03 ;   5,278519 ;   15,28
2677,56 ; 299,98 ;   8,773061 ;   25,90
2679,56 ; 300,06 ;   8,416874 ;   24,31
2681,56 ; 300,02 ;   6,312034 ;   18,54
2683,56 ; 300,03 ;   8,453603 ;   24,21
2685,56 ; 299,99 ;   7,383009 ;   21,40
2687,56 ; 299,99 ;   8,100645 ;   23,94
2689,57 ; 300,02 ;   7,742241 ;   22,21
2691,57 ; 300,02 ;   7,384803 ;   21,10
2693,57 ; 300,06 ;   7,700346 ;   22,14
2695,57 ; 299,97 ;   6,708169 ;   19,92
2697,57 ; 300,03 ;   9,124278 ;   26,42
2699,57 ; 300,08 ;   6,708187 ;   19,32
2701,57 ; 299,99 ;   6,665319 ;   19,87
2703,57 ; 299,99 ;   8,770355 ;   26,00
2705,57 ; 299,97 ;   7,736986 ;   22,20
2707,58 ; 299,97 ;   8,054921 ;   23,31
2709,58 ; 299,99 ;   7,736396 ;   22,27
2711,58 ; 299,98 ;   7,379709 ;   21,17
2713,58 ; 300,03 ;   7,742093 ;   22,57
2715,58 ; 299,99 ;   7,023627 ;   20,01
2717,58 ; 299,97 ;   8,098535 ;   23,93
2719,58 ; 299,97 ;   8,060272 ;   23,31
2721,58 ; 300,03 ;   7,732922 ;   22,28
2723,59 ; 300,02 ;   6,671446 ;   19,33
2725,59 ; 299,98 ;   7,736224 ;   22,83
2727,59 ; 299,98 ;   8,098554 ;   23,61
2729,59 ; 300,01 ;   7,696401 ;   22,23
2731,59 ; 299,98 ;   7,384267 ;   21,12
2733,59 ; 300,02 ;   8,087731 ;   23,27
2735,59 ; 299,95 ;   7,060921 ;   20,75
2737,59 ; 299,96 ;   8,810055 ;   25,46
2739,59 ; 300,02 ;   7,383442 ;   21,61
2741,60 ; 299,95 ;   6,667186 ;   19,72
2743,60 ; 299,98 ;   8,776378 ;   25,46
2745,60 ; 300,05 ;   7,024377 ;   20,51
2747,60 ; 300,01 ;   6,344092 ;   18,91
2749,60 ; 300,09 ;   8,417267 ;   24,24
2751,60 ; 300,01 ;   6,311109 ;   18,47
2753,60 ; 299,99 ;   8,771312 ;   25,61
2755,60 ; 300,04 ;   7,738577 ;   22,90
2757,60 ; 299,98 ;   6,674283 ;   19,99
2759,61 ; 299,98 ;   8,416744 ;   24,65
2761,61 ; 300,02 ;   7,736967 ;   22,23
2763,61 ; 299,92 ;   7,058397 ;   20,75
2765,61 ; 299,97 ;   9,096071 ;   26,57
2767,61 ; 299,99 ;   7,019097 ;   20,21
2769,61 ; 300,01 ;   7,384727 ;   21,18
2771,61 ; 299,89 ;   7,378519 ;   21,47
2773,61 ; 299,94 ;   9,479029 ;   27,70
2775,62 ; 299,90 ;   7,022868 ;   20,31
2777,62 ; 299,90 ;   8,452824 ;   24,23
2779,62 ; 299,98 ;   7,739775 ;   22,51
2781,62 ; 299,98 ;   6,311180 ;   18,45
2783,62 ; 299,98 ;   7,742354 ;   22,25
2785,62 ; 299,99 ;   7,694710 ;   22,26
2787,62 ; 299,94 ;   7,384714 ;   21,89
2789,62 ; 300,03 ;   8,411924 ;   24,82
2791,62 ; 299,99 ;   5,995862 ;   17,97
2793,63 ; 299,99 ;   8,056676 ;   23,96
2795,63 ; 300,03 ;   7,740968 ;   22,24
2797,63 ; 299,98 ;   7,027774 ;   20,39
2799,63 ; 299,96 ;   8,417093 ;   24,33
2801,63 ; 299,98 ;   8,058552 ;   23,37
2803,63 ; 299,91 ;   7,381907 ;   21,22
2805,63 ; 299,85 ;   8,772261 ;   25,59
2807,63 ; 299,99 ;   8,775842 ;   25,43
2809,63 ; 299,89 ;   5,637596 ;   16,03
2811,64 ; 299,97 ;   9,482996 ;   27,05
2813,64 ; 299,85 ;   6,350026 ;   18,87
2815,64 ; 299,90 ;   9,482113 ;   27,87
2817,64 ; 299,96 ;   7,023696 ;   20,48
2819,64 ; 299,92 ;   6,700496 ;   19,60
2821,64 ; 300,10 ;   8,417775 ;   24,21
2823,64 ; 299,98 ;   4,566576 ;   13,99
2825,64 ; 300,02 ;   9,449148 ;   27,47
2827,65 ; 300,05 ;   7,021983 ;   20,82
2829,65 ; 299,98 ;   7,021536 ;   20,35
2831,65 ; 300,02 ;   8,776440 ;   25,40
2833,65 ; 300,04 ;   7,024297 ;   20,81
2835,65 ; 299,98 ;   7,384154 ;   21,09
2837,65 ; 299,98 ;   8,413815 ;   24,71
2839,65 ; 300,02 ;   7,731954 ;   22,29
2841,65 ; 299,99 ;   7,026060 ;   20,81
2843,65 ; 299,99 ;   8,097973 ;   23,30
2845,66 ; 299,94 ;   7,703665 ;   22,27
2847,66 ; 299,99 ;   8,416073 ;   24,85
2849,66 ; 299,98 ;   6,701628 ;   19,85
2851,66 ; 300,01 ;   7,706360 ;   22,64
2853,66 ; 299,95 ;   7,382206 ;   21,19
2855,66 ; 299,98 ;   8,775412 ;   25,18
2857,66 ; 300,06 ;   7,023502 ;   20,57
2859,66 ; 299,95 ;   6,345487 ;   18,60
2861,66 ; 299,99 ;   9,481407 ;   27,60
2863,67 ; 299,98 ;   7,023567 ;   20,20
2865,67 ; 299,98 ;   7,738986 ;   22,64
2867,67 ; 299,96 ;   7,706967 ;   22,30
2869,67 ; 299,99 ;   8,090688 ;   23,41
2871,67 ; 299,92 ;   7,030682 ;   20,90
2873,67 ; 300,05 ;   8,774334 ;   25,60
2875,67 ; 300,03 ;   5,634186 ;   16,22
2877,67 ; 299,97 ;   8,094243 ;   23,20
2879,68 ; 299,98 ;   8,775398 ;   25,11
2881,68 ; 299,95 ;   7,380383 ;   21,61
2883,68 ; 299,95 ;   8,414920 ;   24,15
2885,68 ; 299,97 ;   7,732207 ;   22,43
2887,68 ; 300,04 ;   7,384422 ;   21,32
2889,68 ; 299,97 ;   6,699982 ;   19,04
2891,68 ; 299,99 ;   8,773794 ;   25,47
2893,68 ; 300,06 ;   7,381962 ;   21,25
2895,68 ; 300,02 ;   6,354974 ;   18,96
2897,69 ; 300,03 ;   8,413829 ;   24,29
2899,69 ; 299,99 ;   7,382555 ;   21,47
2901,69 ; 300,03 ;   8,415920 ;   24,01
2903,69 ; 300,12 ;   7,028029 ;   20,44
2905,69 ; 300,03 ;   6,347144 ;   18,10
2907,69 ; 299,99 ;   8,775317 ;   25,96
2909,69 ; 300,05 ;   8,451464 ;   24,00
2911,69 ; 300,13 ;   6,708153 ;   19,32
2913,70 ; 300,03 ;   6,312112 ;   18,76
2915,70 ; 300,01 ;   9,130410 ;   26,29
2917,70 ; 300,06 ;   8,056673 ;   23,25
2919,70 ; 299,91 ;   6,667881 ;   19,63
2921,70 ; 300,05 ;   10,200639 ;   29,06
2923,70 ; 299,99 ;   5,275165 ;   15,85
2925,70 ; 300,03 ;   8,774377 ;   25,03
2927,70 ; 300,02 ;   7,059886 ;   20,42
2929,70 ; 300,02 ;   7,702184 ;   22,88
2931,71 ; 299,99 ;   7,743265 ;   22,19
2933,71 ; 299,91 ;   8,054687 ;   23,30
2935,71 ; 300,04 ;   8,775042 ;   25,95
2937,71 ; 300,06 ;   5,599405 ;   16,59
2939,71 ; 300,02 ;   7,378857 ;   21,01
2941,71 ; 299,99 ;   8,416407 ;   24,26
2943,71 ; 300,02 ;   8,057089 ;   23,29
2945,71 ; 300,03 ;   7,380753 ;   21,15
2947,71 ; 300,04 ;   7,383489 ;   21,45
2949,72 ; 299,97 ;   7,385123 ;   21,77
2951,72 ; 300,02 ;   8,771526 ;   25,43
2953,72 ; 300,03 ;   7,061497 ;   20,11
2955,72 ; 300,05 ;   7,345533 ;   21,44
2957,72 ; 299,97 ;   7,382882 ;   21,03
2959,72 ; 300,01 ;   9,134380 ;   26,12
2961,72 ; 300,06 ;   7,058665 ;   20,48
2963,72 ; 299,98 ;   6,666867 ;   19,62
2965,73 ; 300,05 ;   8,776986 ;   25,73
2967,73 ; 300,05 ;   6,309111 ;   18,95
2969,73 ; 299,99 ;   7,742462 ;   22,06
2971,73 ; 299,97 ;   8,775833 ;   25,01
2973,73 ; 300,05 ;   8,055835 ;   23,35
2975,73 ; 300,05 ;   6,342670 ;   18,25
2977,73 ; 300,05 ;   7,734810 ;   22,05
2979,73 ; 300,09 ;   7,741555 ;   22,05
2981,73 ; 300,01 ;   7,026875 ;   20,57
2983,74 ; 300,01 ;   8,770424 ;   25,64
2985,74 ; 299,98 ;   7,702446 ;   22,18
2987,74 ; 299,99 ;   8,101299 ;   23,29
2989,74 ; 300,02 ;   7,376971 ;   21,89
2991,74 ; 299,97 ;   7,349136 ;   21,12
2993,74 ; 299,98 ;   8,454493 ;   24,38
2995,74 ; 300,03 ;   7,384707 ;   21,57
2997,74 ; 299,96 ;   7,022889 ;   20,04
2999,75 ; 300,04 ;   8,771624 ;   25,44
3001,75 ; 300,05 ;   6,349184 ;   18,64
3003,75 ; 300,05 ;   7,381474 ;   21,35
3005,75 ; 299,99 ;   7,701993 ;   22,04
3007,75 ; 299,98 ;   8,450515 ;   24,99
3009,75 ; 299,98 ;   7,742134 ;   22,60
3011,75 ; 300,02 ;   7,732657 ;   22,25
3013,75 ; 300,03 ;   7,059893 ;   20,78
3015,75 ; 300,01 ;   7,380683 ;   21,42
3017,76 ; 300,03 ;   8,100686 ;   23,22
3019,76 ; 300,03 ;   7,378740 ;   21,07
3021,76 ; 299,99 ;   7,697725 ;   22,11
3023,76 ; 300,02 ;   8,099837 ;   23,95
3025,76 ; 300,06 ;   7,380680 ;   21,12
3027,76 ; 300,09 ;   6,670946 ;   19,94
3029,76 ; 300,02 ;   7,023447 ;   20,90
3031,76 ; 299,99 ;   8,776041 ;   25,25
3033,76 ; 299,99 ;   8,065151 ;   23,25
3035,77 ; 299,98 ;   7,736375 ;   22,21
3037,77 ; 300,02 ;   7,697498 ;   22,58
3039,77 ; 300,02 ;   7,026132 ;   20,76
3041,77 ; 299,95 ;   7,743826 ;   22,14
3043,77 ; 300,04 ;   8,773190 ;   25,47
3045,77 ; 299,96 ;   5,993420 ;   17,93
3047,77 ; 299,96 ;   8,807727 ;   25,77
3049,77 ; 299,98 ;   7,743958 ;   22,31
3051,78 ; 300,02 ;   7,346957 ;   21,21
3053,78 ; 300,01 ;   7,060167 ;   20,77
3055,78 ; 299,97 ;   7,704586 ;   22,52
3057,78 ; 299,99 ;   8,423728 ;   24,02
3059,78 ; 299,99 ;   7,375698 ;   21,18
3061,78 ; 299,91 ;   7,736010 ;   22,22
3063,78 ; 299,95 ;   8,804856 ;   25,91
3065,78 ; 299,98 ;   7,057433 ;   20,99
3067,78 ; 299,97 ;   7,022678 ;   20,52
3069,79 ; 300,01 ;   7,697091 ;   22,99
3071,79 ; 299,98 ;   7,026995 ;   20,46
3073,79 ; 300,04 ;   8,099368 ;   23,29
3075,79 ; 299,98 ;   6,663567 ;   19,67
3077,79 ; 299,98 ;   8,454418 ;   24,67
3079,79 ; 300,03 ;   7,743173 ;   22,25
3081,79 ; 299,96 ;   7,024450 ;   20,04
3083,79 ; 299,97 ;   8,771356 ;   25,43
3085,79 ; 300,02 ;   7,377712 ;   21,96
3087,80 ; 299,95 ;   7,026707 ;   20,09
3089,80 ; 299,92 ;   8,774726 ;   25,48
3091,80 ; 300,04 ;   8,098774 ;   23,49
3093,80 ; 300,01 ;   5,601934 ;   16,91
3095,80 ; 299,91 ;   8,060316 ;   23,57
3097,80 ; 300,03 ;   9,129876 ;   26,62
3099,80 ; 299,97 ;   5,635284 ;   16,94
3101,80 ; 299,96 ;   8,807809 ;   25,08
3103,81 ; 299,98 ;   7,741585 ;   22,68
3105,81 ; 299,92 ;   7,381533 ;   21,23
3107,81 ; 299,92 ;   8,771678 ;   25,22
3109,81 ; 299,95 ;   7,743640 ;   22,46
3111,81 ; 299,95 ;   7,381751 ;   21,36
3113,81 ; 299,98 ;   7,733439 ;   22,40
3115,81 ; 300,02 ;   7,058015 ;   20,55
3117,81 ; 299,92 ;   7,033459 ;   20,80
3119,81 ; 299,98 ;   9,128990 ;   26,62
3121,82 ; 299,92 ;   6,670371 ;   19,52
3123,82 ; 299,98 ;   8,775158 ;   25,24
3125,82 ; 299,97 ;   6,662418 ;   19,53
3127,82 ; 300,03 ;   8,097218 ;   23,03
3129,82 ; 300,05 ;   6,666988 ;   19,38
3131,82 ; 299,96 ;   7,383337 ;   21,04
3133,82 ; 300,04 ;   9,125799 ;   26,51
3135,82 ; 299,97 ;   6,314213 ;   18,67
3137,83 ; 299,98 ;   8,803252 ;   25,44
3139,83 ; 299,99 ;   7,385979 ;   21,60
3141,83 ; 299,94 ;   7,380002 ;   21,92
3143,83 ; 299,96 ;   8,414048 ;   24,85
3145,83 ; 299,97 ;   7,378094 ;   21,33
3147,83 ; 300,03 ;   7,385338 ;   22,00
3149,83 ; 299,97 ;   6,707487 ;   19,39
3151,83 ; 299,98 ;   8,777960 ;   25,11
3153,83 ; 299,94 ;   7,379237 ;   21,61
3155,84 ; 299,97 ;   8,414528 ;   24,51
3157,84 ; 299,99 ;   7,027444 ;   20,97
3159,84 ; 299,98 ;   7,387082 ;   21,24
3161,84 ; 299,99 ;   7,739632 ;   22,65
3163,84 ; 300,02 ;   7,347370 ;   21,93
3165,84 ; 299,95 ;   7,379570 ;   21,17
3167,84 ; 299,97 ;   8,776815 ;   25,53
3169,84 ; 299,98 ;   7,384886 ;   21,32
3171,84 ; 299,96 ;   7,376821 ;   21,62
3173,85 ; 299,97 ;   8,058766 ;   23,42
3175,85 ; 299,95 ;   7,735300 ;   22,01
3177,85 ; 299,99 ;   8,064312 ;   23,47
3179,85 ; 299,99 ;   7,030044 ;   20,22
3181,85 ; 300,01 ;   7,734680 ;   22,29
3183,85 ; 300,12 ;   7,382962 ;   21,55
3185,85 ; 300,06 ;   5,993257 ;   17,07
3187,85 ; 299,99 ;   8,422250 ;   24,49
3189,86 ; 300,01 ;   8,776506 ;   25,39
3191,86 ; 299,92 ;   7,385292 ;   21,54
3193,86 ; 300,03 ;   9,135159 ;   26,30
3195,86 ; 299,95 ;   5,992452 ;   17,33
3197,86 ; 299,91 ;   9,131711 ;   26,23
3199,86 ; 299,99 ;   8,055050 ;   23,91
3201,86 ; 300,03 ;   6,353745 ;   18,84
3203,86 ; 300,01 ;   7,028884 ;   20,45
3205,86 ; 300,09 ;   8,059826 ;   23,28
3207,87 ; 299,95 ;   6,352179 ;   18,55
3209,87 ; 300,02 ;   9,806890 ;   28,65
3211,87 ; 300,09 ;   6,667200 ;   19,11
3213,87 ; 300,01 ;   6,351447 ;   18,89
3215,87 ; 300,04 ;   8,773377 ;   25,69
3217,87 ; 299,99 ;   7,063615 ;   20,76
3219,87 ; 300,04 ;   8,417157 ;   24,35
3221,87 ; 299,99 ;   7,026922 ;   20,07
3223,87 ; 300,04 ;   8,419059 ;   24,35
3225,88 ; 300,01 ;   7,025265 ;   20,06
3227,88 ; 299,97 ;   8,090430 ;   23,61
3229,88 ; 300,01 ;   8,420543 ;   24,08
3231,88 ; 299,96 ;   7,023459 ;   20,50
3233,88 ; 299,99 ;   8,456027 ;   24,45
3235,88 ; 299,98 ;   7,060322 ;   20,90
3237,88 ; 299,99 ;   7,701553 ;   22,65
3239,88 ; 299,98 ;   7,383717 ;   21,94
3241,89 ; 299,91 ;   7,740697 ;   22,65
3243,89 ; 299,97 ;   8,773918 ;   25,63
3245,89 ; 300,04 ;   6,701801 ;   19,94
3247,89 ; 300,03 ;   6,666387 ;   19,04
3249,89 ; 300,04 ;   7,743031 ;   22,51
3251,89 ; 299,98 ;   7,375470 ;   21,80
3253,89 ; 300,02 ;   8,459088 ;   24,72
3255,89 ; 300,01 ;   7,063054 ;   20,83
3257,89 ; 299,92 ;   7,704503 ;   22,58
3259,90 ; 299,98 ;   9,133866 ;   26,30
3261,90 ; 299,98 ;   6,708129 ;   19,55
3263,90 ; 299,89 ;   7,737290 ;   22,31
3265,90 ; 299,98 ;   9,127977 ;   26,75
3267,90 ; 299,90 ;   6,347810 ;   18,17
3269,90 ; 299,98 ;   9,125575 ;   26,38
3271,90 ; 299,92 ;   6,310463 ;   18,52
3273,90 ; 300,04 ;   8,770231 ;   25,28
3275,91 ; 299,99 ;   5,637667 ;   16,98
3277,91 ; 300,01 ;   8,454933 ;   24,38
3279,91 ; 300,03 ;   7,350180 ;   21,56
3281,91 ; 300,06 ;   7,386126 ;   21,15
3283,91 ; 300,01 ;   7,026584 ;   20,70
3285,91 ; 299,94 ;   8,448082 ;   24,67
3287,91 ; 299,95 ;   8,774717 ;   25,58
3289,91 ; 300,05 ;   7,738933 ;   22,10
3291,91 ; 299,98 ;   5,953378 ;   17,28
3293,92 ; 299,98 ;   8,775511 ;   25,43
3295,92 ; 299,96 ;   7,742576 ;   22,33
3297,92 ; 300,03 ;   8,061986 ;   23,43
3299,92 ; 299,99 ;   6,666518 ;   19,08
3301,92 ; 299,92 ;   8,418627 ;   24,03
3303,92 ; 299,98 ;   8,774164 ;   25,63
3305,92 ; 300,08 ;   6,667876 ;   19,57
3307,92 ; 300,03 ;   5,998247 ;   17,90
3309,92 ; 300,02 ;   8,416978 ;   24,26
3311,93 ; 300,02 ;   7,737797 ;   22,92
3313,93 ; 300,05 ;   7,695878 ;   22,23
3315,93 ; 300,01 ;   7,025307 ;   20,38
3317,93 ; 299,91 ;   8,446831 ;   24,32
3319,93 ; 299,94 ;   9,131298 ;   26,68
3321,93 ; 300,06 ;   7,376339 ;   21,43
3323,93 ; 299,98 ;   5,640336 ;   16,57
3325,93 ; 299,99 ;   8,770554 ;   25,78
3327,94 ; 299,92 ;   7,381716 ;   21,96
3329,94 ; 300,01 ;   8,773199 ;   25,63
3331,94 ; 300,02 ;   6,345016 ;   18,46
3333,94 ; 299,99 ;   7,381691 ;   21,89
3335,94 ; 300,02 ;   8,061773 ;   23,34
3337,94 ; 300,05 ;   7,382088 ;   21,20
3339,94 ; 299,92 ;   7,064590 ;   20,39
3341,94 ; 299,96 ;   9,846106 ;   28,39
3343,94 ; 300,03 ;   7,022834 ;   20,67
3345,95 ; 300,04 ;   6,706594 ;   19,08
3347,95 ; 299,99 ;   7,382833 ;   21,82
3349,95 ; 299,99 ;   8,413054 ;   24,38
3351,95 ; 299,96 ;   7,703630 ;   22,31
3353,95 ; 299,99 ;   8,097273 ;   23,78
3355,95 ; 299,96 ;   7,022563 ;   20,93
3357,95 ; 299,95 ;   8,098096 ;   23,79
3359,95 ; 299,94 ;   8,062722 ;   23,14
3361,95 ; 299,99 ;   7,737102 ;   22,83
3363,96 ; 300,02 ;   6,708288 ;   19,90
3365,96 ; 299,95 ;   7,380246 ;   21,21
3367,96 ; 300,04 ;   8,805271 ;   25,57
3369,96 ; 300,03 ;   6,349833 ;   18,03
3371,96 ; 300,04 ;   7,733200 ;   22,54
3373,96 ; 300,01 ;   7,383094 ;   21,83
3375,96 ; 299,99 ;   8,100006 ;   23,65
3377,96 ; 299,99 ;   8,058285 ;   23,00
3379,97 ; 300,10 ;   7,736973 ;   22,31
3381,97 ; 300,02 ;   5,995435 ;   17,14
3383,97 ; 300,05 ;   9,129711 ;   26,04
3385,97 ; 299,99 ;   7,023995 ;   20,39
3387,97 ; 300,02 ;   8,773752 ;   25,07
3389,97 ; 299,98 ;   7,378467 ;   21,20
3391,97 ; 299,97 ;   8,061914 ;   23,71
3393,97 ; 300,06 ;   8,056068 ;   23,07
3395,97 ; 299,95 ;   5,993236 ;   17,95
3397,98 ; 300,05 ;   9,486437 ;   27,63
3399,98 ; 300,05 ;   5,992785 ;   17,28
3401,98 ; 300,05 ;   7,743638 ;   22,11
3403,98 ; 300,03 ;   7,736515 ;   22,11
3405,98 ; 299,95 ;   8,098461 ;   23,22
3407,98 ; 299,98 ;   9,099645 ;   26,24
3409,98 ; 299,98 ;   7,027308 ;   20,59
3411,98 ; 299,98 ;   7,738406 ;   22,32
3413,99 ; 300,01 ;   7,703007 ;   22,32
3415,99 ; 300,03 ;   7,383218 ;   21,22
3417,99 ; 299,98 ;   7,380692 ;   21,15
3419,99 ; 300,02 ;   8,412300 ;   24,40
3421,99 ; 300,04 ;   7,023958 ;   20,85
3423,99 ; 299,98 ;   7,383889 ;   21,12
3425,99 ; 299,99 ;   8,414083 ;   24,74
3427,99 ; 300,04 ;   7,382068 ;   21,95
3429,99 ; 300,06 ;   7,020117 ;   20,08
3431,99 ; 300,05 ;   7,386582 ;   21,05
3434,00 ; 299,96 ;   7,740346 ;   22,45
3436,00 ; 300,04 ;   9,128636 ;   26,53
3438,00 ; 300,05 ;   6,343195 ;   18,69
3440,00 ; 300,04 ;   7,383387 ;   21,41
3442,00 ; 300,02 ;   7,706780 ;   22,84
3444,00 ; 299,96 ;   8,057270 ;   23,25
3446,00 ; 300,02 ;   8,447988 ;   24,80
3448,00 ; 300,05 ;   6,705034 ;   19,80
3450,01 ; 300,04 ;   7,025056 ;   20,37
3452,01 ; 300,02 ;   7,734049 ;   22,83
3454,01 ; 300,04 ;   8,101252 ;   23,25
3456,01 ; 299,99 ;   7,379171 ;   21,10
3458,01 ; 300,06 ;   8,417679 ;   24,35
3460,01 ; 300,08 ;   6,308442 ;   18,96
3462,01 ; 299,97 ;   7,383386 ;   21,32
3464,01 ; 300,04 ;   9,493048 ;   27,18
3466,01 ; 300,01 ;   6,702411 ;   19,02
3468,02 ; 300,03 ;   8,050770 ;   23,61
3470,02 ; 300,02 ;   7,385680 ;   21,12
3472,02 ; 300,10 ;   7,739192 ;   22,89
3474,02 ; 300,04 ;   6,314520 ;   18,14
3476,02 ; 300,02 ;   8,452358 ;   24,89
3478,02 ; 299,96 ;   8,100464 ;   23,23
3480,02 ; 299,99 ;   8,453161 ;   24,78
3482,02 ; 299,96 ;   7,025982 ;   20,88
3484,03 ; 299,95 ;   8,100026 ;   23,74
3486,03 ; 299,96 ;   8,058970 ;   23,10
3488,03 ; 299,91 ;   7,385746 ;   21,67
3490,03 ; 300,09 ;   8,415357 ;   24,58
3492,03 ; 300,01 ;   4,918902 ;   14,38
3494,03 ; 300,09 ;   8,773988 ;   25,68
3496,03 ; 299,95 ;   6,352701 ;   18,53
3498,03 ; 300,04 ;   9,804497 ;   28,63
3500,03 ; 299,98 ;   5,953205 ;   17,98
3502,04 ; 300,04 ;   8,412921 ;   24,71
3504,04 ; 299,99 ;   6,666055 ;   19,71
3506,04 ; 299,97 ;   8,449654 ;   24,34
3508,04 ; 299,98 ;   8,097239 ;   23,37
3510,04 ; 299,95 ;   7,381773 ;   21,60
3512,04 ; 299,97 ;   8,452628 ;   24,14
3514,04 ; 299,96 ;   7,384085 ;   21,31
3516,04 ; 299,97 ;   7,736516 ;   22,71
3518,05 ; 299,97 ;   7,736216 ;   22,00
3520,05 ; 299,95 ;   7,741838 ;   22,35
3522,05 ; 299,92 ;   8,057433 ;   23,46
3524,05 ; 299,95 ;   8,091078 ;   23,53
3526,05 ; 299,98 ;   7,377722 ;   21,39
3528,05 ; 299,91 ;   7,060991 ;   20,58
3530,05 ; 299,99 ;   8,772744 ;   25,63
3532,05 ; 300,02 ;   6,354333 ;   18,84
3534,05 ; 300,05 ;   7,379630 ;   21,18
3536,06 ; 300,04 ;   7,021474 ;   20,37
3538,06 ; 300,05 ;   7,741930 ;   22,84
3540,06 ; 299,98 ;   7,380738 ;   21,41
3542,06 ; 300,03 ;   8,771283 ;   25,42
3544,06 ; 300,03 ;   7,028573 ;   20,09
3546,06 ; 299,96 ;   7,698363 ;   22,16
3548,06 ; 300,02 ;   8,774665 ;   25,49
3550,06 ; 300,01 ;   6,667824 ;   19,79
3552,06 ; 299,99 ;   7,743604 ;   22,58
3554,07 ; 299,95 ;   7,696675 ;   22,97
3556,07 ; 300,03 ;   8,450407 ;   24,50
3558,07 ; 299,89 ;   6,349443 ;   18,37
3560,07 ; 299,94 ;   9,801888 ;   28,81
3562,07 ; 299,99 ;   7,026921 ;   20,38
3564,07 ; 300,04 ;   6,665631 ;   19,87
3566,07 ; 299,97 ;   7,025856 ;   20,08
3568,07 ; 299,99 ;   8,811564 ;   25,47
3570,07 ; 299,91 ;   7,379146 ;   21,26
3572,08 ; 299,92 ;   8,771384 ;   25,99
3574,08 ; 300,02 ;   7,700240 ;   22,17
3576,08 ; 299,99 ;   6,350085 ;   18,09
3578,08 ; 300,01 ;   8,089212 ;   23,34
3580,08 ; 300,04 ;   7,382408 ;   21,56
3582,08 ; 299,95 ;   7,024557 ;   20,78
3584,08 ; 300,04 ;   9,132752 ;   26,59
3586,08 ; 300,05 ;   6,307829 ;   18,01
3588,09 ; 299,97 ;   7,385733 ;   21,42
3590,09 ; 299,95 ;   9,126753 ;   26,17
3592,09 ; 300,01 ;   8,063290 ;   23,48
3594,09 ; 299,96 ;   6,664110 ;   19,49
3596,09 ; 299,96 ;   8,449504 ;   24,47
3598,09 ; 300,01 ;   7,741959 ;   22,40
3600,09 ; 299,99 ;   7,024702 ;   20,18
3602,09 ; 300,02 ;   7,738179 ;   23,00
3604,09 ; 299,96 ;   7,349734 ;   21,20
3606,10 ; 300,01 ;   8,449367 ;   24,82
3608,10 ; 300,06 ;   7,025526 ;   20,19
3610,10 ; 300,02 ;   6,674263 ;   19,67
3612,10 ; 299,99 ;   8,414907 ;   24,30
3614,10 ; 300,03 ;   8,056700 ;   23,34
3616,10 ; 300,04 ;   7,026726 ;   20,46
3618,10 ; 300,01 ;   7,379024 ;   21,81
3620,10 ; 299,99 ;   8,101452 ;   23,63
3622,10 ; 299,98 ;   7,740478 ;   22,99
3624,11 ; 299,97 ;   7,738829 ;   22,67
3626,11 ; 300,01 ;   8,061552 ;   23,06
3628,11 ; 299,97 ;   7,022034 ;   20,53
3630,11 ; 299,92 ;   8,415260 ;   24,10
3632,11 ; 299,99 ;   8,410117 ;   24,59
3634,11 ; 300,09 ;   6,666865 ;   19,20
3636,11 ; 299,98 ;   5,957650 ;   17,87
3638,11 ; 299,96 ;   9,130244 ;   26,82
3640,12 ; 299,98 ;   8,088436 ;   23,43
3642,12 ; 300,06 ;   7,386333 ;   21,29
3644,12 ; 300,04 ;   6,345267 ;   18,64
3646,12 ; 300,05 ;   8,058993 ;   23,20
3648,12 ; 300,02 ;   7,378812 ;   21,42
3650,12 ; 300,01 ;   8,090537 ;   23,95
3652,12 ; 300,09 ;   7,743193 ;   22,59
3654,12 ; 300,03 ;   6,310150 ;   18,55
3656,12 ; 300,01 ;   8,453599 ;   24,59
3658,13 ; 299,95 ;   8,097227 ;   23,28
3660,13 ; 299,97 ;   8,772195 ;   25,20
3662,13 ; 299,99 ;   7,384000 ;   21,33
3664,13 ; 299,95 ;   7,380642 ;   21,26
3666,13 ; 299,97 ;   8,413811 ;   24,51
3668,13 ; 300,02 ;   7,379254 ;   21,33
3670,13 ; 299,90 ;   7,024015 ;   20,15
3672,13 ; 300,06 ;   9,446840 ;   27,77
3674,13 ; 299,97 ;   4,921526 ;   14,83
3676,14 ; 300,04 ;   9,096234 ;   26,52
3678,14 ; 299,99 ;   6,663038 ;   19,05
3680,14 ; 299,96 ;   8,451304 ;   24,37
3682,14 ; 299,95 ;   8,097164 ;   23,78
3684,14 ; 300,03 ;   8,097978 ;   23,14
3686,14 ; 300,05 ;   6,306359 ;   18,39
3688,14 ; 299,96 ;   7,388437 ;   21,08
3690,14 ; 300,02 ;   9,129281 ;   26,54
3692,15 ; 299,96 ;   6,710356 ;   19,81
3694,15 ; 299,95 ;   8,412373 ;   24,82
3696,15 ; 299,98 ;   8,102253 ;   23,14
3698,15 ; 299,96 ;   7,022991 ;   20,60
3700,15 ; 299,97 ;   8,053731 ;   23,44
3702,15 ; 300,01 ;   7,739945 ;   22,04
3704,15 ; 300,06 ;   7,026865 ;   20,54
3706,15 ; 300,03 ;   6,669676 ;   19,68
3708,15 ; 299,98 ;   8,096334 ;   23,57
3710,16 ; 300,08 ;   8,453603 ;   24,40
3712,16 ; 299,98 ;   5,948684 ;   17,90
3714,16 ; 300,08 ;   9,124766 ;   26,47
3716,16 ; 300,03 ;   5,994985 ;   17,89
3718,16 ; 299,97 ;   8,415405 ;   24,25
3720,16 ; 300,01 ;   8,770636 ;   25,13
3722,16 ; 300,04 ;   7,028849 ;   20,53
3724,16 ; 300,02 ;   7,027000 ;   20,77
3726,16 ; 300,02 ;   8,056538 ;   23,26
3728,17 ; 300,02 ;   7,739987 ;   22,23
3730,17 ; 299,95 ;   7,700790 ;   22,22
3732,17 ; 300,08 ;   8,773866 ;   25,55
3734,17 ; 299,98 ;   5,637511 ;   16,16
3736,17 ; 299,95 ;   9,127748 ;   26,47
3738,17 ; 300,05 ;   8,415469 ;   24,16
3740,17 ; 299,98 ;   5,956581 ;   17,27
3742,17 ; 300,03 ;   8,808002 ;   25,43
3744,18 ; 300,05 ;   7,026633 ;   20,10
3746,18 ; 300,09 ;   7,385050 ;   21,07
3748,18 ; 300,02 ;   7,018876 ;   20,62
3750,18 ; 299,98 ;   8,773072 ;   25,32
3752,18 ; 299,97 ;   8,091424 ;   23,69
3754,18 ; 299,94 ;   8,096218 ;   23,05
3756,18 ; 300,01 ;   8,097271 ;   23,84
3758,18 ; 300,08 ;   6,665676 ;   19,13
3760,18 ; 300,02 ;   6,352258 ;   18,92
3762,19 ; 300,03 ;   8,414730 ;   24,98
3764,19 ; 300,03 ;   7,379649 ;   21,48
3766,19 ; 300,04 ;   7,701328 ;   22,17
3768,19 ; 300,01 ;   7,379052 ;   21,79
3770,19 ; 299,97 ;   8,097784 ;   23,62
3772,19 ; 299,95 ;   8,453730 ;   24,08
3774,19 ; 300,01 ;   8,099377 ;   23,46
3776,19 ; 300,02 ;   6,661912 ;   19,47
3778,19 ; 299,97 ;   7,383093 ;   21,87
3780,20 ; 300,02 ;   8,410827 ;   24,43
3782,20 ; 300,02 ;   7,022913 ;   20,14
3784,20 ; 300,02 ;   7,743085 ;   22,21
3786,20 ; 299,99 ;   7,697612 ;   22,21
3788,20 ; 299,97 ;   8,095320 ;   23,32
3790,20 ; 300,02 ;   8,055962 ;   23,39
3792,20 ; 300,04 ;   7,024041 ;   20,14
3794,20 ; 300,02 ;   7,388328 ;   21,11
3796,21 ; 300,01 ;   8,055868 ;   23,25
3798,21 ; 300,04 ;   7,737280 ;   22,58
3800,21 ; 300,05 ;   7,022778 ;   20,76
3802,21 ; 300,08 ;   7,381565 ;   21,40
3804,21 ; 300,01 ;   7,027126 ;   20,98
3806,21 ; 300,02 ;   8,769213 ;   25,33
3808,21 ; 299,98 ;   7,376010 ;   21,86
3810,21 ; 300,02 ;   8,100912 ;   23,68
3812,21 ; 299,97 ;   7,025257 ;   20,82
3814,22 ; 300,06 ;   8,409458 ;   24,42
3816,22 ; 300,05 ;   5,952833 ;   17,91
3818,22 ; 300,03 ;   7,697002 ;   22,42
3820,22 ; 300,08 ;   8,098092 ;   23,18
3822,22 ; 300,05 ;   6,665604 ;   19,93
3824,22 ; 300,04 ;   8,089281 ;   23,11
3826,22 ; 299,92 ;   7,738136 ;   22,81
3828,22 ; 300,04 ;   9,451992 ;   27,65
3830,23 ; 299,99 ;   5,632428 ;   16,93
3832,23 ; 299,99 ;   8,449488 ;   24,33
3834,23 ; 299,98 ;   7,737360 ;   22,26
3836,23 ; 299,91 ;   7,733768 ;   22,63
3838,23 ; 299,95 ;   8,807963 ;   25,61
3840,23 ; 299,97 ;   7,383019 ;   21,03
3842,23 ; 299,94 ;   7,380870 ;   21,30
3844,23 ; 299,96 ;   8,056262 ;   23,82
3846,23 ; 299,94 ;   7,378367 ;   21,33
3848,24 ; 299,96 ;   8,086339 ;   23,48
3850,24 ; 300,02 ;   7,381402 ;   21,34
3852,24 ; 299,96 ;   6,667231 ;   19,79
3854,24 ; 299,96 ;   8,456810 ;   24,79
3856,24 ; 299,92 ;   7,739309 ;   22,38
3858,24 ; 299,94 ;   8,410820 ;   24,23
3860,24 ; 300,02 ;   7,383850 ;   21,76
3862,24 ; 300,05 ;   6,305375 ;   18,76
3864,24 ; 299,95 ;   7,059304 ;   20,37
3866,25 ; 300,01 ;   9,451125 ;   27,27
3868,25 ; 299,97 ;   6,667296 ;   19,48
3870,25 ; 300,02 ;   8,414477 ;   24,09
3872,25 ; 299,97 ;   7,019424 ;   20,15
3874,25 ; 299,97 ;   8,451728 ;   24,43
3876,25 ; 300,01 ;   7,742327 ;   22,36
3878,25 ; 300,02 ;   7,024973 ;   20,52
3880,25 ; 300,02 ;   7,381718 ;   21,88
3882,26 ; 300,02 ;   7,730661 ;   22,22
3884,26 ; 300,02 ;   7,739888 ;   22,22
3886,26 ; 300,05 ;   7,738122 ;   22,22
3888,26 ; 300,01 ;   7,024323 ;   20,37
3890,26 ; 300,06 ;   8,412416 ;   24,31
3892,26 ; 299,99 ;   6,668194 ;   19,65
3894,26 ; 300,05 ;   8,777015 ;   25,39
3896,26 ; 300,01 ;   6,665136 ;   19,33
3898,26 ; 300,01 ;   8,454078 ;   24,31
3900,27 ; 299,90 ;   7,702725 ;   22,23
3902,27 ; 300,01 ;   9,483958 ;   27,40
3904,27 ; 299,94 ;   5,994282 ;   17,40
3906,27 ; 299,94 ;   8,771851 ;   25,56
3908,27 ; 300,02 ;   7,731183 ;   22,45
3910,27 ; 300,02 ;   6,355012 ;   18,77
3912,27 ; 299,98 ;   7,736327 ;   22,22
3914,27 ; 300,02 ;   8,057099 ;   23,69
3916,27 ; 300,01 ;   7,023184 ;   20,84
3918,28 ; 299,98 ;   7,739621 ;   22,59
3920,28 ; 299,97 ;   8,060091 ;   23,35
3922,28 ; 299,98 ;   8,058500 ;   23,05
3924,28 ; 300,08 ;   7,380536 ;   21,62
3926,28 ; 300,02 ;   5,985761 ;   17,89
3928,28 ; 300,01 ;   8,413505 ;   24,98
3930,28 ; 300,02 ;   7,703949 ;   22,58
3932,28 ; 300,03 ;   7,379786 ;   21,87
3934,28 ; 300,03 ;   7,383644 ;   21,48
3936,29 ; 299,95 ;   7,732924 ;   22,16
3938,29 ; 300,05 ;   9,128732 ;   26,23
3940,29 ; 299,97 ;   5,984338 ;   17,25
3942,29 ; 299,99 ;   9,125499 ;   26,15
3944,29 ; 299,95 ;   7,379732 ;   21,25
3946,29 ; 300,04 ;   8,446807 ;   24,50
3948,29 ; 300,01 ;   5,992459 ;   18,00
3950,29 ; 300,03 ;   8,096012 ;   23,62
3952,30 ; 299,96 ;   7,347895 ;   21,13
3954,30 ; 299,97 ;   8,775098 ;   25,49
3956,30 ; 300,01 ;   7,734396 ;   22,01
3958,30 ; 300,02 ;   7,026413 ;   20,51
3960,30 ; 299,92 ;   7,380367 ;   21,87
3962,30 ; 299,96 ;   9,126343 ;   26,65
3964,30 ; 300,05 ;   7,017670 ;   20,66
3966,30 ; 299,92 ;   5,991795 ;   17,96
3968,30 ; 299,98 ;   9,848047 ;   28,38
3970,31 ; 300,01 ;   6,665394 ;   19,55
3972,31 ; 300,02 ;   7,382364 ;   21,21
3974,31 ; 300,05 ;   7,380310 ;   21,88
3976,31 ; 299,99 ;   7,022497 ;   20,37
3978,31 ; 300,05 ;   8,767779 ;   25,05
3980,31 ; 300,05 ;   6,670466 ;   19,33
3982,31 ; 299,98 ;   7,739133 ;   22,10
3984,31 ; 300,09 ;   8,772005 ;   25,42
3986,32 ; 299,97 ;   5,993191 ;   17,51
3988,32 ; 299,95 ;   9,486594 ;   27,53
3990,32 ; 300,01 ;   8,095866 ;   23,46
3992,32 ; 299,94 ;   6,663088 ;   19,47
3994,32 ; 300,01 ;   8,773518 ;   25,56
3996,32 ; 299,95 ;   6,663669 ;   19,13
3998,32 ; 299,97 ;   8,772294 ;   25,19
4000,32 ; 300,02 ;   7,378258 ;   21,33
4002,32 ; 299,96 ;   7,023775 ;   20,15
4004,33 ; 299,97 ;   8,408738 ;   24,81
4006,33 ; 300,02 ;   7,732802 ;   22,02
4008,33 ; 299,98 ;   7,059053 ;   20,15
4010,33 ; 299,96 ;   8,059684 ;   23,70
4012,33 ; 300,01 ;   8,086933 ;   23,43
4014,33 ; 299,98 ;   7,024804 ;   20,18
4016,33 ; 299,99 ;   8,096045 ;   23,36
4018,33 ; 299,97 ;   7,374949 ;   21,95
4020,33 ; 300,04 ;   8,102859 ;   23,41
4022,34 ; 300,06 ;   6,665264 ;   19,04
4024,34 ; 299,97 ;   7,379916 ;   21,05
4026,34 ; 300,09 ;   9,130232 ;   26,51
4028,34 ; 300,06 ;   5,635267 ;   16,83
4030,34 ; 300,12 ;   8,096958 ;   23,11
4032,34 ; 299,99 ;   6,662366 ;   19,49
4034,34 ; 300,02 ;   9,486835 ;   27,81
4036,34 ; 300,01 ;   7,382455 ;   21,17
4038,35 ; 300,08 ;   7,740089 ;   22,58
4040,35 ; 300,06 ;   6,311403 ;   18,91
4042,35 ; 300,01 ;   7,742540 ;   22,75
4044,35 ; 296,59 ;   8,417038 ;   24,64
4046,35 ; 295,02 ;   43,179144 ;  125,00
4048,35 ; 294,72 ;   29,401302 ;   84,60
4050,35 ; 294,95 ;   10,178172 ;   29,84
4052,35 ; 295,19 ;   1,777937 ;    5,92
4054,35 ; 295,62 ;   1,431983 ;    4,75
4056,36 ; 296,09 ;   00000,00 ;    0,00
4058,36 ; 296,66 ;   00000,00 ;    0,00
4060,36 ; 296,89 ;   00000,00 ;    0,00
4062,36 ; 297,28 ;   0,360329 ;    1,08
4064,36 ; 297,46 ;   00000,00 ;    0,00
4066,36 ; 297,74 ;   0,395937 ;    1,71
4068,36 ; 297,83 ;   00000,00 ;    0,00
4070,36 ; 297,86 ;   1,433942 ;    4,98
4072,36 ; 297,77 ;   2,507490 ;    7,42
4074,37 ; 297,70 ;   4,573307 ;   13,34
4076,37 ; 297,61 ;   4,217822 ;   12,63
4078,37 ; 297,33 ;   4,571643 ;   13,70
4080,37 ; 297,15 ;   8,075382 ;   23,32
4082,37 ; 296,88 ;   6,680928 ;   19,51
4084,37 ; 296,60 ;   8,424720 ;   24,64
4086,37 ; 296,35 ;   8,777792 ;   25,62
4088,37 ; 296,09 ;   8,784266 ;   25,53
4090,37 ; 295,77 ;   9,106134 ;   26,85
4092,38 ; 295,56 ;   10,525785 ;   30,79
4094,38 ; 295,43 ;   9,130763 ;   26,81
4096,38 ; 295,22 ;   8,097519 ;   23,98
4098,38 ; 295,02 ;   9,805861 ;   28,31
4100,38 ; 294,93 ;   9,843084 ;   28,83
4102,38 ; 294,73 ;   8,451724 ;   24,16
4104,38 ; 294,68 ;   10,518330 ;   30,23
4106,38 ; 294,63 ;   8,059576 ;   23,73
4108,39 ; 294,65 ;   8,412659 ;   24,14
4110,39 ; 294,43 ;   7,378898 ;   21,60
4112,39 ; 294,52 ;   11,190465 ;   32,91
4114,39 ; 294,59 ;   6,702143 ;   19,08
4116,39 ; 294,55 ;   7,021739 ;   20,55
4118,39 ; 294,59 ;   8,766062 ;   25,44
4120,39 ; 294,59 ;   7,737479 ;   22,14
4122,39 ; 294,73 ;   8,414343 ;   24,15
4124,39 ; 294,70 ;   5,985836 ;   17,77
4126,40 ; 294,73 ;   8,771351 ;   25,37
4128,40 ; 294,84 ;   8,059239 ;   23,49
4130,40 ; 294,82 ;   6,670384 ;   19,26
4132,40 ; 294,95 ;   8,775501 ;   25,81
4134,40 ; 295,02 ;   6,308586 ;   18,76
4136,40 ; 295,05 ;   7,379705 ;   21,57
4138,40 ; 295,11 ;   8,097396 ;   23,82
4140,40 ; 295,14 ;   7,696262 ;   22,15
4142,40 ; 295,19 ;   8,100644 ;   23,69
4144,41 ; 295,19 ;   8,096063 ;   23,10
4146,41 ; 295,27 ;   8,769924 ;   25,42
4148,41 ; 295,14 ;   7,384671 ;   21,97
4150,41 ; 295,31 ;   10,879590 ;   31,57
4152,41 ; 295,31 ;   6,352197 ;   18,17
4154,41 ; 295,36 ;   9,124627 ;   26,01
4156,41 ; 295,43 ;   8,447427 ;   24,03
4158,41 ; 295,43 ;   8,099940 ;   23,02
4160,41 ; 295,66 ;   9,125617 ;   26,36
4162,42 ; 295,66 ;   5,277687 ;   15,51
4164,42 ; 295,73 ;   9,129942 ;   26,10
4166,42 ; 295,76 ;   8,053987 ;   23,36
4168,42 ; 295,84 ;   8,413410 ;   24,87
4170,42 ; 295,98 ;   7,735920 ;   22,77
4172,42 ; 296,01 ;   6,703653 ;   19,79
4174,42 ; 296,05 ;   8,413745 ;   24,74
4176,42 ; 296,08 ;   8,413742 ;   24,11
4178,43 ; 296,18 ;   8,768335 ;   25,27
4180,43 ; 296,23 ;   7,379098 ;   21,71
4182,43 ; 296,33 ;   8,094684 ;   23,81
4184,43 ; 296,38 ;   7,378611 ;   21,99
4186,43 ; 296,41 ;   8,453612 ;   24,10
4188,43 ; 296,48 ;   8,450266 ;   24,51
4190,43 ; 296,59 ;   8,093385 ;   23,47
4192,43 ; 296,64 ;   7,025028 ;   20,87
4194,43 ; 296,64 ;   8,410822 ;   24,01
4196,44 ; 296,62 ;   9,126394 ;   26,26
4198,44 ; 296,71 ;   9,484930 ;   27,53
4200,44 ; 296,76 ;   7,740152 ;   22,24
4202,44 ; 296,78 ;   8,414817 ;   24,34
4204,44 ; 297,03 ;   8,770791 ;   25,47
4206,44 ; 297,02 ;   4,928195 ;   14,85
4208,44 ; 296,99 ;   9,127429 ;   26,79
4210,44 ; 297,20 ;   9,491720 ;   27,36
4212,44 ; 297,19 ;   5,637075 ;   16,87
4214,45 ; 297,22 ;   9,131294 ;   26,37
4216,45 ; 297,33 ;   8,414744 ;   24,69
4218,45 ; 297,44 ;   7,378976 ;   21,05
4220,45 ; 297,49 ;   7,029147 ;   20,85
4222,45 ; 297,55 ;   8,053022 ;   23,23
4224,45 ; 297,60 ;   7,735170 ;   22,82
4226,45 ; 297,76 ;   8,057371 ;   23,49
4228,45 ; 297,67 ;   6,309128 ;   18,30
4230,46 ; 297,80 ;   10,167148 ;   29,39
4232,46 ; 297,77 ;   6,703446 ;   19,43
4234,46 ; 297,80 ;   9,488264 ;   27,26
4236,46 ; 297,88 ;   8,066218 ;   23,80
4238,46 ; 297,88 ;   7,699679 ;   22,31
4240,46 ; 297,93 ;   8,776620 ;   25,53
4242,46 ; 298,00 ;   8,088593 ;   23,05
4244,46 ; 298,06 ;   7,740668 ;   22,25
4246,46 ; 298,08 ;   7,734840 ;   22,51
4248,47 ; 298,24 ;   8,417375 ;   24,63
4250,47 ; 298,20 ;   5,953791 ;   17,67
4252,47 ; 298,23 ;   9,485534 ;   27,23
4254,47 ; 298,34 ;   8,057011 ;   23,77
4256,47 ; 298,32 ;   6,667753 ;   19,70
4258,47 ; 298,39 ;   9,132535 ;   26,07
4260,47 ; 298,37 ;   7,377689 ;   21,80
4262,47 ; 298,49 ;   9,132144 ;   26,10
4264,48 ; 298,41 ;   6,664750 ;   19,24
4266,48 ; 298,59 ;   9,844813 ;   28,91
4268,48 ; 298,54 ;   5,635903 ;   16,69
4270,48 ; 298,61 ;   9,134512 ;   26,92
4272,48 ; 298,66 ;   7,376447 ;   21,60
4274,48 ; 298,70 ;   7,744071 ;   22,20
4276,48 ; 298,75 ;   7,735650 ;   22,84
4278,48 ; 298,71 ;   7,740867 ;   22,41
4280,48 ; 298,78 ;   9,123270 ;   26,40
4282,49 ; 298,89 ;   7,383620 ;   21,41
4284,49 ; 298,89 ;   6,672434 ;   19,41
4286,49 ; 298,91 ;   8,408257 ;   24,31
4288,49 ; 298,95 ;   8,087513 ;   23,25
4290,49 ; 298,98 ;   7,744011 ;   22,50
4292,49 ; 298,96 ;   8,056821 ;   23,17
4294,49 ; 299,02 ;   8,409273 ;   25,00
4296,49 ; 299,10 ;   7,381857 ;   21,41
4298,49 ; 299,01 ;   7,022939 ;   20,53
4300,50 ; 299,10 ;   9,846384 ;   28,46
4302,50 ; 299,20 ;   6,666052 ;   19,93
4304,50 ; 299,16 ;   6,700933 ;   19,32
4306,50 ; 299,23 ;   8,770928 ;   25,70
4308,50 ; 299,20 ;   7,029979 ;   20,69
4310,50 ; 299,26 ;   8,767799 ;   25,32
4312,50 ; 299,21 ;   7,380435 ;   21,39
4314,50 ; 299,16 ;   9,127167 ;   26,06
4316,50 ; 299,33 ;   9,125697 ;   26,62
4318,51 ; 299,27 ;   5,632457 ;   16,11
4320,51 ; 299,23 ;   9,127588 ;   26,33
4322,51 ; 299,28 ;   8,773778 ;   25,80
4324,51 ; 299,27 ;   7,385462 ;   21,90
4326,51 ; 299,39 ;   8,420520 ;   24,37
4328,51 ; 299,34 ;   6,343268 ;   18,52
4330,51 ; 299,46 ;   8,772532 ;   25,96
4332,51 ; 299,44 ;   6,349934 ;   18,38
4334,52 ; 299,40 ;   8,418595 ;   24,69
4336,52 ; 299,45 ;   8,774488 ;   25,53
4338,52 ; 299,51 ;   7,380540 ;   21,25
4340,52 ; 299,50 ;   7,380389 ;   21,11
4342,52 ; 299,48 ;   8,057267 ;   23,92
4344,52 ; 299,51 ;   8,417036 ;   24,34
4346,52 ; 299,60 ;   7,730738 ;   22,57
4348,52 ; 299,62 ;   6,703966 ;   19,20
4350,52 ; 299,55 ;   7,706507 ;   22,63
4352,53 ; 299,69 ;   9,130053 ;   26,66
4354,53 ; 299,60 ;   5,638737 ;   16,93
4356,53 ; 299,60 ;   9,455240 ;   27,23
4358,53 ; 299,65 ;   8,098969 ;   23,44
4360,53 ; 299,70 ;   7,380778 ;   21,25
4362,53 ; 299,69 ;   7,384484 ;   21,12
4364,53 ; 299,65 ;   8,092644 ;   23,58
4366,53 ; 299,66 ;   8,805319 ;   25,10
4368,54 ; 299,63 ;   7,744241 ;   22,65
4370,54 ; 299,64 ;   8,806444 ;   25,21
4372,54 ; 299,70 ;   7,740117 ;   22,76
4374,54 ; 299,72 ;   7,027703 ;   20,88
4376,54 ; 299,80 ;   7,733760 ;   22,21
4378,54 ; 299,70 ;   6,708981 ;   19,57
4380,54 ; 299,69 ;   9,450356 ;   27,83
4382,54 ; 299,74 ;   8,058808 ;   23,73
4384,55 ; 299,77 ;   7,021507 ;   20,81
4386,55 ; 299,74 ;   7,742226 ;   22,13
4388,55 ; 299,76 ;   8,420481 ;   24,29
4390,55 ; 299,76 ;   7,740173 ;   22,53
4392,55 ; 299,80 ;   8,087905 ;   23,23
4394,55 ; 299,84 ;   7,377870 ;   21,40
4396,55 ; 299,87 ;   7,026259 ;   20,92
4398,55 ; 299,90 ;   7,383401 ;   21,89
4400,55 ; 299,91 ;   7,381981 ;   21,46
4402,56 ; 299,84 ;   7,732217 ;   22,11
4404,56 ; 299,85 ;   9,131146 ;   26,13
4406,56 ; 299,85 ;   7,699543 ;   22,66
4408,56 ; 299,80 ;   8,096537 ;   23,01
4410,56 ; 299,80 ;   8,774083 ;   25,60
4412,56 ; 299,82 ;   8,061128 ;   23,19
4414,56 ; 299,84 ;   7,734816 ;   22,10
4416,56 ; 299,87 ;   7,696477 ;   22,03
4418,56 ; 299,94 ;   7,385447 ;   21,97
4420,57 ; 299,95 ;   6,667779 ;   19,69
4422,57 ; 299,98 ;   7,741627 ;   22,43
4424,57 ; 299,90 ;   7,024827 ;   20,93
4426,57 ; 299,88 ;   9,129584 ;   26,73
4428,57 ; 299,99 ;   8,450212 ;   24,04
4430,57 ; 299,90 ;   5,994843 ;   17,46
4432,57 ; 299,92 ;   9,483239 ;   27,08
4434,57 ; 299,85 ;   7,381727 ;   21,83
4436,58 ; 299,95 ;   9,132997 ;   26,20
4438,58 ; 299,92 ;   6,351934 ;   18,66
4440,58 ; 299,98 ;   8,058808 ;   23,92
4442,58 ; 299,87 ;   6,666572 ;   19,93
4444,58 ; 299,99 ;   9,844267 ;   28,24
4446,58 ; 299,92 ;   5,989844 ;   17,15
4448,58 ; 299,98 ;   9,129920 ;   26,01
4450,58 ; 300,02 ;   6,671846 ;   19,95
4452,58 ; 299,88 ;   7,382489 ;   21,23
4454,59 ; 299,92 ;   10,157105 ;   29,26
4456,59 ; 299,98 ;   7,027797 ;   20,83
4458,59 ; 299,99 ;   6,671686 ;   19,96
4460,59 ; 299,92 ;   7,737085 ;   22,35
4462,59 ; 299,99 ;   9,131400 ;   26,02
4464,59 ; 299,98 ;   6,673448 ;   19,59
4466,59 ; 299,96 ;   8,051962 ;   23,07
4468,59 ; 299,98 ;   8,096004 ;   23,83
4470,60 ; 300,05 ;   7,385345 ;   21,69
4472,60 ; 299,99 ;   6,671448 ;   19,40
4474,60 ; 300,08 ;   8,775489 ;   25,47
4476,60 ; 299,94 ;   6,341319 ;   18,64
4478,60 ; 299,98 ;   10,162587 ;   29,08
4480,60 ; 299,97 ;   7,030738 ;   20,65
4482,60 ; 299,95 ;   8,094176 ;   23,47
4484,60 ; 299,95 ;   8,100289 ;   23,88
4486,60 ; 299,94 ;   7,701643 ;   22,85
4488,61 ; 299,94 ;   8,089108 ;   23,22
4490,61 ; 299,92 ;   7,740795 ;   22,88
4492,61 ; 299,98 ;   8,054682 ;   23,62
4494,61 ; 299,97 ;   6,672212 ;   19,98
4496,61 ; 299,90 ;   8,102860 ;   23,48
4498,61 ; 299,95 ;   9,099005 ;   26,12
4500,61 ; 299,99 ;   7,024511 ;   20,80
4502,61 ; 299,97 ;   7,025417 ;   20,66
4504,62 ; 299,94 ;   8,090269 ;   23,84
4506,62 ; 299,98 ;   8,449702 ;   24,28
4508,62 ; 299,96 ;   7,026321 ;   20,69
4510,62 ; 299,99 ;   8,103940 ;   23,87
4512,62 ; 299,97 ;   7,387887 ;   21,36
4514,62 ; 299,98 ;   8,089225 ;   23,85
4516,62 ; 300,01 ;   7,742896 ;   22,07
4518,62 ; 299,95 ;   7,382623 ;   21,66
