Tempo total (s) ;Temperatura (ºC) ; Potencia atual (W) ; Saida
P:   5.68 I: 104.06 D:  26.00 Tensão:6.65 V Temperatura ambiente:     20.09ºC
2,00 ; 300,15 ;   7,895466 ;   45,93
4,00 ; 300,09 ;   8,063287 ;   46,44
6,00 ; 300,12 ;   8,935225 ;   51,98
8,00 ; 300,04 ;   7,718816 ;   44,87
10,00 ; 300,09 ;   9,293208 ;   53,38
12,01 ; 300,12 ;   7,542878 ;   43,88
14,01 ; 300,17 ;   7,719360 ;   44,84
16,01 ; 300,09 ;   7,365167 ;   42,78
18,01 ; 300,14 ;   9,292611 ;   53,64
20,01 ; 300,02 ;   7,364839 ;   42,94
22,01 ; 300,06 ;   9,831268 ;   56,91
24,01 ; 300,06 ;   7,541367 ;   43,95
26,01 ; 300,03 ;   8,238508 ;   47,40
28,01 ; 300,03 ;   8,576303 ;   49,88
30,01 ; 300,03 ;   8,238463 ;   47,57
32,02 ; 300,03 ;   8,238868 ;   47,57
34,02 ; 300,04 ;   8,237071 ;   47,56
36,02 ; 300,09 ;   8,060635 ;   46,94
38,02 ; 300,05 ;   7,541774 ;   43,78
40,02 ; 300,01 ;   8,589695 ;   49,72
42,02 ; 300,02 ;   8,953915 ;   51,14
44,02 ; 300,01 ;   8,237260 ;   47,05
46,02 ; 300,09 ;   8,414916 ;   48,25
48,02 ; 299,98 ;   7,201561 ;   41,45
50,02 ; 300,02 ;   9,650901 ;   55,30
52,02 ; 299,98 ;   7,878094 ;   45,31
54,03 ; 300,04 ;   8,772888 ;   50,10
56,03 ; 300,02 ;   7,539502 ;   43,45
58,03 ; 299,97 ;   8,597884 ;   49,35
60,03 ; 300,03 ;   8,952159 ;   51,35
62,03 ; 300,02 ;   7,363401 ;   42,91
64,03 ; 300,08 ;   8,417303 ;   48,77
66,03 ; 300,05 ;   7,360908 ;   42,64
68,03 ; 300,09 ;   8,597566 ;   49,11
70,03 ; 300,14 ;   7,716668 ;   44,88
72,03 ; 300,01 ;   7,382934 ;   42,83
74,04 ; 300,16 ;   9,989140 ;   57,42
76,04 ; 300,09 ;   6,145368 ;   35,18
78,04 ; 300,12 ;   9,115623 ;   52,91
80,04 ; 300,15 ;   7,703408 ;   44,65
82,04 ; 300,13 ;   7,723618 ;   44,46
84,04 ; 300,09 ;   8,414546 ;   48,61
86,04 ; 300,12 ;   8,578287 ;   49,98
88,04 ; 300,06 ;   7,718625 ;   44,60
90,04 ; 300,10 ;   8,953106 ;   51,25
92,04 ; 300,01 ;   7,723003 ;   44,09
94,04 ; 300,06 ;   9,470570 ;   54,43
96,05 ; 300,01 ;   7,542580 ;   43,15
98,05 ; 300,03 ;   8,934286 ;   51,54
100,05 ; 300,02 ;   7,879307 ;   45,63
102,05 ; 300,05 ;   8,419348 ;   48,60
104,05 ; 300,04 ;   7,719465 ;   44,34
106,05 ; 300,08 ;   8,415241 ;   48,46
108,05 ; 300,02 ;   7,723434 ;   44,19
110,05 ; 300,03 ;   9,111797 ;   52,04
112,05 ; 300,04 ;   8,060692 ;   46,18
114,05 ; 300,10 ;   8,059492 ;   46,71
116,06 ; 300,06 ;   7,361062 ;   42,31
118,06 ; 300,09 ;   8,775488 ;   50,02
120,06 ; 300,05 ;   7,901502 ;   45,27
122,06 ; 300,06 ;   8,594777 ;   49,47
124,06 ; 300,04 ;   8,073458 ;   46,54
126,06 ; 300,09 ;   8,418540 ;   48,97
128,06 ; 300,02 ;   7,540976 ;   43,51
130,06 ; 300,10 ;   9,112744 ;   52,56
132,06 ; 300,03 ;   7,023454 ;   40,53
134,06 ; 300,13 ;   9,131701 ;   52,45
136,06 ; 300,04 ;   6,842720 ;   39,79
138,07 ; 300,12 ;   9,294917 ;   53,54
140,07 ; 300,09 ;   7,025108 ;   40,98
142,07 ; 300,10 ;   8,597731 ;   49,22
144,07 ; 300,12 ;   7,900164 ;   45,66
146,07 ; 300,03 ;   7,895771 ;   45,56
148,07 ; 300,09 ;   9,292736 ;   53,54
150,07 ; 300,06 ;   7,359000 ;   42,84
152,07 ; 300,04 ;   8,417752 ;   48,73
154,07 ; 300,06 ;   8,415555 ;   48,86
156,07 ; 300,08 ;   7,899748 ;   45,26
158,08 ; 300,09 ;   7,893889 ;   45,74
160,08 ; 300,03 ;   8,080696 ;   46,26
162,08 ; 300,02 ;   8,957606 ;   51,18
164,08 ; 300,05 ;   8,416070 ;   48,39
166,08 ; 300,10 ;   7,717564 ;   44,12
168,08 ; 300,02 ;   7,558440 ;   43,27
170,08 ; 300,06 ;   9,291451 ;   53,56
172,08 ; 299,99 ;   7,540979 ;   43,48
174,08 ; 300,10 ;   9,115989 ;   52,53
176,08 ; 300,05 ;   6,663272 ;   38,64
178,08 ; 300,02 ;   8,758179 ;   50,43
180,09 ; 300,09 ;   8,755477 ;   50,07
182,09 ; 300,03 ;   7,205545 ;   41,59
184,09 ; 300,06 ;   8,948451 ;   51,13
186,09 ; 300,06 ;   7,720310 ;   44,60
188,09 ; 300,12 ;   8,058459 ;   46,90
190,09 ; 300,13 ;   7,358560 ;   42,54
192,09 ; 300,05 ;   7,900653 ;   45,94
194,09 ; 300,03 ;   9,114209 ;   52,10
196,09 ; 300,08 ;   8,415068 ;   48,77
198,09 ; 300,09 ;   7,540750 ;   43,31
200,09 ; 300,06 ;   8,061795 ;   46,13
202,10 ; 300,05 ;   8,417997 ;   48,57
204,10 ; 300,04 ;   8,237316 ;   47,45
206,10 ; 300,05 ;   8,416185 ;   48,11
208,10 ; 300,09 ;   7,880411 ;   45,71
210,10 ; 300,02 ;   7,720152 ;   44,37
212,10 ; 300,03 ;   9,110073 ;   52,27
214,10 ; 299,98 ;   7,881850 ;   45,83
216,10 ; 300,04 ;   8,755975 ;   50,71
218,10 ; 300,03 ;   7,359304 ;   42,90
220,10 ; 300,04 ;   8,255124 ;   47,56
222,11 ; 300,04 ;   8,056170 ;   46,35
224,11 ; 300,08 ;   8,078497 ;   46,93
226,11 ; 299,99 ;   7,541756 ;   43,81
228,11 ; 300,05 ;   9,293874 ;   53,53
230,11 ; 300,08 ;   7,382147 ;   42,21
232,11 ; 300,06 ;   7,718032 ;   44,95
234,11 ; 300,03 ;   8,239219 ;   47,92
236,11 ; 299,99 ;   8,599596 ;   49,24
238,11 ; 299,94 ;   8,757206 ;   50,04
240,11 ; 299,99 ;   8,935300 ;   51,51
242,11 ; 299,95 ;   7,541486 ;   43,13
244,12 ; 299,96 ;   8,774873 ;   50,90
246,12 ; 299,95 ;   8,076304 ;   46,20
248,12 ; 300,05 ;   8,413713 ;   48,60
250,12 ; 300,03 ;   6,664048 ;   38,75
252,12 ; 300,04 ;   8,413983 ;   48,68
254,12 ; 300,14 ;   8,076094 ;   46,33
256,12 ; 300,13 ;   6,682455 ;   38,82
258,12 ; 300,05 ;   8,237405 ;   47,54
260,12 ; 300,03 ;   8,933223 ;   51,97
262,12 ; 300,02 ;   8,414935 ;   48,64
264,12 ; 300,13 ;   8,418100 ;   48,15
266,13 ; 300,01 ;   6,665048 ;   38,29
268,13 ; 300,13 ;   9,652059 ;   55,68
270,13 ; 300,08 ;   6,485081 ;   37,70
272,13 ; 300,09 ;   8,772083 ;   50,07
274,13 ; 300,08 ;   7,884273 ;   45,98
276,13 ; 299,98 ;   8,236660 ;   47,16
278,13 ; 299,96 ;   9,452317 ;   54,04
280,13 ; 300,05 ;   8,413802 ;   48,99
282,13 ; 300,09 ;   6,842860 ;   39,80
284,13 ; 299,98 ;   7,701532 ;   44,23
286,13 ; 300,03 ;   9,476780 ;   54,60
288,14 ; 300,06 ;   7,541477 ;   43,38
290,14 ; 300,05 ;   7,718110 ;   44,35
292,14 ; 300,08 ;   8,235894 ;   47,27
294,14 ; 299,99 ;   7,717091 ;   44,83
296,14 ; 299,98 ;   9,293108 ;   53,38
298,14 ; 300,08 ;   8,238734 ;   47,67
300,14 ; 300,08 ;   6,843992 ;   39,63
302,14 ; 300,09 ;   8,077947 ;   46,54
304,14 ; 300,05 ;   7,881173 ;   45,91
306,14 ; 300,02 ;   8,418719 ;   48,96
308,14 ; 300,01 ;   8,593789 ;   49,76
310,15 ; 300,02 ;   8,235966 ;   47,50
312,15 ; 300,04 ;   8,059484 ;   46,30
314,15 ; 300,05 ;   7,897896 ;   45,01
316,15 ; 300,10 ;   7,902479 ;   45,49
318,15 ; 300,06 ;   7,363718 ;   42,91
320,15 ; 299,97 ;   8,592932 ;   49,46
322,15 ; 300,05 ;   9,473194 ;   54,04
324,15 ; 300,04 ;   7,025578 ;   40,28
326,15 ; 300,05 ;   8,237655 ;   47,86
328,15 ; 299,97 ;   7,880717 ;   45,46
330,16 ; 300,03 ;   9,292921 ;   53,45
332,16 ; 300,08 ;   7,365029 ;   42,13
334,16 ; 300,02 ;   7,541286 ;   43,01
336,16 ; 300,02 ;   8,934227 ;   51,44
338,16 ; 300,01 ;   8,059749 ;   46,82
340,16 ; 300,05 ;   8,235361 ;   47,44
342,16 ; 300,02 ;   7,538013 ;   43,14
344,16 ; 300,09 ;   8,575890 ;   49,70
346,16 ; 300,10 ;   7,198170 ;   41,21
348,16 ; 299,99 ;   7,876478 ;   45,15
350,16 ; 300,02 ;   9,651687 ;   55,00
352,17 ; 299,98 ;   7,877096 ;   45,06
354,17 ; 300,03 ;   8,596356 ;   49,28
356,17 ; 300,10 ;   7,538676 ;   43,24
358,17 ; 300,08 ;   7,182909 ;   41,10
360,17 ; 299,99 ;   8,417173 ;   48,15
362,17 ; 300,05 ;   9,291516 ;   53,25
364,17 ; 300,09 ;   7,181611 ;   41,93
366,17 ; 300,05 ;   7,719319 ;   44,05
368,17 ; 300,10 ;   8,415516 ;   48,84
370,17 ; 300,05 ;   7,359931 ;   42,79
372,18 ; 300,14 ;   8,597814 ;   49,97
374,18 ; 300,04 ;   6,845199 ;   39,66
376,18 ; 300,09 ;   9,454112 ;   54,08
378,18 ; 300,06 ;   7,362892 ;   42,85
380,18 ; 300,08 ;   8,413234 ;   48,16
382,18 ; 300,13 ;   7,900110 ;   45,18
384,18 ; 300,06 ;   7,361266 ;   42,60
386,18 ; 300,05 ;   8,948581 ;   51,02
388,18 ; 300,05 ;   8,238916 ;   47,02
390,18 ; 300,09 ;   8,056483 ;   46,44
392,18 ; 300,03 ;   7,537489 ;   43,94
394,19 ; 300,01 ;   8,772243 ;   50,59
396,19 ; 300,08 ;   8,432400 ;   48,42
398,19 ; 300,03 ;   7,202650 ;   41,09
400,19 ; 300,09 ;   8,771798 ;   50,00
402,19 ; 300,05 ;   7,358757 ;   42,19
404,19 ; 299,98 ;   8,431628 ;   48,70
406,19 ; 300,02 ;   8,952594 ;   51,99
408,19 ; 300,03 ;   7,717626 ;   44,31
410,19 ; 300,03 ;   7,879317 ;   45,37
412,19 ; 300,03 ;   8,076401 ;   46,52
414,20 ; 300,02 ;   8,076527 ;   46,52
416,20 ; 300,04 ;   8,254744 ;   47,76
418,20 ; 300,03 ;   7,719369 ;   44,74
420,20 ; 300,08 ;   8,240506 ;   47,08
422,20 ; 300,12 ;   7,359730 ;   42,77
424,20 ; 299,99 ;   7,543289 ;   43,12
426,20 ; 300,03 ;   9,654024 ;   55,94
428,20 ; 299,97 ;   7,542053 ;   43,60
430,20 ; 299,98 ;   8,932969 ;   51,45
432,20 ; 300,08 ;   7,899251 ;   45,60
434,20 ; 300,09 ;   6,842216 ;   39,30
436,21 ; 300,03 ;   7,899740 ;   45,58
438,21 ; 300,04 ;   8,753626 ;   50,50
440,21 ; 300,06 ;   7,881058 ;   45,84
442,21 ; 300,08 ;   7,719322 ;   44,55
444,21 ; 300,03 ;   7,879410 ;   45,03
446,21 ; 300,14 ;   8,592159 ;   49,90
448,21 ; 299,98 ;   6,503835 ;   37,74
450,21 ; 300,02 ;   10,164731 ;   58,23
452,21 ; 300,06 ;   7,720509 ;   44,21
454,21 ; 299,97 ;   7,358309 ;   42,79
456,21 ; 299,96 ;   9,291858 ;   53,70
458,22 ; 300,01 ;   8,235314 ;   47,41
460,22 ; 299,96 ;   7,538038 ;   43,10
462,22 ; 300,06 ;   8,754283 ;   50,29
464,22 ; 299,98 ;   6,664553 ;   38,75
466,22 ; 299,99 ;   9,114869 ;   52,46
468,22 ; 300,01 ;   8,078520 ;   46,08
470,22 ; 300,05 ;   7,880612 ;   45,41
472,22 ; 300,02 ;   7,356483 ;   42,83
474,22 ; 299,99 ;   8,596605 ;   49,39
476,22 ; 299,99 ;   8,418016 ;   48,37
478,22 ; 300,09 ;   8,057285 ;   46,64
480,23 ; 300,06 ;   6,840834 ;   39,18
482,23 ; 300,02 ;   8,240103 ;   47,96
484,23 ; 300,03 ;   8,591406 ;   49,95
486,23 ; 300,10 ;   7,899198 ;   45,25
488,23 ; 300,02 ;   7,020662 ;   40,80
490,23 ; 300,03 ;   9,111695 ;   52,82
492,23 ; 299,96 ;   7,899796 ;   45,23
494,23 ; 300,05 ;   8,934412 ;   51,98
496,23 ; 300,05 ;   6,844071 ;   39,33
498,23 ; 300,06 ;   8,058753 ;   46,24
500,24 ; 299,97 ;   7,877589 ;   45,62
502,24 ; 300,03 ;   9,292209 ;   53,65
504,24 ; 300,02 ;   7,202611 ;   41,76
506,24 ; 299,97 ;   8,236165 ;   47,61
508,24 ; 299,94 ;   8,754063 ;   50,19
510,24 ; 299,94 ;   8,590740 ;   49,22
512,24 ; 299,99 ;   8,077494 ;   46,92
514,24 ; 300,05 ;   7,361035 ;   42,57
516,24 ; 300,10 ;   7,197830 ;   41,63
518,24 ; 300,08 ;   7,360919 ;   42,51
520,25 ; 300,03 ;   8,231674 ;   47,83
522,25 ; 299,92 ;   8,595363 ;   49,82
524,25 ; 300,10 ;   9,646932 ;   55,06
526,25 ; 300,03 ;   5,608845 ;   32,69
528,25 ; 300,09 ;   8,928290 ;   51,54
530,25 ; 300,04 ;   7,178116 ;   42,00
532,25 ; 299,99 ;   8,593477 ;   49,75
534,25 ; 300,06 ;   8,754630 ;   50,02
536,25 ; 300,06 ;   7,004024 ;   40,96
538,25 ; 300,01 ;   8,076252 ;   46,15
540,25 ; 299,90 ;   8,752594 ;   50,49
542,26 ; 300,01 ;   9,626561 ;   55,16
544,26 ; 299,94 ;   6,663108 ;   38,40
546,26 ; 299,94 ;   9,108888 ;   52,06
548,26 ; 300,02 ;   8,073854 ;   46,88
550,26 ; 300,02 ;   7,020456 ;   40,67
552,26 ; 300,01 ;   8,076109 ;   46,43
554,26 ; 299,96 ;   8,233998 ;   47,05
556,26 ; 300,02 ;   8,753749 ;   50,21
558,26 ; 300,04 ;   7,361310 ;   42,40
560,26 ; 300,02 ;   7,715602 ;   44,57
562,27 ; 300,08 ;   8,411447 ;   48,16
564,27 ; 300,01 ;   7,198092 ;   41,45
566,27 ; 300,05 ;   8,930903 ;   51,66
568,27 ; 300,08 ;   7,361305 ;   42,73
570,27 ; 300,01 ;   7,716361 ;   44,32
572,27 ; 300,03 ;   8,929889 ;   51,64
574,27 ; 300,08 ;   7,715642 ;   44,58
576,27 ; 299,98 ;   7,377137 ;   42,58
578,27 ; 300,12 ;   9,272279 ;   53,49
580,27 ; 300,03 ;   6,304990 ;   36,00
582,27 ; 300,09 ;   9,107613 ;   52,63
584,27 ; 300,09 ;   7,201207 ;   41,93
586,28 ; 300,02 ;   7,875919 ;   45,96
588,28 ; 300,13 ;   8,951889 ;   51,55
590,28 ; 300,02 ;   6,484453 ;   37,65
592,28 ; 300,03 ;   9,449322 ;   54,42
594,28 ; 300,03 ;   7,897631 ;   45,10
596,28 ; 299,98 ;   8,053105 ;   46,25
598,28 ; 300,01 ;   8,592768 ;   49,97
600,28 ; 299,98 ;   7,698905 ;   44,65
602,28 ; 299,99 ;   8,415433 ;   48,25
604,28 ; 300,03 ;   7,876020 ;   45,90
606,29 ; 300,05 ;   7,539291 ;   43,37
608,29 ; 299,97 ;   7,719256 ;   44,38
610,29 ; 300,06 ;   9,110239 ;   52,95
612,29 ; 300,01 ;   6,842639 ;   39,14
614,29 ; 300,02 ;   8,753248 ;   50,41
616,29 ; 299,98 ;   7,898056 ;   45,75
618,29 ; 299,97 ;   8,413148 ;   48,81
620,29 ; 300,02 ;   8,251191 ;   47,75
622,29 ; 300,01 ;   7,378040 ;   42,87
624,29 ; 300,04 ;   8,055317 ;   46,95
626,29 ; 299,97 ;   7,537903 ;   43,88
628,30 ; 299,90 ;   8,928803 ;   51,78
630,30 ; 300,06 ;   9,112245 ;   52,19
632,30 ; 300,06 ;   5,787010 ;   33,96
634,30 ; 299,99 ;   8,054337 ;   46,06
636,30 ; 300,02 ;   8,928072 ;   51,65
638,30 ; 300,03 ;   7,716249 ;   44,59
640,30 ; 300,06 ;   7,895200 ;   45,08
642,30 ; 300,02 ;   7,539287 ;   43,74
644,30 ; 299,98 ;   8,591486 ;   49,77
646,30 ; 300,06 ;   8,414678 ;   48,79
648,31 ; 300,02 ;   7,001525 ;   40,27
650,31 ; 300,01 ;   8,588273 ;   49,76
652,31 ; 300,01 ;   8,074128 ;   46,92
654,31 ; 300,03 ;   8,075080 ;   46,35
656,31 ; 300,03 ;   7,698707 ;   44,48
658,31 ; 299,96 ;   8,075171 ;   46,21
660,31 ; 300,05 ;   8,932193 ;   51,80
662,31 ; 300,04 ;   6,843789 ;   39,15
664,31 ; 299,95 ;   8,250735 ;   47,31
666,31 ; 299,98 ;   9,287341 ;   53,61
668,31 ; 300,03 ;   7,536218 ;   43,59
670,32 ; 300,06 ;   7,359820 ;   42,75
672,32 ; 300,03 ;   7,540015 ;   43,71
674,32 ; 300,03 ;   8,413204 ;   48,50
676,32 ; 300,03 ;   8,077624 ;   46,19
678,32 ; 300,02 ;   8,060394 ;   46,19
680,32 ; 300,03 ;   8,235589 ;   47,43
682,32 ; 300,08 ;   7,896372 ;   45,03
684,32 ; 299,98 ;   7,360906 ;   42,45
686,32 ; 299,99 ;   9,288363 ;   53,36
688,32 ; 299,96 ;   7,875328 ;   45,82
690,32 ; 300,03 ;   8,413008 ;   48,89
692,33 ; 300,02 ;   7,015565 ;   40,98
694,33 ; 300,05 ;   8,235217 ;   47,42
696,33 ; 300,09 ;   7,539815 ;   43,16
698,33 ; 300,12 ;   7,535285 ;   43,54
700,33 ; 300,02 ;   7,538911 ;   43,35
702,33 ; 300,06 ;   9,289030 ;   53,73
704,33 ; 300,03 ;   7,362508 ;   42,50
706,33 ; 300,03 ;   8,410936 ;   48,44
708,33 ; 299,98 ;   8,073982 ;   46,13
710,33 ; 300,06 ;   8,575610 ;   49,86
712,34 ; 299,90 ;   6,999015 ;   40,18
714,34 ; 300,08 ;   10,342337 ;   59,00
716,34 ; 300,04 ;   5,607316 ;   32,60
718,34 ; 299,95 ;   8,411245 ;   48,96
720,34 ; 300,03 ;   9,287180 ;   53,54
722,34 ; 299,95 ;   6,840359 ;   39,79
724,34 ; 299,96 ;   9,109422 ;   52,96
726,34 ; 300,01 ;   7,892035 ;   45,38
728,34 ; 299,99 ;   7,376382 ;   42,81
730,34 ; 299,98 ;   8,250828 ;   47,51
732,35 ; 300,01 ;   8,072365 ;   46,98
734,35 ; 300,01 ;   7,719250 ;   44,54
736,35 ; 300,05 ;   8,054282 ;   46,27
738,35 ; 300,06 ;   7,356428 ;   42,54
740,35 ; 300,02 ;   7,890038 ;   45,37
742,35 ; 300,01 ;   8,593423 ;   49,67
744,35 ; 300,03 ;   8,056315 ;   46,83
746,35 ; 299,96 ;   7,695440 ;   44,39
748,35 ; 299,98 ;   8,931939 ;   51,71
750,35 ; 300,03 ;   7,711641 ;   44,66
752,35 ; 300,08 ;   7,376912 ;   42,66
754,36 ; 300,05 ;   7,360703 ;   42,39
756,36 ; 299,97 ;   8,233028 ;   47,70
758,36 ; 300,06 ;   9,128870 ;   52,81
760,36 ; 300,06 ;   6,840082 ;   39,01
762,36 ; 300,09 ;   7,874673 ;   45,92
764,36 ; 300,02 ;   7,718002 ;   44,05
766,36 ; 300,04 ;   8,928287 ;   51,36
768,36 ; 299,94 ;   7,699764 ;   44,31
770,36 ; 300,09 ;   9,467084 ;   54,12
772,36 ; 299,97 ;   5,970640 ;   34,82
774,36 ; 300,06 ;   9,624424 ;   55,09
776,37 ; 300,04 ;   6,663316 ;   38,98
778,37 ; 299,97 ;   8,233077 ;   47,76
780,37 ; 300,01 ;   8,932181 ;   51,62
782,37 ; 299,97 ;   7,537323 ;   43,32
784,37 ; 300,03 ;   8,593310 ;   49,32
786,37 ; 300,06 ;   7,203682 ;   41,46
788,37 ; 299,97 ;   7,539846 ;   43,58
790,37 ; 300,06 ;   9,288834 ;   53,34
792,37 ; 300,02 ;   6,661107 ;   38,97
794,37 ; 300,06 ;   8,574777 ;   49,61
796,37 ; 300,04 ;   7,360688 ;   42,42
798,38 ; 300,12 ;   8,232027 ;   47,74
800,38 ; 300,01 ;   6,843183 ;   39,78
802,38 ; 300,03 ;   9,465307 ;   54,24
804,38 ; 300,08 ;   7,713775 ;   44,30
806,38 ; 300,02 ;   7,360016 ;   42,30
808,38 ; 300,06 ;   8,753008 ;   50,73
810,38 ; 299,95 ;   7,377408 ;   42,38
812,38 ; 300,05 ;   9,623242 ;   55,16
814,38 ; 300,05 ;   6,501553 ;   37,81
816,38 ; 300,03 ;   7,893031 ;   45,88
818,39 ; 300,04 ;   8,232761 ;   47,74
820,39 ; 299,95 ;   7,897357 ;   45,38
822,39 ; 299,96 ;   9,270225 ;   53,42
824,39 ; 299,99 ;   7,876416 ;   45,26
826,39 ; 300,03 ;   7,537239 ;   43,93
828,39 ; 300,02 ;   7,534519 ;   43,13
830,39 ; 299,97 ;   8,232361 ;   47,25
832,39 ; 299,99 ;   8,589096 ;   49,83
834,39 ; 299,97 ;   7,716075 ;   44,51
836,39 ; 300,03 ;   8,409640 ;   48,10
838,39 ; 300,03 ;   7,196896 ;   41,40
840,40 ; 300,02 ;   8,054142 ;   46,01
842,40 ; 299,94 ;   8,234468 ;   47,25
844,40 ; 300,06 ;   9,108280 ;   52,31
846,40 ; 300,03 ;   6,303664 ;   36,61
848,40 ; 300,09 ;   8,409287 ;   48,31
850,40 ; 300,09 ;   7,201716 ;   41,65
852,40 ; 300,14 ;   7,875467 ;   45,68
854,40 ; 300,12 ;   7,199161 ;   41,32
856,40 ; 300,03 ;   8,232749 ;   47,20
858,40 ; 300,06 ;   9,111456 ;   52,30
860,41 ; 300,09 ;   7,537896 ;   43,46
862,41 ; 300,06 ;   7,535159 ;   43,90
864,41 ; 300,05 ;   8,232453 ;   47,48
866,41 ; 299,98 ;   8,054827 ;   46,37
868,41 ; 300,03 ;   8,928764 ;   51,38
870,41 ; 299,99 ;   7,359210 ;   42,47
872,41 ; 300,09 ;   8,572043 ;   49,03
874,41 ; 299,99 ;   6,658808 ;   38,69
876,41 ; 299,98 ;   9,286882 ;   53,06
878,41 ; 300,02 ;   8,053925 ;   46,76
880,41 ; 300,01 ;   7,536164 ;   43,70
882,42 ; 299,98 ;   8,054213 ;   46,63
884,42 ; 300,03 ;   8,233393 ;   47,91
886,42 ; 300,02 ;   7,358759 ;   42,45
888,42 ; 300,06 ;   8,233988 ;   47,15
890,42 ; 300,08 ;   7,359279 ;   42,27
892,42 ; 300,09 ;   7,715174 ;   44,48
894,42 ; 299,99 ;   7,878317 ;   45,00
896,42 ; 300,02 ;   9,289094 ;   53,03
898,42 ; 300,03 ;   7,716054 ;   44,25
900,42 ; 300,04 ;   7,695716 ;   44,73
902,43 ; 299,99 ;   7,896317 ;   45,26
904,43 ; 300,01 ;   8,575684 ;   49,56
906,43 ; 299,96 ;   7,696221 ;   44,86
908,43 ; 300,03 ;   8,591220 ;   49,74
910,43 ; 299,94 ;   7,022881 ;   40,69
912,43 ; 300,05 ;   9,284033 ;   53,34
914,43 ; 299,99 ;   6,501064 ;   37,10
916,43 ; 300,05 ;   8,773160 ;   50,72
918,43 ; 300,06 ;   7,195586 ;   41,13
920,43 ; 300,02 ;   7,873792 ;   45,11
922,43 ; 300,03 ;   8,592997 ;   49,42
924,44 ; 300,05 ;   7,717680 ;   44,71
926,44 ; 300,06 ;   7,537557 ;   43,99
928,44 ; 300,09 ;   7,891476 ;   45,10
930,44 ; 300,04 ;   7,538173 ;   43,80
932,44 ; 299,99 ;   8,591989 ;   49,25
934,44 ; 299,99 ;   8,573453 ;   49,52
936,44 ; 300,02 ;   8,055594 ;   46,06
938,44 ; 300,01 ;   7,712855 ;   44,20
940,44 ; 300,02 ;   8,056313 ;   46,55
942,44 ; 299,97 ;   7,880788 ;   45,35
944,44 ; 300,05 ;   8,588882 ;   49,66
946,45 ; 299,99 ;   6,840833 ;   39,36
948,45 ; 300,01 ;   8,750752 ;   50,66
950,45 ; 300,03 ;   7,714301 ;   44,81
952,45 ; 300,03 ;   7,694981 ;   44,10
954,45 ; 300,04 ;   7,899665 ;   45,82
956,45 ; 300,06 ;   7,877218 ;   45,20
958,45 ; 300,03 ;   7,537483 ;   43,91
960,45 ; 300,09 ;   8,412007 ;   48,12
962,45 ; 300,06 ;   7,183828 ;   41,45
964,45 ; 299,99 ;   8,231248 ;   47,35
966,46 ; 300,03 ;   8,930176 ;   51,21
968,46 ; 299,96 ;   7,377740 ;   42,91
970,46 ; 300,01 ;   8,950278 ;   51,38
972,46 ; 299,94 ;   7,356889 ;   42,47
974,46 ; 300,02 ;   8,948523 ;   51,52
976,46 ; 299,92 ;   7,018820 ;   40,12
978,46 ; 299,99 ;   9,286617 ;   53,35
980,46 ; 300,02 ;   6,999582 ;   40,84
982,46 ; 300,02 ;   7,695981 ;   44,17
984,46 ; 300,03 ;   7,898488 ;   45,89
986,46 ; 300,05 ;   7,698125 ;   44,65
988,47 ; 300,03 ;   7,536048 ;   43,93
990,47 ; 299,99 ;   8,230342 ;   47,52
992,47 ; 300,03 ;   8,410422 ;   48,90
994,47 ; 300,09 ;   7,378107 ;   42,91
996,47 ; 300,06 ;   7,177042 ;   41,43
998,47 ; 300,03 ;   8,231902 ;   47,33
1000,47 ; 300,01 ;   8,414303 ;   48,08
1002,47 ; 300,06 ;   8,234102 ;   47,63
1004,47 ; 299,97 ;   7,199846 ;   41,55
1006,47 ; 300,03 ;   9,270676 ;   53,04
1008,48 ; 300,01 ;   7,181576 ;   41,15
1010,48 ; 300,06 ;   8,231720 ;   47,62
1012,48 ; 300,04 ;   7,198397 ;   41,54
1014,48 ; 299,99 ;   8,232830 ;   47,44
1016,48 ; 300,04 ;   8,594777 ;   49,43
1018,48 ; 299,98 ;   7,377291 ;   42,24
1020,48 ; 300,01 ;   8,751667 ;   50,05
1022,48 ; 300,08 ;   7,697857 ;   44,15
1024,48 ; 300,01 ;   7,022130 ;   40,28
1026,48 ; 300,01 ;   8,929969 ;   51,06
1028,49 ; 300,04 ;   7,873797 ;   45,87
1030,49 ; 299,96 ;   7,537827 ;   43,38
1032,49 ; 299,98 ;   8,932158 ;   51,90
1034,49 ; 299,98 ;   7,713384 ;   44,28
1036,49 ; 299,99 ;   8,073368 ;   46,01
1038,49 ; 299,99 ;   7,873378 ;   45,39
1040,49 ; 300,01 ;   7,897853 ;   45,97
1042,49 ; 300,01 ;   7,714961 ;   44,72
1044,49 ; 299,99 ;   7,895084 ;   45,88
1046,49 ; 299,99 ;   8,234335 ;   47,12
1048,49 ; 300,01 ;   7,877668 ;   45,97
1050,50 ; 299,96 ;   7,715272 ;   44,72
1052,50 ; 300,08 ;   8,575913 ;   49,61
1054,50 ; 300,03 ;   6,304542 ;   36,82
1056,50 ; 299,95 ;   8,574152 ;   49,19
1058,50 ; 300,08 ;   9,109477 ;   52,57
1060,50 ; 300,08 ;   6,145970 ;   35,67
1062,50 ; 299,98 ;   7,896661 ;   45,46
1064,50 ; 300,06 ;   9,106426 ;   52,91
1066,50 ; 300,05 ;   6,841180 ;   39,78
1068,50 ; 299,96 ;   8,073798 ;   46,16
1070,50 ; 299,96 ;   9,288027 ;   53,04
1072,51 ; 299,94 ;   8,057402 ;   46,12
1074,51 ; 299,99 ;   8,234405 ;   47,99
1076,51 ; 300,01 ;   7,200471 ;   41,92
1078,51 ; 300,05 ;   7,714615 ;   44,71
1080,51 ; 300,04 ;   7,359257 ;   42,13
1082,51 ; 300,02 ;   8,052684 ;   46,83
1084,51 ; 299,99 ;   8,234029 ;   47,53
1086,51 ; 299,97 ;   8,232908 ;   47,67
1088,51 ; 300,02 ;   8,233215 ;   47,81
1090,51 ; 299,98 ;   7,358824 ;   42,35
1092,52 ; 299,90 ;   8,410142 ;   48,29
1094,52 ; 300,01 ;   9,109936 ;   52,83
1096,52 ; 300,04 ;   6,484245 ;   37,79
1098,52 ; 300,03 ;   7,537441 ;   43,38
1100,52 ; 299,98 ;   8,058062 ;   46,30
1102,52 ; 300,03 ;   8,570371 ;   49,45
1104,52 ; 300,06 ;   7,361069 ;   42,26
1106,52 ; 300,03 ;   7,537976 ;   43,23
1108,52 ; 299,97 ;   8,416411 ;   48,02
1110,52 ; 300,09 ;   8,753758 ;   50,68
1112,53 ; 299,96 ;   6,324794 ;   36,75
1114,53 ; 299,99 ;   9,645079 ;   55,33
1116,53 ; 300,01 ;   7,536492 ;   43,63
1118,53 ; 299,92 ;   7,717399 ;   44,69
1120,53 ; 299,99 ;   9,111593 ;   52,69
1122,53 ; 300,02 ;   7,019212 ;   40,75
1124,53 ; 300,01 ;   7,714345 ;   44,08
1126,53 ; 299,97 ;   8,074626 ;   46,43
1128,53 ; 300,06 ;   8,413753 ;   48,96
1130,53 ; 300,04 ;   6,661732 ;   38,61
1132,53 ; 300,01 ;   8,238761 ;   47,39
1134,54 ; 299,94 ;   8,412302 ;   48,15
1136,54 ; 300,03 ;   8,949100 ;   51,43
1138,54 ; 299,97 ;   6,664404 ;   38,79
1140,54 ; 300,09 ;   8,769676 ;   50,68
1142,54 ; 300,03 ;   6,324718 ;   36,75
1144,54 ; 300,02 ;   8,591649 ;   49,74
1146,54 ; 300,08 ;   8,054494 ;   46,94
1148,54 ; 299,97 ;   7,017145 ;   40,81
1150,54 ; 299,99 ;   9,451035 ;   54,12
1152,54 ; 300,01 ;   7,718721 ;   44,19
1154,54 ; 299,99 ;   7,716231 ;   44,68
1156,55 ; 299,97 ;   8,234977 ;   47,07
1158,55 ; 300,04 ;   8,250809 ;   47,79
1160,55 ; 300,01 ;   7,018440 ;   40,46
1162,55 ; 300,02 ;   8,415888 ;   48,13
1164,55 ; 300,01 ;   7,875479 ;   45,20
1166,55 ; 299,99 ;   8,068711 ;   46,40
1168,55 ; 300,04 ;   8,237098 ;   47,07
1170,55 ; 300,08 ;   7,357152 ;   42,18
1172,55 ; 300,01 ;   7,359347 ;   42,53
1174,55 ; 300,03 ;   8,953534 ;   51,00
1176,56 ; 300,02 ;   7,539703 ;   43,95
1178,56 ; 299,98 ;   8,053526 ;   46,92
1180,56 ; 300,02 ;   8,413347 ;   48,25
1182,56 ; 300,09 ;   7,537753 ;   43,46
1184,56 ; 300,02 ;   7,003308 ;   40,16
1186,56 ; 299,94 ;   8,768824 ;   50,94
1188,56 ; 299,99 ;   8,947775 ;   51,97
1190,56 ; 299,97 ;   7,198592 ;   41,86
1192,56 ; 299,99 ;   8,234323 ;   47,76
1194,56 ; 299,97 ;   7,717470 ;   44,17
1196,56 ; 300,03 ;   8,236078 ;   47,76
1198,57 ; 299,97 ;   7,177785 ;   41,06
1200,57 ; 300,05 ;   8,773274 ;   50,65
1202,57 ; 300,10 ;   6,844564 ;   39,20
1204,57 ; 300,01 ;   7,201355 ;   41,80
1206,57 ; 300,05 ;   9,107262 ;   52,72
1208,57 ; 300,03 ;   7,378709 ;   42,06
1210,57 ; 300,03 ;   8,253579 ;   47,38
1212,57 ; 300,08 ;   7,897681 ;   45,65
1214,57 ; 300,06 ;   7,183393 ;   41,91
1216,57 ; 300,06 ;   8,054995 ;   46,61
1218,58 ; 300,01 ;   7,892963 ;   45,45
1220,58 ; 300,01 ;   8,573678 ;   49,79
1222,58 ; 300,03 ;   7,874584 ;   45,76
1224,58 ; 300,08 ;   7,543003 ;   43,89
1226,58 ; 299,99 ;   7,177995 ;   41,89
1228,58 ; 300,01 ;   9,110726 ;   52,18
1230,58 ; 299,99 ;   7,715251 ;   44,59
1232,58 ; 299,95 ;   8,056540 ;   46,99
1234,58 ; 300,01 ;   8,574686 ;   49,57
1236,58 ; 299,96 ;   7,181089 ;   41,14
1238,59 ; 300,04 ;   8,596286 ;   49,48
1240,59 ; 299,97 ;   6,842380 ;   39,81
1242,59 ; 299,97 ;   8,951836 ;   51,17
1244,59 ; 299,98 ;   7,891620 ;   45,98
1246,59 ; 299,94 ;   7,718374 ;   44,74
1248,59 ; 299,96 ;   8,588517 ;   49,63
1250,59 ; 299,96 ;   7,719445 ;   44,31
1252,59 ; 300,03 ;   8,054149 ;   46,04
1254,59 ; 299,96 ;   7,021175 ;   40,45
1256,59 ; 299,99 ;   8,928565 ;   51,23
1258,59 ; 300,01 ;   7,537921 ;   43,56
1260,60 ; 299,96 ;   7,717507 ;   44,62
1262,60 ; 299,91 ;   8,591108 ;   49,51
1264,60 ; 300,01 ;   8,591526 ;   49,78
1266,60 ; 299,99 ;   6,664411 ;   38,87
1268,60 ; 300,05 ;   8,234340 ;   47,03
1270,60 ; 300,01 ;   7,002020 ;   40,90
1272,60 ; 300,09 ;   8,591207 ;   49,24
1274,60 ; 300,06 ;   6,841258 ;   39,56
1276,60 ; 300,05 ;   8,234210 ;   47,19
1278,60 ; 299,97 ;   8,055486 ;   46,07
1280,60 ; 300,04 ;   9,106867 ;   52,33
1282,61 ; 300,02 ;   7,021582 ;   40,40
1284,61 ; 300,08 ;   8,236284 ;   47,44
1286,61 ; 300,03 ;   7,017638 ;   40,73
1288,61 ; 299,94 ;   8,589130 ;   49,07
1290,61 ; 300,01 ;   9,289907 ;   53,07
1292,61 ; 299,98 ;   7,019309 ;   40,56
1294,61 ; 300,03 ;   8,234989 ;   47,62
1296,61 ; 299,97 ;   7,355040 ;   42,16
1298,61 ; 300,01 ;   8,771467 ;   50,59
1300,61 ; 299,94 ;   7,359240 ;   42,87
1302,61 ; 300,09 ;   8,950587 ;   51,35
1304,62 ; 300,05 ;   5,964976 ;   34,35
1306,62 ; 300,03 ;   8,234203 ;   47,78
1308,62 ; 299,98 ;   8,237344 ;   47,34
1310,62 ; 300,06 ;   8,590259 ;   49,33
1312,62 ; 300,04 ;   6,840002 ;   39,66
1314,62 ; 300,08 ;   8,236435 ;   47,28
1316,62 ; 299,98 ;   7,357573 ;   42,44
1318,62 ; 300,03 ;   9,112229 ;   52,77
1320,62 ; 300,03 ;   7,377965 ;   42,13
1322,62 ; 299,99 ;   7,874801 ;   45,58
1324,63 ; 299,92 ;   8,416246 ;   48,69
1326,63 ; 300,13 ;   8,951694 ;   51,40
1328,63 ; 300,08 ;   5,269509 ;   30,05
1330,63 ; 300,03 ;   8,410624 ;   48,76
1332,63 ; 300,06 ;   8,591402 ;   49,03
1334,63 ; 300,02 ;   7,539532 ;   43,08
1336,63 ; 300,06 ;   8,592697 ;   49,11
1338,63 ; 300,06 ;   7,178374 ;   41,92
1340,63 ; 300,03 ;   7,896816 ;   45,37
1342,63 ; 300,02 ;   8,251951 ;   47,85
1344,63 ; 299,99 ;   8,074059 ;   46,78
1346,64 ; 299,98 ;   8,251977 ;   47,49
1348,64 ; 299,97 ;   8,072852 ;   46,39
1350,64 ; 300,03 ;   8,251373 ;   47,05
1352,64 ; 300,09 ;   7,019400 ;   40,93
1354,64 ; 299,99 ;   7,200276 ;   41,19
1356,64 ; 300,02 ;   9,109899 ;   52,68
1358,64 ; 300,04 ;   7,538002 ;   43,89
1360,64 ; 299,98 ;   7,539105 ;   43,75
1362,64 ; 300,02 ;   8,572971 ;   49,83
1364,64 ; 300,03 ;   7,539219 ;   43,31
1366,65 ; 299,99 ;   7,713802 ;   44,37
1368,65 ; 300,03 ;   8,414470 ;   48,63
1370,65 ; 300,02 ;   7,360016 ;   42,64
1372,65 ; 300,01 ;   8,053960 ;   46,76
1374,65 ; 300,08 ;   8,052232 ;   46,23
1376,65 ; 300,01 ;   7,023506 ;   40,06
1378,65 ; 300,03 ;   8,752591 ;   50,84
1380,65 ; 300,02 ;   7,536215 ;   43,78
1382,65 ; 299,96 ;   8,051762 ;   46,75
1384,65 ; 299,94 ;   8,592197 ;   49,94
1386,65 ; 299,99 ;   8,252047 ;   47,78
1388,66 ; 300,08 ;   7,199580 ;   41,70
1390,66 ; 300,02 ;   6,664607 ;   38,90
1392,66 ; 299,94 ;   8,753991 ;   50,21
1394,66 ; 299,97 ;   8,929475 ;   51,81
1396,66 ; 299,98 ;   7,539800 ;   43,57
1398,66 ; 300,06 ;   7,700479 ;   44,63
1400,66 ; 299,96 ;   6,841587 ;   39,57
1402,66 ; 300,01 ;   9,286033 ;   53,41
1404,66 ; 299,96 ;   7,360444 ;   42,19
1406,66 ; 299,91 ;   8,588290 ;   49,38
1408,67 ; 299,97 ;   8,592242 ;   49,65
1410,67 ; 299,96 ;   7,199734 ;   41,85
1412,67 ; 299,92 ;   8,054974 ;   46,51
1414,67 ; 299,97 ;   8,572684 ;   49,05
1416,67 ; 300,01 ;   7,357387 ;   42,44
1418,67 ; 300,03 ;   7,375222 ;   42,80
1420,67 ; 299,97 ;   7,542438 ;   43,82
1422,67 ; 300,02 ;   8,765306 ;   50,52
1424,67 ; 300,05 ;   7,358489 ;   42,18
1426,67 ; 300,02 ;   7,376307 ;   42,52
1428,67 ; 300,06 ;   8,412127 ;   48,51
1430,68 ; 300,06 ;   7,200464 ;   41,90
1432,68 ; 300,08 ;   7,875361 ;   45,35
1434,68 ; 300,05 ;   7,718611 ;   44,10
1436,68 ; 300,04 ;   8,234503 ;   47,11
1438,68 ; 299,99 ;   8,055809 ;   46,62
1440,68 ; 300,01 ;   8,572438 ;   49,19
1442,68 ; 300,02 ;   7,717223 ;   44,49
1444,68 ; 300,01 ;   7,875788 ;   45,02
1446,68 ; 299,97 ;   8,055834 ;   46,21
1448,68 ; 300,01 ;   8,415141 ;   48,75
1450,68 ; 300,01 ;   7,361705 ;   42,75
1452,69 ; 300,02 ;   7,876185 ;   45,64
1454,69 ; 300,01 ;   7,892937 ;   45,02
1456,69 ; 299,94 ;   8,074987 ;   46,21
1458,69 ; 299,98 ;   8,947478 ;   51,23
1460,69 ; 300,03 ;   7,357007 ;   42,32
1462,69 ; 299,97 ;   7,376864 ;   42,05
1464,69 ; 300,02 ;   8,770140 ;   50,48
1466,69 ; 299,99 ;   7,376060 ;   42,14
1468,69 ; 300,06 ;   8,232997 ;   47,46
1470,69 ; 300,02 ;   7,020726 ;   40,13
1472,70 ; 300,06 ;   8,594039 ;   49,05
1474,70 ; 300,08 ;   7,184200 ;   41,86
1476,70 ; 300,05 ;   7,716347 ;   44,07
1478,70 ; 300,06 ;   8,234823 ;   47,08
1480,70 ; 300,03 ;   7,715328 ;   44,72
1482,70 ; 300,06 ;   8,236229 ;   47,78
1484,70 ; 300,12 ;   7,357806 ;   42,98
1486,70 ; 300,08 ;   7,023836 ;   40,93
1488,70 ; 300,08 ;   8,407144 ;   48,06
1490,70 ; 300,08 ;   7,896106 ;   45,17
1492,70 ; 300,01 ;   7,875717 ;   45,16
1494,71 ; 300,03 ;   8,750517 ;   50,75
1496,71 ; 300,05 ;   7,537827 ;   43,69
1498,71 ; 299,30 ;   7,537878 ;   43,55
1500,71 ; 297,05 ;   18,199244 ;  104,97
1502,71 ; 294,09 ;   21,624819 ;  125,00
1504,71 ; 291,09 ;   21,656071 ;  125,00
1506,71 ; 288,45 ;   21,668033 ;  125,00
1508,71 ; 286,23 ;   21,659782 ;  125,00
1510,71 ; 284,27 ;   21,639440 ;  125,00
1512,72 ; 282,83 ;   21,651281 ;  125,00
1514,72 ; 281,58 ;   21,649550 ;  125,00
1516,72 ; 280,63 ;   21,630715 ;  125,00
1518,72 ; 280,00 ;   21,645396 ;  125,00
1520,72 ; 279,62 ;   21,643795 ;  125,00
1522,72 ; 279,41 ;   21,643593 ;  125,00
1524,72 ; 279,44 ;   21,640977 ;  125,00
1526,72 ; 279,66 ;   20,314544 ;  116,74
1528,72 ; 280,00 ;   17,986520 ;  103,25
1530,73 ; 280,52 ;   16,598068 ;   95,46
1532,73 ; 281,18 ;   13,974475 ;   80,77
1534,73 ; 281,94 ;   12,072315 ;   69,30
1536,73 ; 282,72 ;   10,321317 ;   59,47
1538,73 ; 283,55 ;   9,613827 ;   55,19
1540,73 ; 284,38 ;   8,404524 ;   48,86
1542,73 ; 285,30 ;   7,863869 ;   45,83
1544,73 ; 286,18 ;   6,119105 ;   35,28
1546,73 ; 286,97 ;   5,961222 ;   34,66
1548,74 ; 287,84 ;   6,654814 ;   38,52
1550,74 ; 288,56 ;   5,088676 ;   29,16
1552,74 ; 289,23 ;   6,302873 ;   36,66
1554,74 ; 289,95 ;   6,659583 ;   38,68
1556,74 ; 290,48 ;   5,449745 ;   31,03
1558,74 ; 291,09 ;   7,537556 ;   43,47
1560,74 ; 291,52 ;   6,142112 ;   35,22
1562,74 ; 291,96 ;   8,076816 ;   46,96
1564,74 ; 292,38 ;   7,698644 ;   44,78
1566,74 ; 292,79 ;   7,897350 ;   45,01
1568,75 ; 293,26 ;   7,539650 ;   43,43
1570,75 ; 293,53 ;   6,482784 ;   37,45
1572,75 ; 293,81 ;   8,931995 ;   51,03
1574,75 ; 294,16 ;   8,590183 ;   49,53
1576,75 ; 294,43 ;   7,540047 ;   43,61
1578,75 ; 294,70 ;   8,254957 ;   47,85
1580,75 ; 294,98 ;   8,236349 ;   47,51
1582,75 ; 295,16 ;   7,898331 ;   45,30
1584,75 ; 295,39 ;   9,113861 ;   52,30
1586,75 ; 295,66 ;   8,237239 ;   47,43
1588,76 ; 295,84 ;   7,718337 ;   44,11
1590,76 ; 296,10 ;   8,576225 ;   49,87
1592,76 ; 296,30 ;   7,359680 ;   42,45
1594,76 ; 296,48 ;   8,077467 ;   46,31
1596,76 ; 296,72 ;   8,415950 ;   48,02
1598,76 ; 296,92 ;   7,183990 ;   41,82
1600,76 ; 296,99 ;   7,541371 ;   43,89
1602,76 ; 297,17 ;   9,293779 ;   53,61
1604,76 ; 297,34 ;   7,702103 ;   44,83
1606,76 ; 297,48 ;   7,899807 ;   45,34
1608,77 ; 297,66 ;   7,895945 ;   45,92
1610,77 ; 297,80 ;   7,558658 ;   43,48
1612,77 ; 297,90 ;   7,704424 ;   44,60
1614,77 ; 298,11 ;   8,418753 ;   48,34
1616,77 ; 298,17 ;   6,664736 ;   38,70
1618,77 ; 298,37 ;   8,596902 ;   49,50
1620,77 ; 298,44 ;   6,662741 ;   38,76
1622,77 ; 298,54 ;   8,256721 ;   47,76
1624,77 ; 298,59 ;   7,902837 ;   45,04
1626,77 ; 298,73 ;   8,417996 ;   48,96
1628,78 ; 298,89 ;   7,206636 ;   41,38
1630,78 ; 298,98 ;   6,663820 ;   38,84
1632,78 ; 299,07 ;   7,721669 ;   44,23
1634,78 ; 299,19 ;   7,542600 ;   43,22
1636,78 ; 299,26 ;   7,029969 ;   40,92
1638,78 ; 299,23 ;   7,724832 ;   44,06
1640,78 ; 299,34 ;   8,940611 ;   51,19
1642,78 ; 299,40 ;   7,026423 ;   40,84
1644,78 ; 299,45 ;   7,726782 ;   44,64
1646,78 ; 299,46 ;   7,701721 ;   44,38
1648,78 ; 299,63 ;   8,244018 ;   47,86
1650,79 ; 299,66 ;   6,149257 ;   35,43
1652,79 ; 299,64 ;   7,725708 ;   44,48
1654,79 ; 299,73 ;   8,598013 ;   49,26
1656,79 ; 299,76 ;   7,028530 ;   40,11
1658,79 ; 299,80 ;   7,903482 ;   45,19
1660,79 ; 299,87 ;   7,543763 ;   43,21
1662,79 ; 299,74 ;   7,185827 ;   41,72
1664,79 ; 299,87 ;   9,834875 ;   56,30
1666,79 ; 299,95 ;   6,494409 ;   37,15
1668,79 ; 300,01 ;   7,025894 ;   40,17
1670,80 ; 299,92 ;   7,024754 ;   40,97
1672,80 ; 300,02 ;   9,116245 ;   52,42
1674,80 ; 300,02 ;   6,671995 ;   38,63
1676,80 ; 300,08 ;   7,885881 ;   45,54
1678,80 ; 300,03 ;   7,025831 ;   40,57
1680,80 ; 300,03 ;   8,421087 ;   48,90
1682,80 ; 300,12 ;   7,906816 ;   45,44
1684,80 ; 300,14 ;   6,667638 ;   38,60
1686,80 ; 300,09 ;   7,546288 ;   43,06
1688,80 ; 300,20 ;   8,603482 ;   49,13
1690,81 ; 300,15 ;   6,331647 ;   36,38
1692,81 ; 300,17 ;   8,426693 ;   48,16
1694,81 ; 300,23 ;   7,367154 ;   42,82
1696,81 ; 300,10 ;   6,847142 ;   39,55
1698,81 ; 300,20 ;   9,481200 ;   54,71
1700,81 ; 300,24 ;   6,490196 ;   37,44
1702,81 ; 300,20 ;   7,008773 ;   40,60
1704,81 ; 300,24 ;   8,245229 ;   47,15
1706,81 ; 300,27 ;   7,208520 ;   41,13
1708,81 ; 300,20 ;   7,366882 ;   42,12
1710,81 ; 300,23 ;   8,603891 ;   49,42
1712,82 ; 300,16 ;   7,188137 ;   41,10
1714,82 ; 300,16 ;   8,604090 ;   49,55
1716,82 ; 300,22 ;   7,728268 ;   44,35
1718,82 ; 300,20 ;   6,848136 ;   39,97
1720,82 ; 300,24 ;   7,900905 ;   45,23
1722,82 ; 300,23 ;   7,027916 ;   40,95
1724,82 ; 300,24 ;   7,726956 ;   44,43
1726,82 ; 300,14 ;   7,546018 ;   43,20
1728,82 ; 300,20 ;   8,939399 ;   51,83
1730,82 ; 300,18 ;   6,849943 ;   39,97
1732,82 ; 300,24 ;   7,905478 ;   45,23
1734,83 ; 300,16 ;   6,847721 ;   39,08
1736,83 ; 300,24 ;   8,604254 ;   49,89
1738,83 ; 300,17 ;   6,510237 ;   37,88
1740,83 ; 300,16 ;   8,596464 ;   49,22
1742,83 ; 300,20 ;   7,725967 ;   44,63
1744,83 ; 300,20 ;   7,029681 ;   40,93
1746,83 ; 300,24 ;   7,725861 ;   44,41
1748,83 ; 300,23 ;   7,011676 ;   40,08
1750,83 ; 300,17 ;   7,724695 ;   44,14
1752,83 ; 300,17 ;   8,426396 ;   48,51
1754,84 ; 300,23 ;   7,546622 ;   43,88
1756,84 ; 300,23 ;   6,674027 ;   38,89
1758,84 ; 300,20 ;   7,545873 ;   43,47
1760,84 ; 300,26 ;   8,064224 ;   46,56
1762,84 ; 300,20 ;   6,668929 ;   38,68
1764,84 ; 300,17 ;   8,421492 ;   48,24
1766,84 ; 300,18 ;   7,900011 ;   45,47
1768,84 ; 300,16 ;   7,546339 ;   43,10
1770,84 ; 300,15 ;   7,726829 ;   44,90
1772,84 ; 300,14 ;   7,725080 ;   44,97
1774,85 ; 300,09 ;   7,721380 ;   44,42
1776,85 ; 300,16 ;   8,423241 ;   48,19
1778,85 ; 300,12 ;   6,489323 ;   37,92
1780,85 ; 300,16 ;   8,244109 ;   47,40
1782,85 ; 300,09 ;   7,027734 ;   40,20
1784,85 ; 300,15 ;   8,603769 ;   49,86
1786,85 ; 300,09 ;   6,849251 ;   39,11
1788,85 ; 300,03 ;   8,425796 ;   48,68
1790,85 ; 300,12 ;   8,422185 ;   48,41
1792,85 ; 300,09 ;   6,509867 ;   37,53
1794,85 ; 300,05 ;   8,066059 ;   46,35
1796,86 ; 300,14 ;   8,067463 ;   46,52
1798,86 ; 300,09 ;   6,491199 ;   37,36
1800,86 ; 300,03 ;   8,421589 ;   48,05
1802,86 ; 300,06 ;   8,426199 ;   48,35
1804,86 ; 300,09 ;   7,188208 ;   41,82
1806,86 ; 300,10 ;   7,388616 ;   42,26
1808,86 ; 300,12 ;   7,370437 ;   42,74
1810,86 ; 300,04 ;   7,367550 ;   42,63
1812,86 ; 300,12 ;   8,602011 ;   49,99
1814,86 ; 300,12 ;   6,667628 ;   38,01
1816,86 ; 300,06 ;   7,544718 ;   43,76
1818,87 ; 300,03 ;   8,422844 ;   48,10
1820,87 ; 300,06 ;   8,062650 ;   46,54
1822,87 ; 300,05 ;   7,185915 ;   41,75
1824,87 ; 300,12 ;   7,706776 ;   44,67
1826,87 ; 300,08 ;   6,849222 ;   39,11
1828,87 ; 300,16 ;   8,082161 ;   46,82
1830,87 ; 300,10 ;   6,491924 ;   37,09
1832,87 ; 300,04 ;   8,420502 ;   48,39
1834,87 ; 300,09 ;   8,424941 ;   48,74
1836,87 ; 300,13 ;   7,026827 ;   40,39
1838,87 ; 300,06 ;   7,029315 ;   40,73
1840,88 ; 300,05 ;   8,418263 ;   48,57
1842,88 ; 300,04 ;   7,725894 ;   44,58
1844,88 ; 299,98 ;   7,883686 ;   45,24
1846,88 ; 300,05 ;   8,421194 ;   48,43
1848,88 ; 300,12 ;   6,666938 ;   38,80
1850,88 ; 300,09 ;   6,848323 ;   39,01
1852,88 ; 300,03 ;   8,080049 ;   46,10
1854,88 ; 299,97 ;   8,423825 ;   48,13
1856,88 ; 299,97 ;   8,596605 ;   49,07
1858,88 ; 300,03 ;   7,722834 ;   44,46
1860,89 ; 300,01 ;   6,845961 ;   39,49
1862,89 ; 299,97 ;   7,882594 ;   45,97
1864,89 ; 300,02 ;   8,243025 ;   47,34
1866,89 ; 300,03 ;   7,025558 ;   40,73
1868,89 ; 300,05 ;   7,365248 ;   42,95
1870,89 ; 299,99 ;   7,362437 ;   42,23
1872,89 ; 300,08 ;   8,422441 ;   48,93
1874,89 ; 300,01 ;   6,488076 ;   37,48
1876,89 ; 300,06 ;   8,599464 ;   49,41
1878,89 ; 299,99 ;   6,846064 ;   39,86
1880,89 ; 300,02 ;   8,598418 ;   49,49
1882,90 ; 299,97 ;   7,362637 ;   42,44
1884,90 ; 300,05 ;   8,246025 ;   47,90
1886,90 ; 300,05 ;   6,488890 ;   37,60
1888,90 ; 300,03 ;   7,563093 ;   43,94
1890,90 ; 300,03 ;   7,905742 ;   45,80
1892,90 ; 300,06 ;   7,721004 ;   44,06
1894,90 ; 300,04 ;   7,208632 ;   41,57
1896,90 ; 300,08 ;   7,882707 ;   45,74
1898,90 ; 299,97 ;   7,029534 ;   40,89
1900,90 ; 300,03 ;   9,115498 ;   52,48
1902,90 ; 300,03 ;   6,849474 ;   39,43
1904,91 ; 300,04 ;   7,724553 ;   44,04
1906,91 ; 299,94 ;   7,546261 ;   43,41
1908,91 ; 299,96 ;   9,120878 ;   52,07
1910,91 ; 299,94 ;   7,364225 ;   42,72
1912,91 ; 299,98 ;   8,081292 ;   46,31
1914,91 ; 299,99 ;   7,026530 ;   40,86
1916,91 ; 299,94 ;   7,547040 ;   43,70
1918,91 ; 299,89 ;   8,421962 ;   48,63
1920,91 ; 299,92 ;   8,422053 ;   48,33
1922,91 ; 299,98 ;   7,361967 ;   42,40
1924,92 ; 299,91 ;   6,847195 ;   39,74
1926,92 ; 299,98 ;   8,599366 ;   49,95
1928,92 ; 299,88 ;   6,845517 ;   39,17
1930,92 ; 299,89 ;   9,279423 ;   53,07
1932,92 ; 299,96 ;   7,541949 ;   43,77
1934,92 ; 299,95 ;   6,828582 ;   39,34
1936,92 ; 300,01 ;   7,881731 ;   45,77
1938,92 ; 300,02 ;   6,847604 ;   39,65
1940,92 ; 300,06 ;   7,543874 ;   43,64
1942,92 ; 300,02 ;   7,030417 ;   40,48
1944,92 ; 300,04 ;   8,242733 ;   47,67
1946,93 ; 300,03 ;   7,367988 ;   42,34
1948,93 ; 300,01 ;   7,720829 ;   44,69
1950,93 ; 300,05 ;   7,904111 ;   45,97
1952,93 ; 300,12 ;   7,006112 ;   40,51
1954,93 ; 300,05 ;   6,670197 ;   38,99
1956,93 ; 300,04 ;   8,417882 ;   48,57
1958,93 ; 300,02 ;   7,887551 ;   45,19
1960,93 ; 300,08 ;   7,884528 ;   45,90
1962,93 ; 300,03 ;   6,848585 ;   39,19
1964,93 ; 299,98 ;   8,239114 ;   47,53
1966,93 ; 299,97 ;   8,244344 ;   47,80
1968,94 ; 299,96 ;   7,885573 ;   45,58
1970,94 ; 299,90 ;   7,881185 ;   45,05
1972,94 ; 299,97 ;   8,602552 ;   49,45
1974,94 ; 299,95 ;   6,848503 ;   39,26
1976,94 ; 299,99 ;   8,082398 ;   46,32
1978,94 ; 299,92 ;   7,029723 ;   40,86
1980,94 ; 299,94 ;   8,597373 ;   49,92
1982,94 ; 299,97 ;   7,549127 ;   43,49
1984,94 ; 299,95 ;   7,364984 ;   42,17
1986,94 ; 300,01 ;   8,080625 ;   46,34
1988,94 ; 300,01 ;   6,852045 ;   39,64
1990,95 ; 299,95 ;   7,727117 ;   44,26
1992,95 ; 299,94 ;   8,597340 ;   49,23
1994,95 ; 299,96 ;   7,904434 ;   45,24
1996,95 ; 299,97 ;   7,383449 ;   42,81
1998,95 ; 299,97 ;   7,545169 ;   43,92
2000,95 ; 299,98 ;   7,719274 ;   44,50
2002,95 ; 299,98 ;   7,560722 ;   43,26
2004,95 ; 299,95 ;   7,725893 ;   44,42
2006,95 ; 299,98 ;   8,241521 ;   47,53
2008,95 ; 299,98 ;   7,189134 ;   41,54
2010,95 ; 300,01 ;   7,723738 ;   44,43
2012,96 ; 300,03 ;   7,370314 ;   42,56
2014,96 ; 300,03 ;   7,370867 ;   42,43
2016,96 ; 300,10 ;   7,722506 ;   44,15
2018,96 ; 299,96 ;   6,671370 ;   38,55
2020,96 ; 300,01 ;   9,478333 ;   54,92
2022,96 ; 299,95 ;   7,029393 ;   40,82
2024,96 ; 300,02 ;   8,600388 ;   49,25
2026,96 ; 299,98 ;   6,849109 ;   39,05
2028,96 ; 299,94 ;   8,064188 ;   46,72
2030,96 ; 299,95 ;   8,422856 ;   48,15
2032,96 ; 300,01 ;   7,728152 ;   44,07
2034,97 ; 300,06 ;   6,851517 ;   39,68
2036,97 ; 299,98 ;   6,847744 ;   39,94
2038,97 ; 300,02 ;   8,778626 ;   50,19
2040,97 ; 299,98 ;   7,207302 ;   41,94
2042,97 ; 300,01 ;   8,064563 ;   46,73
2044,97 ; 300,05 ;   7,365213 ;   42,56
2046,97 ; 299,97 ;   7,031715 ;   40,56
2048,97 ; 299,97 ;   8,761702 ;   50,85
2050,97 ; 300,01 ;   7,721650 ;   44,51
2052,97 ; 300,01 ;   7,192380 ;   41,41
2054,98 ; 299,97 ;   7,726841 ;   44,29
2056,98 ; 299,98 ;   8,245146 ;   47,40
2058,98 ; 299,94 ;   7,549154 ;   43,27
2060,98 ; 300,01 ;   8,425983 ;   48,16
2062,98 ; 299,98 ;   6,851102 ;   39,11
2064,98 ; 300,01 ;   8,085623 ;   46,16
2066,98 ; 299,98 ;   7,389806 ;   42,57
2068,98 ; 300,01 ;   8,072236 ;   46,16
2070,98 ; 299,99 ;   7,373667 ;   42,57
2072,98 ; 299,96 ;   7,889274 ;   45,54
2074,98 ; 300,10 ;   8,071976 ;   46,88
2076,99 ; 300,01 ;   5,795210 ;   33,38
2078,99 ; 300,01 ;   8,944183 ;   51,21
2080,99 ; 300,02 ;   7,726581 ;   44,29
2082,99 ; 300,04 ;   7,552334 ;   43,67
2084,99 ; 300,02 ;   7,366963 ;   42,38
2086,99 ; 300,02 ;   7,908886 ;   45,97
2088,99 ; 300,03 ;   7,726470 ;   44,24
2090,99 ; 299,90 ;   7,388379 ;   42,99
2092,99 ; 300,02 ;   9,481739 ;   54,71
2094,99 ; 300,01 ;   6,155863 ;   35,59
2096,99 ; 300,02 ;   7,730672 ;   44,87
2099,00 ; 300,06 ;   7,549749 ;   43,67
2101,00 ; 299,94 ;   7,026907 ;   40,51
2103,00 ; 299,99 ;   9,301390 ;   53,91
2105,00 ; 300,03 ;   7,029157 ;   40,34
2107,00 ; 300,05 ;   7,191364 ;   41,27
2109,00 ; 300,04 ;   7,390724 ;   42,28
2111,00 ; 300,01 ;   7,886759 ;   45,25
2113,00 ; 300,03 ;   8,070797 ;   46,58
2115,00 ; 299,97 ;   7,367013 ;   42,41
2117,00 ; 299,92 ;   8,606089 ;   49,11
2119,00 ; 299,96 ;   8,409469 ;   48,23
2121,01 ; 300,01 ;   7,191357 ;   41,67
2123,01 ; 299,97 ;   7,013098 ;   40,83
2125,01 ; 299,99 ;   8,266635 ;   47,39
2127,01 ; 300,01 ;   7,367607 ;   42,65
2129,01 ; 300,01 ;   7,547510 ;   43,14
2131,01 ; 300,01 ;   7,728768 ;   44,29
2133,01 ; 299,97 ;   7,730372 ;   44,29
2135,01 ; 299,98 ;   8,246090 ;   47,40
2137,01 ; 300,02 ;   7,549006 ;   43,27
2139,01 ; 300,02 ;   7,192397 ;   41,94
2141,02 ; 299,99 ;   7,730234 ;   44,24
2143,02 ; 300,02 ;   8,069980 ;   46,11
2145,02 ; 299,97 ;   7,368630 ;   42,51
2147,02 ; 300,03 ;   8,245364 ;   47,97
2149,02 ; 300,02 ;   6,850422 ;   39,54
2151,02 ; 299,97 ;   7,903918 ;   45,40
2153,02 ; 300,01 ;   8,263961 ;   47,97
2155,02 ; 299,97 ;   7,212609 ;   41,41
2157,02 ; 299,96 ;   8,248286 ;   47,40
2159,02 ; 300,02 ;   7,908692 ;   45,14
2161,02 ; 299,98 ;   7,029173 ;   40,21
2163,03 ; 300,04 ;   8,065965 ;   46,74
2165,03 ; 300,04 ;   7,030026 ;   40,08
2167,03 ; 300,04 ;   7,725153 ;   44,11
2169,03 ; 300,01 ;   7,730321 ;   44,11
2171,03 ; 299,99 ;   8,068073 ;   46,59
2173,03 ; 300,04 ;   7,906158 ;   45,53
2175,03 ; 299,98 ;   7,009866 ;   40,64
2177,03 ; 300,03 ;   8,443673 ;   48,45
2179,03 ; 299,97 ;   7,031037 ;   40,69
2181,03 ; 299,99 ;   8,604537 ;   49,12
2183,03 ; 300,01 ;   7,367337 ;   42,64
2185,04 ; 299,97 ;   7,566044 ;   43,13
2187,04 ; 299,99 ;   8,264208 ;   47,39
2189,04 ; 300,01 ;   7,370122 ;   42,64
2191,04 ; 300,04 ;   7,551515 ;   43,13
2193,04 ; 300,01 ;   7,212666 ;   41,80
2195,04 ; 299,96 ;   8,070890 ;   46,59
2197,04 ; 300,01 ;   8,427326 ;   48,01
2199,04 ; 300,01 ;   7,034322 ;   40,82
2201,04 ; 300,01 ;   7,728805 ;   44,28
2203,04 ; 300,02 ;   7,710285 ;   44,28
2205,05 ; 300,06 ;   7,547599 ;   43,66
2207,05 ; 300,02 ;   7,032276 ;   40,50
2209,05 ; 299,99 ;   8,248280 ;   47,69
2211,05 ; 299,92 ;   8,069992 ;   46,09
2213,05 ; 299,92 ;   8,604394 ;   49,96
2215,05 ; 300,01 ;   7,733985 ;   44,78
2217,05 ; 300,05 ;   6,495197 ;   37,95
2219,05 ; 299,99 ;   7,013492 ;   40,56
2221,05 ; 300,03 ;   8,429014 ;   48,98
2223,05 ; 299,99 ;   7,191518 ;   41,26
2225,05 ; 300,03 ;   8,265752 ;   47,25
2227,06 ; 300,03 ;   7,214133 ;   41,26
2229,06 ; 300,01 ;   7,725221 ;   44,14
2231,06 ; 300,02 ;   8,091910 ;   46,00
2233,06 ; 299,97 ;   7,552240 ;   43,65
2235,06 ; 299,96 ;   8,252887 ;   47,96
2237,06 ; 299,97 ;   7,906505 ;   45,12
2239,06 ; 300,01 ;   7,569002 ;   43,93
2241,06 ; 300,06 ;   7,215822 ;   41,40
2243,06 ; 300,01 ;   6,853484 ;   39,93
2245,06 ; 300,03 ;   8,427909 ;   48,31
2247,06 ; 300,03 ;   7,374893 ;   42,41
2249,07 ; 300,02 ;   7,729159 ;   44,13
2251,07 ; 300,02 ;   7,888438 ;   45,37
2253,07 ; 300,05 ;   7,734691 ;   44,22
2255,07 ; 299,98 ;   7,191908 ;   41,11
2257,07 ; 299,92 ;   8,608506 ;   49,58
2259,07 ; 299,97 ;   8,588252 ;   49,37
2261,07 ; 299,91 ;   7,209363 ;   41,03
2263,07 ; 299,97 ;   8,429780 ;   48,85
2265,07 ; 299,92 ;   7,033294 ;   40,47
2267,07 ; 300,01 ;   8,424633 ;   48,24
2269,07 ; 299,95 ;   6,499516 ;   37,95
2271,08 ; 300,04 ;   8,606615 ;   49,27
2273,08 ; 299,95 ;   6,498233 ;   37,20
2275,08 ; 300,06 ;   8,967823 ;   51,57
2277,08 ; 299,99 ;   6,154484 ;   35,33
2279,08 ; 299,97 ;   8,609126 ;   49,57
2281,08 ; 300,02 ;   8,073515 ;   46,25
2283,08 ; 300,02 ;   7,014320 ;   40,79
2285,08 ; 300,03 ;   7,730744 ;   44,25
2287,08 ; 300,06 ;   7,551307 ;   43,00
2289,08 ; 300,02 ;   7,211147 ;   41,66
2291,08 ; 300,02 ;   8,245185 ;   47,70
2293,09 ; 299,92 ;   7,728405 ;   44,24
2295,09 ; 299,97 ;   8,948476 ;   51,70
2297,09 ; 300,02 ;   7,215909 ;   41,06
2299,09 ; 299,94 ;   7,031378 ;   40,78
2301,09 ; 300,03 ;   8,766985 ;   50,46
2303,09 ; 300,06 ;   6,494139 ;   37,24
2305,09 ; 299,98 ;   7,192513 ;   41,67
2307,09 ; 300,04 ;   8,787043 ;   50,19
2309,09 ; 300,09 ;   7,035119 ;   40,07
2311,09 ; 300,02 ;   7,036485 ;   40,37
2313,10 ; 299,92 ;   8,607649 ;   49,42
2315,10 ; 299,94 ;   8,966916 ;   51,69
2317,10 ; 299,98 ;   7,552447 ;   43,53
2319,10 ; 300,03 ;   7,031352 ;   40,96
2321,10 ; 300,06 ;   7,011428 ;   40,69
2323,10 ; 299,95 ;   7,197690 ;   41,66
2325,10 ; 300,01 ;   9,301753 ;   53,29
2327,10 ; 299,99 ;   6,853915 ;   39,67
2329,10 ; 299,98 ;   7,911508 ;   45,53
2331,10 ; 300,04 ;   7,730673 ;   45,00
2333,10 ; 300,03 ;   7,011967 ;   40,07
2335,11 ; 299,98 ;   7,728101 ;   44,72
2337,11 ; 300,05 ;   8,266369 ;   47,87
2339,11 ; 299,99 ;   6,675434 ;   38,82
2341,11 ; 299,92 ;   8,428605 ;   48,98
2343,11 ; 299,98 ;   8,603428 ;   49,96
2345,11 ; 299,97 ;   6,853539 ;   39,81
2347,11 ; 300,03 ;   7,910328 ;   45,67
2349,11 ; 300,01 ;   6,854051 ;   39,54
2351,11 ; 299,92 ;   8,072588 ;   46,02
2353,11 ; 299,95 ;   8,945078 ;   51,12
2355,11 ; 300,01 ;   7,390072 ;   42,93
2357,12 ; 299,88 ;   6,853527 ;   39,69
2359,12 ; 299,94 ;   9,466227 ;   54,87
2361,12 ; 299,98 ;   7,032563 ;   40,11
2363,12 ; 299,94 ;   7,031426 ;   40,99
2365,12 ; 299,97 ;   8,425450 ;   48,19
2367,12 ; 299,97 ;   7,374428 ;   42,25
2369,12 ; 299,99 ;   7,730154 ;   44,56
2371,12 ; 300,01 ;   7,374063 ;   42,69
2373,12 ; 300,01 ;   7,553563 ;   43,18
2375,12 ; 299,98 ;   7,731892 ;   44,33
2377,12 ; 300,02 ;   8,070118 ;   46,20
2379,13 ; 299,98 ;   7,190282 ;   41,98
2381,13 ; 300,03 ;   8,088333 ;   46,77
2383,13 ; 299,98 ;   7,032802 ;   40,74
2385,13 ; 299,96 ;   8,249767 ;   47,93
2387,13 ; 300,01 ;   8,070521 ;   46,34
2389,13 ; 300,01 ;   7,029259 ;   40,88
2391,13 ; 299,91 ;   7,725218 ;   44,34
2393,13 ; 300,01 ;   8,966553 ;   51,80
2395,13 ; 299,94 ;   6,492379 ;   37,42
2397,13 ; 299,89 ;   8,589773 ;   49,94
2399,13 ; 299,96 ;   8,426179 ;   48,49
2401,14 ; 299,99 ;   6,852333 ;   39,45
2403,14 ; 299,96 ;   7,371363 ;   42,15
2405,14 ; 300,03 ;   8,068508 ;   46,95
2407,14 ; 300,02 ;   6,849515 ;   39,05
2409,14 ; 299,99 ;   7,910995 ;   45,48
2411,14 ; 300,03 ;   8,087520 ;   46,19
2413,14 ; 300,04 ;   7,192631 ;   41,35
2415,14 ; 299,99 ;   7,551518 ;   43,61
2417,14 ; 300,02 ;   8,248272 ;   47,91
2419,14 ; 299,98 ;   7,391057 ;   42,59
2421,14 ; 299,98 ;   8,090011 ;   46,80
2423,15 ; 299,99 ;   7,712427 ;   44,50
2425,15 ; 300,01 ;   7,550209 ;   43,88
2427,15 ; 299,96 ;   7,551218 ;   43,21
2429,15 ; 300,01 ;   8,430069 ;   48,09
2431,15 ; 300,01 ;   7,030578 ;   40,91
2433,15 ; 299,92 ;   7,728825 ;   44,37
2435,15 ; 299,97 ;   8,965958 ;   51,21
2437,15 ; 299,94 ;   7,192764 ;   41,14
2439,15 ; 299,99 ;   8,248964 ;   47,09
2441,15 ; 300,02 ;   7,037040 ;   40,44
2443,16 ; 299,98 ;   7,370771 ;   42,61
2445,16 ; 300,03 ;   8,089373 ;   46,82
2447,16 ; 300,02 ;   7,032185 ;   40,79
2449,16 ; 300,04 ;   7,912205 ;   45,49
2451,16 ; 300,01 ;   7,393060 ;   42,47
2453,16 ; 300,01 ;   8,069026 ;   46,68
2455,16 ; 299,98 ;   7,728228 ;   44,38
2457,16 ; 300,03 ;   8,089560 ;   46,24
2459,16 ; 299,99 ;   7,033397 ;   40,78
2461,16 ; 299,97 ;   8,251662 ;   47,35
2463,16 ; 299,97 ;   8,084364 ;   46,33
2465,16 ; 299,96 ;   7,733027 ;   44,60
2467,17 ; 299,99 ;   7,906990 ;   45,23
2469,17 ; 299,97 ;   7,389145 ;   42,17
2471,17 ; 300,03 ;   8,067915 ;   46,34
2473,17 ; 299,98 ;   6,851125 ;   39,64
2475,17 ; 299,99 ;   8,252529 ;   47,98
2477,17 ; 300,08 ;   7,551230 ;   43,90
2479,17 ; 300,03 ;   6,495702 ;   37,64
2481,17 ; 299,98 ;   8,249487 ;   47,70
2483,17 ; 300,02 ;   8,266123 ;   47,97
2485,17 ; 299,99 ;   7,388622 ;   42,03
2487,18 ; 300,02 ;   8,089257 ;   46,20
2489,18 ; 300,03 ;   7,374523 ;   42,60
2491,18 ; 300,03 ;   7,553010 ;   43,09
2493,18 ; 300,01 ;   7,726566 ;   44,24
2495,18 ; 300,02 ;   8,070730 ;   46,10
2497,18 ; 300,01 ;   7,550284 ;   43,75
2499,18 ; 300,01 ;   7,729776 ;   44,94
2501,18 ; 299,94 ;   7,727195 ;   44,37
2503,18 ; 300,01 ;   8,607204 ;   49,96
2505,18 ; 299,99 ;   6,852319 ;   39,18
2507,18 ; 300,03 ;   7,906044 ;   45,61
2509,19 ; 299,99 ;   7,212317 ;   41,35
2511,19 ; 300,04 ;   8,249359 ;   47,34
2513,19 ; 300,03 ;   7,034508 ;   40,73
2515,19 ; 299,98 ;   7,729266 ;   44,81
2517,19 ; 300,04 ;   8,248585 ;   47,96
2519,19 ; 300,01 ;   7,031882 ;   40,15
2521,19 ; 300,01 ;   8,088734 ;   46,67
2523,19 ; 299,96 ;   7,711891 ;   44,36
2525,19 ; 299,96 ;   8,427835 ;   48,09
2527,19 ; 299,96 ;   7,728566 ;   44,63
2529,19 ; 299,98 ;   7,727246 ;   44,64
2531,20 ; 299,98 ;   7,389388 ;   42,78
2533,20 ; 300,01 ;   7,729158 ;   44,51
2535,20 ; 299,95 ;   7,372467 ;   42,64
2537,20 ; 300,05 ;   8,608502 ;   49,35
2539,20 ; 299,96 ;   6,336351 ;   36,03
2541,20 ; 299,98 ;   8,965320 ;   51,57
2543,20 ; 299,99 ;   7,371541 ;   42,78
2545,20 ; 299,98 ;   7,549371 ;   43,89
2547,20 ; 299,98 ;   7,904377 ;   45,09
2549,20 ; 299,98 ;   7,732972 ;   44,52
2551,20 ; 300,04 ;   7,728444 ;   44,52
2553,21 ; 300,03 ;   7,013246 ;   40,17
2555,21 ; 299,99 ;   7,730262 ;   44,82
2557,21 ; 299,97 ;   8,246472 ;   47,35
2559,21 ; 299,97 ;   8,066858 ;   46,33
2561,21 ; 299,99 ;   7,727036 ;   44,61
2563,21 ; 299,99 ;   7,388894 ;   42,74
2565,21 ; 299,94 ;   7,708773 ;   44,48
2567,21 ; 300,01 ;   8,426118 ;   48,83
2569,21 ; 300,05 ;   6,851568 ;   39,20
2571,21 ; 300,03 ;   7,027049 ;   40,66
2573,21 ; 299,92 ;   7,885089 ;   45,98
2575,22 ; 300,06 ;   9,125145 ;   52,95
2577,22 ; 299,89 ;   5,796495 ;   33,70
2579,22 ; 300,01 ;   10,017232 ;   57,75
2581,22 ; 299,94 ;   6,153248 ;   35,75
2583,22 ; 299,99 ;   8,585715 ;   49,99
2585,22 ; 299,98 ;   7,031200 ;   40,46
2587,22 ; 300,05 ;   7,886360 ;   45,11
2589,22 ; 300,01 ;   6,674744 ;   38,94
2591,22 ; 299,96 ;   8,262846 ;   47,86
2593,22 ; 299,89 ;   8,425857 ;   48,13
2595,22 ; 299,99 ;   8,764453 ;   50,27
2597,23 ; 299,98 ;   6,495328 ;   37,01
2599,23 ; 299,99 ;   7,908966 ;   45,13
2601,23 ; 300,05 ;   7,550483 ;   43,93
2603,23 ; 299,90 ;   6,850876 ;   39,53
2605,23 ; 299,99 ;   9,819525 ;   56,58
2607,23 ; 299,98 ;   6,492339 ;   37,59
2609,23 ; 299,96 ;   7,908796 ;   45,14
2611,23 ; 299,99 ;   8,066593 ;   46,43
2613,23 ; 299,99 ;   7,365799 ;   42,21
2615,23 ; 300,04 ;   7,729048 ;   44,52
2617,23 ; 299,98 ;   7,027779 ;   40,79
2619,24 ; 299,98 ;   8,425592 ;   48,60
2621,24 ; 299,94 ;   7,726484 ;   44,56
2623,24 ; 299,99 ;   8,427810 ;   48,30
2625,24 ; 299,97 ;   7,011819 ;   40,49
2627,24 ; 299,94 ;   8,085237 ;   46,39
2629,24 ; 300,02 ;   8,247665 ;   47,15
2631,24 ; 300,01 ;   6,669633 ;   38,63
2633,24 ; 300,05 ;   7,909758 ;   45,02
2635,24 ; 299,98 ;   7,010027 ;   40,71
2637,24 ; 299,99 ;   8,604051 ;   49,77
2639,25 ; 299,96 ;   7,546842 ;   43,95
2641,25 ; 300,04 ;   8,246217 ;   47,02
2643,25 ; 300,05 ;   6,689564 ;   38,50
2645,25 ; 299,96 ;   7,545973 ;   43,02
2647,25 ; 300,06 ;   8,942016 ;   51,63
2649,25 ; 299,99 ;   6,333721 ;   36,63
2651,25 ; 299,98 ;   8,605094 ;   49,71
2653,25 ; 299,95 ;   7,891688 ;   45,15
2655,25 ; 300,04 ;   8,243442 ;   47,68
2657,25 ; 300,01 ;   6,490353 ;   37,34
2659,25 ; 299,97 ;   8,087827 ;   46,74
2661,26 ; 300,01 ;   8,263405 ;   47,55
2663,26 ; 300,01 ;   7,211108 ;   41,56
2665,26 ; 300,04 ;   7,725369 ;   44,44
2667,26 ; 300,01 ;   7,211153 ;   41,95
2669,26 ; 299,98 ;   8,068530 ;   46,74
2671,26 ; 300,09 ;   8,065659 ;   46,30
2673,26 ; 300,04 ;   6,312990 ;   36,49
2675,26 ; 300,04 ;   8,245409 ;   47,71
2677,26 ; 299,98 ;   7,724360 ;   44,24
2679,26 ; 300,08 ;   8,426389 ;   48,59
2681,26 ; 299,97 ;   6,491705 ;   37,09
2683,27 ; 299,96 ;   9,124442 ;   52,70
2685,27 ; 300,04 ;   7,883360 ;   45,26
2687,27 ; 300,01 ;   6,670783 ;   38,47
2689,27 ; 300,06 ;   8,087332 ;   46,72
2691,27 ; 299,99 ;   7,009779 ;   40,06
2693,27 ; 300,01 ;   8,605441 ;   49,69
2695,27 ; 299,96 ;   7,565576 ;   43,25
2697,27 ; 299,99 ;   8,423915 ;   48,14
2699,27 ; 300,03 ;   7,366090 ;   42,19
2701,27 ; 299,99 ;   7,207327 ;   41,39
2703,27 ; 300,04 ;   8,242737 ;   47,38
2705,28 ; 299,99 ;   7,011439 ;   40,77
2707,28 ; 300,01 ;   8,263364 ;   47,95
2709,28 ; 299,99 ;   7,546459 ;   43,25
2711,28 ; 300,09 ;   7,907905 ;   45,65
2713,28 ; 299,96 ;   6,497019 ;   37,03
2715,28 ; 299,97 ;   9,302260 ;   53,90
2717,28 ; 300,01 ;   7,725094 ;   44,05
2719,28 ; 299,99 ;   7,193501 ;   41,52
2721,28 ; 300,01 ;   7,901680 ;   45,65
2723,28 ; 300,05 ;   7,547088 ;   43,25
2725,29 ; 300,13 ;   7,029625 ;   40,67
2727,29 ; 299,99 ;   6,672347 ;   38,53
2729,29 ; 300,02 ;   9,458798 ;   54,28
2731,29 ; 299,98 ;   7,387328 ;   42,61
2733,29 ; 300,08 ;   8,063305 ;   46,82
2735,29 ; 300,06 ;   6,489932 ;   37,05
2737,29 ; 300,03 ;   7,886051 ;   45,21
2739,29 ; 299,95 ;   8,066314 ;   46,54
2741,29 ; 299,91 ;   8,940982 ;   51,07
2743,29 ; 299,98 ;   8,246371 ;   47,22
2745,29 ; 299,95 ;   6,851953 ;   39,33
2747,30 ; 299,96 ;   8,247391 ;   47,63
2749,30 ; 299,96 ;   7,545930 ;   43,51
2751,30 ; 299,95 ;   7,724525 ;   44,66
2753,30 ; 299,97 ;   7,883756 ;   45,91
2755,30 ; 299,99 ;   7,368126 ;   42,90
2757,30 ; 299,94 ;   7,385997 ;   42,77
2759,30 ; 300,04 ;   8,423248 ;   48,85
2761,30 ; 299,97 ;   6,333064 ;   36,74
2763,30 ; 300,08 ;   8,600046 ;   49,82
2765,30 ; 300,01 ;   6,153338 ;   35,93
2767,30 ; 300,03 ;   8,583358 ;   49,59
2769,31 ; 300,01 ;   7,369721 ;   42,54
2771,31 ; 300,06 ;   8,067776 ;   46,13
2773,31 ; 299,98 ;   7,027745 ;   40,04
2775,31 ; 300,01 ;   8,763670 ;   50,29
2777,31 ; 300,04 ;   7,388736 ;   42,66
2779,31 ; 300,01 ;   7,210880 ;   41,91
2781,31 ; 300,03 ;   8,067638 ;   46,70
2783,31 ; 299,99 ;   7,369374 ;   42,52
2785,31 ; 299,99 ;   8,245030 ;   47,36
2787,31 ; 299,98 ;   7,722853 ;   44,48
2789,31 ; 300,03 ;   7,908722 ;   45,10
2791,32 ; 300,04 ;   7,008903 ;   40,79
2793,32 ; 300,01 ;   7,545962 ;   43,63
2795,32 ; 300,09 ;   8,066466 ;   46,69
2797,32 ; 300,01 ;   6,669739 ;   38,16
2799,32 ; 299,99 ;   8,777827 ;   50,14
2801,32 ; 299,97 ;   7,901200 ;   45,61
2803,32 ; 300,01 ;   8,084639 ;   46,33
2805,32 ; 299,96 ;   7,208080 ;   41,49
2807,32 ; 299,95 ;   8,420267 ;   48,10
2809,32 ; 299,92 ;   7,905298 ;   45,89
2811,33 ; 299,84 ;   8,083795 ;   46,61
2813,33 ; 299,98 ;   8,940755 ;   51,11
2815,33 ; 299,97 ;   5,975669 ;   34,17
2817,33 ; 299,99 ;   7,883180 ;   45,79
2819,33 ; 300,01 ;   7,368978 ;   42,77
2821,33 ; 299,99 ;   7,550863 ;   43,26
2823,33 ; 299,99 ;   7,901392 ;   45,66
2825,33 ; 299,98 ;   7,724738 ;   44,50
2827,33 ; 300,04 ;   7,907103 ;   45,13
2829,33 ; 299,98 ;   7,013410 ;   40,20
2831,33 ; 300,03 ;   8,424815 ;   48,59
2833,34 ; 300,04 ;   7,009259 ;   40,82
2835,34 ; 300,01 ;   7,545943 ;   43,65
2837,34 ; 300,05 ;   8,066108 ;   46,71
2839,34 ; 300,08 ;   7,009403 ;   40,68
2841,34 ; 299,92 ;   7,369533 ;   42,26
2843,34 ; 299,99 ;   9,814960 ;   56,42
2845,34 ; 300,02 ;   6,852999 ;   39,30
2847,34 ; 300,04 ;   7,385829 ;   42,63
2849,34 ; 299,98 ;   7,370757 ;   42,49
2851,34 ; 299,95 ;   8,422197 ;   48,57
2853,34 ; 299,94 ;   8,264163 ;   47,64
2855,35 ; 300,01 ;   7,903345 ;   45,39
2857,35 ; 299,95 ;   6,865475 ;   39,22
2859,35 ; 300,05 ;   8,599762 ;   49,38
2861,35 ; 299,98 ;   6,326554 ;   36,07
2863,35 ; 299,90 ;   8,604123 ;   49,73
2865,35 ; 300,01 ;   8,962059 ;   51,39
2867,35 ; 299,99 ;   6,327878 ;   36,35
2869,35 ; 300,03 ;   7,905596 ;   45,66
2871,35 ; 300,02 ;   7,206398 ;   41,40
2873,35 ; 299,99 ;   7,908916 ;   45,53
2875,36 ; 299,92 ;   8,086571 ;   46,24
2877,36 ; 300,03 ;   8,781800 ;   50,10
2879,36 ; 300,03 ;   6,332264 ;   36,22
2881,36 ; 300,05 ;   7,724142 ;   44,29
2883,36 ; 300,10 ;   7,370326 ;   42,42
2885,36 ; 300,02 ;   7,032609 ;   40,41
2887,36 ; 300,02 ;   8,776478 ;   50,70
2889,36 ; 300,08 ;   7,729214 ;   44,35
2891,36 ; 300,03 ;   6,847651 ;   39,38
2893,36 ; 299,97 ;   8,244084 ;   47,71
2895,37 ; 300,02 ;   8,599146 ;   49,23
2897,37 ; 299,97 ;   7,033101 ;   40,89
2899,37 ; 300,05 ;   8,422414 ;   48,07
2901,37 ; 300,06 ;   6,512747 ;   37,78
2903,37 ; 300,02 ;   7,543998 ;   43,49
2905,37 ; 299,99 ;   8,247913 ;   47,79
2907,37 ; 300,10 ;   8,065296 ;   46,20
2909,37 ; 300,10 ;   6,149288 ;   35,76
2911,37 ; 300,02 ;   7,550949 ;   43,82
2913,37 ; 300,03 ;   8,777352 ;   50,65
2915,37 ; 300,12 ;   7,549545 ;   43,07
2917,38 ; 299,99 ;   6,492862 ;   37,37
2919,38 ; 299,99 ;   9,300403 ;   53,65
2921,38 ; 300,02 ;   7,729249 ;   44,43
2923,38 ; 300,02 ;   7,366810 ;   42,56
2925,38 ; 299,97 ;   7,730222 ;   44,29
2927,38 ; 299,98 ;   8,421326 ;   48,02
2929,38 ; 300,04 ;   7,548007 ;   43,32
2931,38 ; 300,03 ;   7,030459 ;   40,12
2933,38 ; 299,96 ;   7,729302 ;   44,78
2935,38 ; 300,04 ;   8,600840 ;   49,80
2937,38 ; 299,98 ;   6,688874 ;   38,39
2939,39 ; 300,04 ;   8,423014 ;   48,51
2941,39 ; 299,99 ;   7,028631 ;   40,12
2943,39 ; 299,94 ;   8,260825 ;   47,88
2945,39 ; 300,01 ;   8,424961 ;   48,77
2947,39 ; 299,92 ;   6,850315 ;   39,15
2949,39 ; 300,01 ;   8,941679 ;   51,18
2951,39 ; 299,99 ;   6,689013 ;   38,00
2953,39 ; 300,06 ;   7,884502 ;   45,59
2955,39 ; 300,03 ;   6,672688 ;   38,84
2957,39 ; 299,99 ;   8,085525 ;   46,51
2959,40 ; 300,04 ;   8,244833 ;   47,31
2961,40 ; 300,02 ;   7,032171 ;   40,70
2963,40 ; 300,06 ;   8,065559 ;   46,02
2965,40 ; 300,01 ;   7,028411 ;   40,55
2967,40 ; 299,98 ;   8,419093 ;   48,36
