Tempo total (s) ;Temperatura (ºC) ; Potencia atual (W) ; Saida
P:   5.68 I: 104.06 D:  26.00 Tensão:6.65 V Temperatura ambiente:     21.48ºC
2,00 ; 299,97 ;   7,884336 ;   45,40
4,00 ; 299,96 ;   7,728305 ;   44,78
6,00 ; 299,96 ;   7,901431 ;   45,99
8,00 ; 299,96 ;   7,904622 ;   45,41
10,00 ; 299,98 ;   7,902172 ;   45,42
12,01 ; 300,12 ;   7,549044 ;   43,56
14,01 ; 299,99 ;   5,972246 ;   34,72
16,01 ; 299,97 ;   9,459263 ;   54,45
18,01 ; 300,01 ;   8,260775 ;   47,10
20,01 ; 300,04 ;   7,386021 ;   42,26
22,01 ; 300,05 ;   7,364355 ;   42,66
24,01 ; 300,02 ;   7,563035 ;   43,71
26,01 ; 299,99 ;   8,245420 ;   47,97
28,01 ; 299,90 ;   8,067838 ;   46,95
30,02 ; 300,01 ;   9,117972 ;   52,69
32,02 ; 300,05 ;   6,512036 ;   37,07
34,02 ; 300,01 ;   7,202410 ;   41,41
36,02 ; 299,99 ;   8,417998 ;   48,59
38,02 ; 300,08 ;   8,081374 ;   46,38
40,02 ; 299,95 ;   6,664596 ;   38,39
42,02 ; 299,96 ;   9,656650 ;   55,29
44,02 ; 300,01 ;   7,721223 ;   44,25
46,02 ; 300,01 ;   7,202105 ;   41,68
48,02 ; 300,01 ;   7,878573 ;   45,14
50,03 ; 300,04 ;   7,905828 ;   45,14
52,03 ; 300,05 ;   7,367442 ;   42,65
54,03 ; 300,05 ;   7,541373 ;   43,71
56,03 ; 299,98 ;   7,724382 ;   44,85
58,03 ; 300,02 ;   8,775686 ;   50,44
60,03 ; 299,98 ;   7,383349 ;   42,77
62,03 ; 300,03 ;   8,239899 ;   47,56
64,03 ; 300,01 ;   7,182021 ;   41,52
66,03 ; 300,01 ;   8,061685 ;   46,85
68,03 ; 299,98 ;   7,897863 ;   45,12
70,04 ; 299,97 ;   8,081837 ;   46,98
72,04 ; 300,08 ;   8,057617 ;   46,50
74,04 ; 299,99 ;   6,328909 ;   36,64
76,04 ; 299,96 ;   8,939537 ;   51,54
78,04 ; 300,02 ;   8,240470 ;   47,69
80,04 ; 299,98 ;   7,205598 ;   41,04
82,04 ; 300,02 ;   8,241821 ;   47,56
84,04 ; 300,04 ;   7,363941 ;   42,77
86,04 ; 300,05 ;   7,544186 ;   43,21
88,04 ; 300,01 ;   7,561406 ;   43,69
90,05 ; 300,02 ;   8,419038 ;   48,57
92,05 ; 300,04 ;   7,726785 ;   44,48
94,05 ; 300,01 ;   7,541475 ;   43,19
96,05 ; 300,02 ;   8,257889 ;   47,40
98,05 ; 300,01 ;   7,726415 ;   44,48
100,05 ; 299,97 ;   7,899964 ;   45,67
102,05 ; 300,09 ;   8,416787 ;   48,20
104,05 ; 300,01 ;   6,150818 ;   36,00
106,05 ; 300,02 ;   8,775893 ;   50,85
108,05 ; 300,06 ;   7,724508 ;   44,47
110,06 ; 300,03 ;   7,185239 ;   41,31
112,06 ; 300,03 ;   8,241838 ;   47,25
114,06 ; 300,02 ;   7,721106 ;   44,94
116,06 ; 299,99 ;   8,083233 ;   46,18
118,06 ; 299,98 ;   8,065442 ;   46,89
120,06 ; 300,02 ;   7,880790 ;   45,78
122,06 ; 299,95 ;   7,384717 ;   42,72
124,06 ; 299,97 ;   8,776148 ;   50,62
126,06 ; 299,98 ;   7,541149 ;   43,57
128,06 ; 299,98 ;   7,727918 ;   44,06
130,07 ; 299,95 ;   7,900545 ;   45,22
132,07 ; 300,01 ;   8,420679 ;   48,33
134,07 ; 300,03 ;   7,029095 ;   40,48
136,07 ; 299,97 ;   7,562432 ;   43,22
138,07 ; 300,04 ;   8,577889 ;   49,92
140,07 ; 300,01 ;   6,848313 ;   39,72
142,07 ; 300,04 ;   8,262467 ;   47,39
144,07 ; 300,03 ;   7,389014 ;   42,60
146,07 ; 300,01 ;   7,898580 ;   45,52
148,08 ; 300,03 ;   8,084225 ;   46,81
150,08 ; 300,09 ;   7,544110 ;   43,21
152,08 ; 300,03 ;   7,026103 ;   40,58
154,08 ; 299,97 ;   8,419451 ;   48,96
156,08 ; 300,08 ;   8,597750 ;   49,90
158,08 ; 299,96 ;   6,330917 ;   36,58
160,08 ; 300,01 ;   9,298352 ;   53,97
162,08 ; 300,02 ;   7,188360 ;   41,60
164,08 ; 299,99 ;   7,721214 ;   44,44
166,08 ; 299,95 ;   8,081732 ;   46,88
168,09 ; 299,94 ;   8,418908 ;   48,88
170,09 ; 299,97 ;   8,083748 ;   46,05
172,09 ; 299,96 ;   7,368632 ;   42,99
174,09 ; 299,99 ;   7,899060 ;   45,92
176,09 ; 299,97 ;   7,367808 ;   42,86
178,09 ; 300,03 ;   8,241486 ;   47,03
180,09 ; 299,97 ;   7,027625 ;   40,33
182,09 ; 300,01 ;   8,600181 ;   49,92
184,09 ; 300,02 ;   7,365491 ;   42,20
186,09 ; 299,97 ;   7,728182 ;   44,46
188,10 ; 300,01 ;   8,419665 ;   48,77
190,10 ; 300,03 ;   7,364861 ;   42,20
192,10 ; 300,03 ;   7,542581 ;   43,22
194,10 ; 300,01 ;   7,723104 ;   44,94
196,10 ; 300,06 ;   8,084448 ;   46,80
198,10 ; 300,01 ;   7,005140 ;   40,72
200,10 ; 299,99 ;   8,595927 ;   49,10
202,10 ; 299,97 ;   8,080570 ;   46,31
204,10 ; 299,98 ;   8,261842 ;   47,02
206,11 ; 300,02 ;   7,722213 ;   44,05
208,11 ; 299,99 ;   7,386672 ;   42,72
210,11 ; 299,97 ;   8,059825 ;   46,89
212,11 ; 300,02 ;   8,242164 ;   47,03
214,11 ; 299,99 ;   7,208225 ;   41,57
216,11 ; 300,01 ;   8,059990 ;   46,89
218,11 ; 300,02 ;   7,545782 ;   43,92
220,11 ; 299,97 ;   7,725219 ;   44,45
222,11 ; 299,89 ;   8,424449 ;   48,76
224,11 ; 300,01 ;   8,940456 ;   51,52
226,12 ; 300,01 ;   6,315866 ;   36,44
228,12 ; 299,98 ;   7,885427 ;   45,09
230,12 ; 300,05 ;   8,062675 ;   46,95
232,12 ; 299,94 ;   6,848923 ;   39,63
234,12 ; 300,03 ;   9,457256 ;   54,14
236,12 ; 300,02 ;   6,668875 ;   38,03
238,12 ; 300,05 ;   8,083766 ;   46,19
240,12 ; 300,03 ;   7,206820 ;   41,93
242,12 ; 299,99 ;   8,083876 ;   46,67
244,12 ; 299,97 ;   8,419071 ;   48,05
246,13 ; 299,97 ;   8,243907 ;   47,03
248,13 ; 299,98 ;   7,905780 ;   45,30
250,13 ; 300,01 ;   7,722490 ;   44,06
252,13 ; 300,08 ;   7,543494 ;   43,35
254,13 ; 300,01 ;   6,848835 ;   39,49
256,13 ; 300,04 ;   8,775608 ;   50,26
258,13 ; 300,05 ;   7,367801 ;   42,59
260,13 ; 300,08 ;   7,544843 ;   43,64
262,13 ; 300,04 ;   7,367829 ;   42,93
264,13 ; 299,98 ;   8,242971 ;   47,76
266,14 ; 300,09 ;   8,599461 ;   49,22
268,14 ; 300,05 ;   6,511280 ;   37,10
270,14 ; 300,06 ;   8,242974 ;   47,08
272,14 ; 299,97 ;   7,725537 ;   44,14
274,14 ; 300,02 ;   9,124661 ;   52,17
276,14 ; 300,05 ;   7,206747 ;   41,53
278,14 ; 300,05 ;   7,208265 ;   41,88
280,14 ; 300,06 ;   7,723801 ;   44,75
282,14 ; 299,98 ;   7,721756 ;   44,13
284,14 ; 300,08 ;   8,759041 ;   50,91
286,15 ; 300,05 ;   6,489270 ;   37,69
288,15 ; 300,01 ;   8,063786 ;   46,46
290,15 ; 300,08 ;   8,421889 ;   48,46
292,15 ; 300,02 ;   6,848021 ;   39,40
294,15 ; 299,96 ;   8,597658 ;   49,56
296,15 ; 300,02 ;   8,603468 ;   49,29
298,15 ; 299,97 ;   7,007356 ;   40,91
300,15 ; 299,96 ;   8,419093 ;   48,68
302,15 ; 299,96 ;   7,906926 ;   45,84
304,16 ; 299,94 ;   7,900166 ;   45,27
306,16 ; 300,01 ;   8,260132 ;   47,14
308,16 ; 300,04 ;   6,849332 ;   39,82
310,16 ; 300,03 ;   7,365107 ;   42,52
312,16 ; 300,06 ;   7,907852 ;   45,44
314,16 ; 299,90 ;   7,367057 ;   42,38
316,16 ; 299,99 ;   9,998626 ;   57,74
318,16 ; 300,06 ;   6,667141 ;   38,18
320,16 ; 300,10 ;   6,847497 ;   39,50
322,16 ; 299,97 ;   7,203331 ;   41,57
324,17 ; 299,98 ;   9,637970 ;   55,02
326,17 ; 299,96 ;   7,546661 ;   43,97
328,17 ; 300,08 ;   8,083384 ;   46,99
330,17 ; 300,05 ;   6,134285 ;   35,94
332,17 ; 299,97 ;   8,061794 ;   46,45
334,17 ; 300,05 ;   8,942337 ;   51,55
336,17 ; 300,03 ;   6,667738 ;   38,37
338,17 ; 299,97 ;   8,082601 ;   46,57
340,17 ; 299,96 ;   8,596082 ;   49,82
342,17 ; 299,98 ;   7,904765 ;   45,83
344,18 ; 300,01 ;   7,545289 ;   43,39
346,18 ; 300,01 ;   7,546376 ;   43,26
348,18 ; 299,95 ;   7,721935 ;   44,99
350,18 ; 299,98 ;   8,583065 ;   49,96
352,18 ; 300,01 ;   7,362419 ;   42,24
354,18 ; 300,05 ;   7,546314 ;   43,26
356,18 ; 300,04 ;   7,189263 ;   41,26
358,18 ; 300,01 ;   7,904054 ;   45,96
360,18 ; 299,91 ;   8,241100 ;   47,29
362,18 ; 299,97 ;   9,116973 ;   52,44
364,19 ; 299,95 ;   7,187942 ;   41,18
366,19 ; 299,99 ;   8,259751 ;   47,09
368,19 ; 299,97 ;   7,209759 ;   41,63
370,19 ; 300,02 ;   8,061034 ;   46,96
372,19 ; 300,02 ;   7,209475 ;   41,50
374,19 ; 299,92 ;   7,724702 ;   44,96
376,19 ; 300,01 ;   9,118382 ;   52,42
378,19 ; 300,01 ;   6,670895 ;   38,67
380,19 ; 300,06 ;   7,883865 ;   45,01
382,19 ; 300,05 ;   7,027211 ;   40,66
384,20 ; 299,97 ;   7,904862 ;   45,31
386,20 ; 300,01 ;   8,939994 ;   51,57
388,20 ; 300,02 ;   7,365055 ;   42,11
390,20 ; 300,05 ;   7,726944 ;   44,37
392,20 ; 300,02 ;   7,185831 ;   41,84
394,20 ; 300,03 ;   8,244584 ;   47,83
396,20 ; 299,97 ;   7,546190 ;   43,70
398,20 ; 299,99 ;   8,596946 ;   49,82
400,20 ; 300,05 ;   7,547106 ;   43,35
402,21 ; 300,01 ;   7,028488 ;   40,10
404,21 ; 299,97 ;   8,421038 ;   48,44
406,21 ; 299,96 ;   8,424973 ;   48,09
408,21 ; 299,94 ;   7,884369 ;   45,83
410,21 ; 300,06 ;   8,242996 ;   47,12
412,21 ; 300,04 ;   6,155688 ;   35,45
414,21 ; 300,01 ;   8,066682 ;   46,54
416,21 ; 300,01 ;   8,242891 ;   47,29
418,21 ; 300,08 ;   7,723831 ;   44,98
420,21 ; 299,98 ;   6,832709 ;   39,39
422,22 ; 299,99 ;   9,117944 ;   52,03
424,22 ; 299,96 ;   7,727517 ;   44,49
426,22 ; 299,98 ;   8,242842 ;   47,56
428,22 ; 300,05 ;   7,544808 ;   43,39
430,22 ; 300,01 ;   6,846041 ;   39,52
432,22 ; 299,96 ;   8,423694 ;   48,43
434,22 ; 300,05 ;   8,419366 ;   48,71
436,22 ; 300,02 ;   6,488379 ;   37,79
438,22 ; 299,98 ;   8,242524 ;   47,81
440,22 ; 300,04 ;   8,245106 ;   47,41
442,23 ; 299,97 ;   7,007388 ;   40,76
444,23 ; 299,97 ;   8,760743 ;   50,39
446,23 ; 300,01 ;   7,883072 ;   45,20
448,23 ; 299,99 ;   7,384786 ;   42,10
450,23 ; 299,98 ;   8,062949 ;   46,22
452,23 ; 300,05 ;   7,902707 ;   45,69
454,23 ; 300,03 ;   6,850058 ;   39,52
456,23 ; 299,96 ;   8,064783 ;   46,57
458,23 ; 299,95 ;   8,775833 ;   50,43
460,23 ; 299,98 ;   8,065196 ;   46,49
462,24 ; 300,03 ;   7,385785 ;   42,23
464,24 ; 299,98 ;   7,185762 ;   41,39
466,24 ; 300,03 ;   8,439301 ;   48,57
468,24 ; 299,99 ;   7,207427 ;   41,38
470,24 ; 299,99 ;   8,243651 ;   47,95
472,24 ; 300,02 ;   7,885126 ;   45,07
474,24 ; 300,05 ;   7,546517 ;   43,20
476,24 ; 299,95 ;   7,208983 ;   41,82
478,24 ; 299,96 ;   9,296735 ;   53,41
480,24 ; 299,96 ;   7,726004 ;   44,09
482,25 ; 299,99 ;   7,900362 ;   45,25
484,25 ; 299,97 ;   7,387291 ;   42,77
486,25 ; 300,02 ;   8,059356 ;   46,94
488,25 ; 300,02 ;   7,206380 ;   41,48
490,25 ; 300,03 ;   7,724807 ;   44,94
492,25 ; 300,05 ;   7,546698 ;   43,70
494,25 ; 300,05 ;   7,364888 ;   42,98
496,25 ; 299,97 ;   7,724448 ;   44,70
498,25 ; 300,03 ;   8,942161 ;   51,54
500,25 ; 300,02 ;   7,027229 ;   40,22
502,26 ; 300,05 ;   8,079877 ;   46,08
504,26 ; 300,03 ;   7,210813 ;   41,81
506,26 ; 299,99 ;   8,062097 ;   46,56
508,26 ; 300,03 ;   8,242273 ;   47,93
510,26 ; 300,04 ;   7,207493 ;   41,94
512,26 ; 299,98 ;   7,724405 ;   44,20
514,26 ; 300,02 ;   8,583278 ;   49,12
516,26 ; 299,98 ;   7,365639 ;   42,60
518,26 ; 300,05 ;   8,258925 ;   47,39
520,27 ; 300,01 ;   6,851532 ;   39,49
522,27 ; 300,01 ;   8,419894 ;   48,41
524,27 ; 299,97 ;   7,726979 ;   44,95
526,27 ; 300,02 ;   8,420293 ;   48,06
528,27 ; 299,96 ;   7,185506 ;   41,45
530,27 ; 299,95 ;   8,601559 ;   49,26
532,27 ; 299,96 ;   8,062512 ;   46,47
534,27 ; 299,99 ;   7,726798 ;   44,08
536,27 ; 299,96 ;   7,369718 ;   42,75
538,27 ; 299,94 ;   8,243543 ;   47,54
540,28 ; 299,97 ;   8,243368 ;   47,10
542,28 ; 300,05 ;   7,362759 ;   42,89
544,28 ; 300,02 ;   6,668789 ;   38,36
546,28 ; 300,06 ;   8,241987 ;   47,81
548,28 ; 300,02 ;   7,203286 ;   41,19
550,28 ; 300,03 ;   8,420233 ;   48,38
552,28 ; 300,05 ;   7,546733 ;   43,67
554,28 ; 300,03 ;   7,386778 ;   42,96
556,28 ; 299,97 ;   8,060888 ;   46,55
558,28 ; 300,04 ;   8,601667 ;   49,79
560,29 ; 300,05 ;   6,830466 ;   39,58
562,29 ; 300,01 ;   7,541435 ;   43,52
564,29 ; 299,92 ;   8,424545 ;   48,40
566,29 ; 300,02 ;   8,940094 ;   51,78
568,29 ; 299,92 ;   6,493436 ;   37,99
570,29 ; 299,94 ;   9,137336 ;   52,36
572,29 ; 299,94 ;   7,724897 ;   44,21
574,29 ; 300,02 ;   7,884604 ;   45,37
576,29 ; 300,01 ;   6,847797 ;   39,16
578,30 ; 300,01 ;   7,881106 ;   45,54
580,30 ; 299,98 ;   7,724041 ;   44,97
582,30 ; 299,95 ;   8,084202 ;   46,83
584,30 ; 299,99 ;   8,423073 ;   48,21
586,30 ; 299,97 ;   7,207105 ;   41,61
588,30 ; 300,01 ;   8,063738 ;   46,93
590,30 ; 300,03 ;   7,363508 ;   42,10
592,30 ; 300,03 ;   7,546844 ;   43,11
594,30 ; 300,05 ;   7,721166 ;   44,84
596,30 ; 299,96 ;   7,369818 ;   42,97
598,31 ; 299,99 ;   9,116113 ;   52,16
600,31 ; 300,02 ;   7,367638 ;   42,75
602,31 ; 300,02 ;   7,544690 ;   43,19
604,31 ; 299,98 ;   7,730155 ;   44,92
606,31 ; 299,89 ;   8,243667 ;   47,41
608,31 ; 300,02 ;   9,117871 ;   52,57
610,31 ; 300,02 ;   6,152235 ;   35,71
612,31 ; 299,98 ;   7,723473 ;   44,93
614,31 ; 300,01 ;   8,261918 ;   47,42
616,31 ; 300,01 ;   7,565455 ;   43,25
618,32 ; 300,03 ;   7,722676 ;   44,98
620,32 ; 300,01 ;   7,548041 ;   43,11
622,32 ; 299,96 ;   8,064243 ;   46,70
624,32 ; 300,01 ;   8,420668 ;   48,71
626,32 ; 299,97 ;   7,185775 ;   41,52
628,32 ; 300,03 ;   8,424039 ;   48,08
630,32 ; 299,94 ;   7,024511 ;   40,23
632,32 ; 300,09 ;   9,121451 ;   52,30
634,32 ; 300,03 ;   5,794780 ;   33,57
636,32 ; 300,02 ;   8,422529 ;   48,87
638,33 ; 299,90 ;   8,084059 ;   46,08
640,33 ; 300,01 ;   9,474615 ;   54,25
642,33 ; 299,97 ;   6,328462 ;   36,91
644,33 ; 300,01 ;   8,419356 ;   48,09
646,33 ; 299,97 ;   7,365813 ;   42,10
648,33 ; 299,97 ;   8,422279 ;   48,09
650,33 ; 300,04 ;   7,903314 ;   45,21
652,33 ; 299,95 ;   6,847172 ;   39,62
654,33 ; 298,76 ;   9,119217 ;   52,26
656,34 ; 296,55 ;   21,656545 ;  125,00
658,34 ; 294,16 ;   21,696597 ;  125,00
660,34 ; 292,02 ;   21,692799 ;  125,00
662,34 ; 289,95 ;   21,687383 ;  125,00
664,34 ; 288,34 ;   21,685354 ;  125,00
666,34 ; 286,99 ;   21,676923 ;  125,00
668,34 ; 285,95 ;   21,673992 ;  125,00
670,34 ; 285,04 ;   21,670106 ;  125,00
672,35 ; 284,44 ;   21,666246 ;  125,00
674,35 ; 284,14 ;   21,665043 ;  125,00
676,35 ; 283,91 ;   19,817892 ;  113,72
678,35 ; 283,84 ;   19,578633 ;  112,21
680,35 ; 284,05 ;   17,645188 ;  101,63
682,35 ; 284,30 ;   14,172482 ;   82,00
684,35 ; 284,68 ;   14,012282 ;   80,03
686,35 ; 285,13 ;   12,063840 ;   69,15
688,35 ; 285,57 ;   11,014225 ;   63,01
690,36 ; 286,27 ;   11,029296 ;   63,26
692,36 ; 286,87 ;   7,174327 ;   41,81
694,36 ; 287,44 ;   8,047733 ;   46,72
696,36 ; 288,00 ;   8,249286 ;   47,16
698,36 ; 288,70 ;   7,892823 ;   45,85
700,36 ; 289,09 ;   5,628528 ;   32,74
702,36 ; 289,63 ;   9,470662 ;   54,75
704,36 ; 290,09 ;   7,184590 ;   41,84
706,36 ; 290,55 ;   8,076473 ;   46,11
708,37 ; 290,88 ;   7,881184 ;   45,13
710,37 ; 291,28 ;   9,293688 ;   53,49
712,37 ; 291,60 ;   8,061521 ;   46,36
714,37 ; 291,95 ;   8,938216 ;   51,80
716,37 ; 292,26 ;   8,577708 ;   49,00
718,37 ; 292,42 ;   8,776138 ;   50,39
720,37 ; 292,63 ;   10,708405 ;   61,23
722,37 ; 292,92 ;   10,009660 ;   58,00
724,37 ; 293,16 ;   8,761559 ;   50,16
726,37 ; 293,35 ;   9,293900 ;   53,57
728,38 ; 293,54 ;   9,989303 ;   57,27
730,38 ; 293,72 ;   9,831544 ;   56,92
732,38 ; 293,92 ;   9,992384 ;   57,15
734,38 ; 294,08 ;   9,472058 ;   54,93
736,38 ; 294,31 ;   10,171491 ;   58,15
738,38 ; 294,47 ;   8,938157 ;   51,68
740,38 ; 294,59 ;   9,995787 ;   57,17
742,38 ; 294,75 ;   10,349429 ;   59,35
744,38 ; 294,95 ;   9,836527 ;   56,72
746,39 ; 295,07 ;   9,294787 ;   53,29
748,39 ; 295,24 ;   10,173858 ;   58,31
750,39 ; 295,44 ;   9,478103 ;   54,39
752,39 ; 295,59 ;   9,118670 ;   52,05
754,39 ; 295,84 ;   9,652549 ;   55,15
756,39 ; 295,88 ;   8,064261 ;   46,68
758,39 ; 296,10 ;   10,686851 ;   61,86
760,39 ; 296,25 ;   8,420276 ;   48,37
762,40 ; 296,40 ;   9,294811 ;   53,11
764,40 ; 296,50 ;   9,135376 ;   52,66
766,40 ; 296,64 ;   9,657503 ;   55,92
768,40 ; 296,80 ;   9,118112 ;   52,61
770,40 ; 297,03 ;   8,760892 ;   50,31
772,40 ; 297,14 ;   7,723081 ;   44,73
774,40 ; 297,33 ;   9,298699 ;   53,07
776,40 ; 297,36 ;   8,083906 ;   46,53
778,40 ; 297,47 ;   10,156749 ;   58,17
780,40 ; 297,59 ;   9,136121 ;   52,06
782,41 ; 297,65 ;   8,943532 ;   51,08
784,41 ; 297,79 ;   9,634927 ;   55,02
786,41 ; 297,95 ;   8,419425 ;   48,69
788,41 ; 298,08 ;   8,082740 ;   46,88
790,41 ; 298,13 ;   8,419681 ;   48,06
792,41 ; 298,16 ;   9,475795 ;   54,35
794,41 ; 298,29 ;   9,634114 ;   55,52
796,41 ; 298,39 ;   8,243570 ;   47,46
798,41 ; 298,47 ;   8,583378 ;   49,36
800,42 ; 298,52 ;   8,777328 ;   50,82
802,42 ; 298,63 ;   9,122276 ;   52,40
804,42 ; 298,66 ;   8,240908 ;   47,89
806,42 ; 298,84 ;   9,300432 ;   53,62
808,42 ; 298,89 ;   7,203957 ;   41,77
810,42 ; 298,98 ;   8,940012 ;   51,43
812,42 ; 298,98 ;   8,419889 ;   48,17
814,42 ; 299,03 ;   9,478341 ;   54,01
816,42 ; 299,08 ;   8,782629 ;   50,96
818,42 ; 299,18 ;   8,762364 ;   50,80
820,43 ; 299,26 ;   8,060361 ;   46,27
822,43 ; 299,27 ;   8,261123 ;   47,64
824,43 ; 299,38 ;   9,139841 ;   52,24
826,43 ; 299,38 ;   7,902814 ;   45,39
828,43 ; 299,41 ;   9,117373 ;   52,96
830,43 ; 299,48 ;   8,603959 ;   49,92
832,43 ; 299,58 ;   8,244925 ;   47,27
834,43 ; 299,59 ;   7,885833 ;   45,05
836,43 ; 299,64 ;   8,783570 ;   50,77
838,44 ; 299,69 ;   8,427199 ;   48,24
840,44 ; 299,74 ;   8,423146 ;   48,01
842,44 ; 299,74 ;   8,243746 ;   47,15
844,44 ; 299,77 ;   8,938914 ;   51,21
846,44 ; 299,80 ;   8,597825 ;   49,37
848,44 ; 299,92 ;   8,424428 ;   48,64
850,44 ; 299,85 ;   7,204180 ;   41,02
852,44 ; 299,89 ;   9,635549 ;   55,85
854,44 ; 299,97 ;   8,245694 ;   47,57
856,45 ; 299,94 ;   7,708641 ;   44,25
858,45 ; 299,97 ;   9,141199 ;   52,50
860,45 ; 299,95 ;   8,246869 ;   47,72
862,45 ; 300,03 ;   8,940648 ;   51,89
864,45 ; 300,06 ;   7,547416 ;   43,33
866,45 ; 300,10 ;   8,242115 ;   47,18
868,45 ; 300,15 ;   8,080444 ;   46,37
870,45 ; 300,09 ;   7,908065 ;   45,51
872,45 ; 300,20 ;   9,297483 ;   53,93
874,46 ; 300,09 ;   7,030329 ;   40,60
876,46 ; 300,20 ;   9,996592 ;   57,36
878,46 ; 300,24 ;   7,027832 ;   40,57
880,46 ; 300,18 ;   7,726078 ;   44,89
882,46 ; 300,15 ;   9,299706 ;   53,30
884,46 ; 300,20 ;   8,941406 ;   51,15
886,46 ; 300,28 ;   7,904194 ;   45,10
888,46 ; 300,31 ;   7,210644 ;   41,70
890,46 ; 300,33 ;   7,902938 ;   45,52
892,46 ; 300,26 ;   8,062780 ;   46,55
894,47 ; 300,26 ;   9,301709 ;   53,26
896,47 ; 300,33 ;   8,439450 ;   48,05
898,47 ; 300,36 ;   7,385481 ;   42,42
900,47 ; 300,41 ;   7,901971 ;   45,09
902,47 ; 300,28 ;   7,548657 ;   43,63
904,47 ; 300,31 ;   9,815736 ;   56,99
906,47 ; 300,31 ;   7,906500 ;   45,24
908,47 ; 300,29 ;   8,245091 ;   47,52
910,47 ; 300,29 ;   8,599881 ;   49,35
912,48 ; 300,38 ;   8,245674 ;   47,59
914,48 ; 300,27 ;   7,029692 ;   40,09
916,48 ; 300,24 ;   9,837005 ;   56,30
918,48 ; 300,33 ;   8,598174 ;   49,49
920,48 ; 300,34 ;   7,032344 ;   40,89
922,48 ; 300,34 ;   8,080040 ;   46,57
924,48 ; 300,30 ;   8,264243 ;   47,11
926,48 ; 300,30 ;   8,586107 ;   49,57
928,48 ; 300,40 ;   8,240730 ;   47,23
930,48 ; 300,31 ;   6,851919 ;   39,73
932,49 ; 300,28 ;   9,300426 ;   53,45
934,49 ; 300,31 ;   8,599777 ;   49,56
936,49 ; 300,38 ;   7,725774 ;   44,73
938,49 ; 300,36 ;   7,386337 ;   42,03
940,49 ; 300,38 ;   8,243917 ;   47,85
942,49 ; 300,30 ;   7,901261 ;   45,41
944,49 ; 300,36 ;   9,122141 ;   52,12
946,49 ; 300,30 ;   7,384457 ;   42,54
948,49 ; 300,35 ;   8,779651 ;   50,89
950,50 ; 300,34 ;   7,545394 ;   43,09
952,50 ; 300,35 ;   8,242846 ;   47,76
954,50 ; 300,41 ;   7,908013 ;   45,32
956,50 ; 300,41 ;   7,366513 ;   42,09
958,50 ; 300,30 ;   8,086568 ;   46,08
960,50 ; 300,30 ;   9,476739 ;   54,12
962,50 ; 300,34 ;   8,066006 ;   46,59
964,50 ; 300,34 ;   7,726347 ;   44,07
966,50 ; 300,40 ;   8,064796 ;   46,34
968,50 ; 300,40 ;   7,206386 ;   41,33
970,51 ; 300,26 ;   7,883194 ;   45,89
972,51 ; 300,42 ;   10,015508 ;   57,04
974,51 ; 300,38 ;   5,798259 ;   33,58
976,51 ; 300,28 ;   8,586250 ;   49,37
978,51 ; 300,31 ;   9,299317 ;   53,33
980,51 ; 300,30 ;   7,549140 ;   43,90
982,51 ; 300,20 ;   8,085359 ;   46,79
984,51 ; 300,23 ;   9,460445 ;   54,89
986,51 ; 300,29 ;   7,548232 ;   43,68
988,51 ; 300,22 ;   7,366474 ;   42,19
990,52 ; 300,35 ;   8,959917 ;   51,79
992,52 ; 300,24 ;   6,332964 ;   36,00
994,52 ; 300,33 ;   9,462989 ;   54,47
996,52 ; 300,31 ;   6,846552 ;   39,53
998,52 ; 300,31 ;   8,246499 ;   47,09
1000,52 ; 300,20 ;   7,903993 ;   45,90
1002,52 ; 300,28 ;   9,657376 ;   55,19
1004,52 ; 300,28 ;   6,851254 ;   39,68
1006,52 ; 300,20 ;   7,885669 ;   45,99
1008,53 ; 300,23 ;   9,122174 ;   52,18
1010,53 ; 300,23 ;   7,548175 ;   43,90
1012,53 ; 300,17 ;   8,061499 ;   46,19
1014,53 ; 300,18 ;   8,961156 ;   51,13
1016,53 ; 300,17 ;   7,907951 ;   45,88
1018,53 ; 300,26 ;   8,242471 ;   47,06
1020,53 ; 300,17 ;   6,850671 ;   39,62
1022,53 ; 300,23 ;   9,117197 ;   52,78
1024,53 ; 300,17 ;   7,185823 ;   41,44
1026,53 ; 300,18 ;   8,939797 ;   51,00
1028,54 ; 300,26 ;   7,882778 ;   45,75
1030,54 ; 300,20 ;   7,028382 ;   40,09
1032,54 ; 300,23 ;   8,763443 ;   50,18
1034,54 ; 300,26 ;   7,547637 ;   43,63
1036,54 ; 300,26 ;   7,726394 ;   44,05
1038,54 ; 300,28 ;   7,882466 ;   45,75
1040,54 ; 300,22 ;   7,549690 ;   43,86
1042,54 ; 300,26 ;   8,784086 ;   50,53
1044,54 ; 300,26 ;   7,373302 ;   42,78
1046,55 ; 300,22 ;   7,901384 ;   45,64
1048,55 ; 300,23 ;   8,440220 ;   48,72
1050,55 ; 300,17 ;   7,729706 ;   44,57
1052,55 ; 300,17 ;   8,781997 ;   50,67
1054,55 ; 300,20 ;   8,080596 ;   46,04
1056,55 ; 300,12 ;   7,548075 ;   43,54
1058,55 ; 300,15 ;   9,140085 ;   52,66
1060,55 ; 300,16 ;   7,548786 ;   43,82
1062,55 ; 300,12 ;   7,727756 ;   44,86
1064,55 ; 300,18 ;   8,600235 ;   49,73
1066,56 ; 300,15 ;   7,186943 ;   41,29
1068,56 ; 300,03 ;   8,439915 ;   48,36
1070,56 ; 300,13 ;   9,660635 ;   55,37
1072,56 ; 300,14 ;   6,847452 ;   39,25
1074,56 ; 300,06 ;   7,725164 ;   44,92
1076,56 ; 300,08 ;   9,137754 ;   52,27
1078,56 ; 300,15 ;   7,905651 ;   45,26
1080,56 ; 300,16 ;   7,008896 ;   40,80
1082,56 ; 300,05 ;   7,725168 ;   44,73
1084,56 ; 300,17 ;   9,477029 ;   54,58
1086,57 ; 300,16 ;   6,490227 ;   37,17
1088,57 ; 300,14 ;   8,068430 ;   46,42
1090,57 ; 300,06 ;   8,243908 ;   47,69
1092,57 ; 300,13 ;   9,118837 ;   52,16
1094,57 ; 300,09 ;   7,206734 ;   41,42
1096,57 ; 300,10 ;   8,604946 ;   49,13
1098,57 ; 300,14 ;   7,708365 ;   44,99
1100,57 ; 300,12 ;   7,546534 ;   43,02
1102,57 ; 300,13 ;   8,249358 ;   47,76
1104,58 ; 300,12 ;   7,884704 ;   45,39
1106,58 ; 300,16 ;   8,082890 ;   46,58
1108,58 ; 300,10 ;   7,371384 ;   42,26
1110,58 ; 300,04 ;   8,776621 ;   50,67
1112,58 ; 300,05 ;   8,958461 ;   51,02
1114,58 ; 300,06 ;   7,908164 ;   45,16
1116,58 ; 300,05 ;   7,884698 ;   45,69
1118,58 ; 300,13 ;   8,084900 ;   46,88
1120,58 ; 300,10 ;   7,008359 ;   40,70
1122,58 ; 300,02 ;   8,243304 ;   47,74
1124,59 ; 300,20 ;   9,117934 ;   52,84
1126,59 ; 300,02 ;   5,635571 ;   32,20
1128,59 ; 300,10 ;   10,334191 ;   59,74
1130,59 ; 300,10 ;   6,849186 ;   39,63
1132,59 ; 300,15 ;   7,884193 ;   45,96
1134,59 ; 300,10 ;   7,384660 ;   42,22
1136,59 ; 300,13 ;   8,598787 ;   49,40
1138,59 ; 300,13 ;   7,730968 ;   44,06
1140,59 ; 300,15 ;   7,904785 ;   45,78
1142,59 ; 300,04 ;   7,545519 ;   43,90
1144,60 ; 300,05 ;   9,475456 ;   54,32
1146,60 ; 300,05 ;   7,722168 ;   45,00
1148,60 ; 300,06 ;   8,066211 ;   46,14
1150,60 ; 300,09 ;   7,902597 ;   45,52
1152,60 ; 300,04 ;   7,722681 ;   44,22
1154,60 ; 300,10 ;   8,585196 ;   49,67
1156,60 ; 300,05 ;   7,190551 ;   41,23
1158,60 ; 300,05 ;   8,584349 ;   49,56
1160,60 ; 300,03 ;   8,079496 ;   46,10
1162,60 ; 300,03 ;   8,262170 ;   47,96
1164,61 ; 300,04 ;   8,066868 ;   46,23
1166,61 ; 300,02 ;   7,884458 ;   45,60
1168,61 ; 300,03 ;   8,420724 ;   48,04
1170,61 ; 300,02 ;   7,907987 ;   45,06
1172,61 ; 300,05 ;   8,241416 ;   47,46
1174,61 ; 300,10 ;   7,544691 ;   43,19
1176,61 ; 300,06 ;   7,365588 ;   42,34
1178,61 ; 300,06 ;   8,426125 ;   48,90
1180,61 ; 300,09 ;   8,077739 ;   46,01
1182,62 ; 300,15 ;   7,723335 ;   44,13
1184,62 ; 300,13 ;   7,029331 ;   40,88
1186,62 ; 300,01 ;   8,243276 ;   47,34
1188,62 ; 300,06 ;   9,478874 ;   54,93
1190,62 ; 300,09 ;   7,207120 ;   41,92
1192,62 ; 300,05 ;   7,723966 ;   44,09
1194,62 ; 300,06 ;   8,421893 ;   48,30
1196,62 ; 300,02 ;   7,906973 ;   45,36
1198,62 ; 300,09 ;   8,598761 ;   49,66
1200,62 ; 300,13 ;   7,029625 ;   40,61
1202,63 ; 300,01 ;   7,385424 ;   42,68
1204,63 ; 299,99 ;   9,459414 ;   54,88
1206,63 ; 300,05 ;   8,261686 ;   47,47
1208,63 ; 300,01 ;   7,211293 ;   41,34
1210,63 ; 300,06 ;   8,600327 ;   49,68
1212,63 ; 300,02 ;   7,207257 ;   41,86
1214,63 ; 299,99 ;   8,601034 ;   49,62
1216,63 ; 300,05 ;   8,422683 ;   48,03
1218,63 ; 300,01 ;   7,188292 ;   41,33
1220,63 ; 300,01 ;   8,600722 ;   49,66
1222,64 ; 300,05 ;   8,061450 ;   46,20
1224,64 ; 300,02 ;   7,385830 ;   42,47
1226,64 ; 300,09 ;   8,601013 ;   49,03
1228,64 ; 300,04 ;   7,028707 ;   40,55
1230,64 ; 300,04 ;   8,582818 ;   49,46
1232,64 ; 300,09 ;   7,904537 ;   46,00
1234,64 ; 299,97 ;   7,388170 ;   42,27
1236,64 ; 300,05 ;   9,637308 ;   55,04
1238,64 ; 300,04 ;   6,848654 ;   39,56
1240,64 ; 300,08 ;   8,243699 ;   47,14
1242,65 ; 300,04 ;   7,367628 ;   42,87
1244,65 ; 299,98 ;   8,424620 ;   48,85
1246,65 ; 300,06 ;   8,761722 ;   50,32
1248,65 ; 300,01 ;   7,026504 ;   40,07
1250,65 ; 300,02 ;   8,780411 ;   50,18
1252,65 ; 300,09 ;   7,903766 ;   45,52
1254,65 ; 300,03 ;   7,008166 ;   40,50
1256,65 ; 300,09 ;   8,764188 ;   50,03
1258,65 ; 300,01 ;   7,187791 ;   41,64
1260,66 ; 300,06 ;   8,961010 ;   51,88
1262,66 ; 300,06 ;   7,209007 ;   41,76
1264,66 ; 300,05 ;   7,908479 ;   45,79
1266,66 ; 300,08 ;   8,067543 ;   46,41
1268,66 ; 300,05 ;   7,548536 ;   43,96
1270,66 ; 300,06 ;   8,243884 ;   47,54
1272,66 ; 300,03 ;   7,901391 ;   45,19
1274,66 ; 300,04 ;   8,406656 ;   48,25
1276,66 ; 300,03 ;   7,909582 ;   45,31
1278,66 ; 299,99 ;   8,067204 ;   46,51
1280,67 ; 300,10 ;   8,601621 ;   49,04
1282,67 ; 299,97 ;   6,494194 ;   37,45
1284,67 ; 299,99 ;   9,837638 ;   56,08
1286,67 ; 300,09 ;   7,709158 ;   44,42
1288,67 ; 300,06 ;   6,689379 ;   38,69
1290,67 ; 300,12 ;   8,244629 ;   47,46
1292,67 ; 300,09 ;   7,188869 ;   41,37
1294,67 ; 300,02 ;   8,246837 ;   47,88
1296,67 ; 300,10 ;   8,942249 ;   51,16
1298,67 ; 300,06 ;   6,850526 ;   39,14
1300,68 ; 299,99 ;   8,424113 ;   48,57
1302,68 ; 300,01 ;   8,959443 ;   51,28
1304,68 ; 300,05 ;   7,723815 ;   44,85
1306,68 ; 299,99 ;   7,365324 ;   42,27
1308,68 ; 300,04 ;   8,782160 ;   50,70
1310,68 ; 300,03 ;   7,371455 ;   42,35
1312,68 ; 300,03 ;   8,065714 ;   46,43
1314,68 ; 299,98 ;   7,903978 ;   45,85
1316,68 ; 300,06 ;   8,598312 ;   49,58
1318,68 ; 300,09 ;   6,850006 ;   39,91
1320,69 ; 300,03 ;   7,549743 ;   43,80
1322,69 ; 300,03 ;   8,600467 ;   49,87
1324,69 ; 300,09 ;   7,908687 ;   45,83
1326,69 ; 299,95 ;   7,190262 ;   41,47
1328,69 ; 299,96 ;   9,836911 ;   56,69
1330,69 ; 299,98 ;   7,903125 ;   45,08
1332,69 ; 299,99 ;   7,728703 ;   44,37
1334,69 ; 300,09 ;   7,901445 ;   45,48
1336,69 ; 299,99 ;   6,691103 ;   38,60
1338,69 ; 299,92 ;   9,119169 ;   52,97
1340,70 ; 299,99 ;   8,962494 ;   51,64
1342,70 ; 299,96 ;   7,026034 ;   40,86
1344,70 ; 299,96 ;   8,422883 ;   48,54
1346,70 ; 299,98 ;   8,085150 ;   46,24
1348,70 ; 300,05 ;   7,722976 ;   44,38
1350,70 ; 300,01 ;   7,030908 ;   40,52
1352,70 ; 300,02 ;   8,604122 ;   49,43
1354,70 ; 300,08 ;   7,884039 ;   45,35
1356,70 ; 300,02 ;   7,029694 ;   40,95
1358,70 ; 300,06 ;   8,783750 ;   50,53
1360,71 ; 300,03 ;   7,371663 ;   42,18
1362,71 ; 300,03 ;   8,423915 ;   48,12
1364,71 ; 300,10 ;   7,885113 ;   45,81
1366,71 ; 300,02 ;   7,029898 ;   40,21
1368,71 ; 300,01 ;   9,123468 ;   52,23
1370,71 ; 299,98 ;   8,079119 ;   46,51
1372,71 ; 299,91 ;   8,262897 ;   47,79
1374,71 ; 299,97 ;   8,958233 ;   51,66
1376,71 ; 300,01 ;   7,369627 ;   42,13
1378,71 ; 300,04 ;   7,548900 ;   43,06
1380,72 ; 299,99 ;   7,547688 ;   43,46
1382,72 ; 300,05 ;   8,602868 ;   49,49
1384,72 ; 299,97 ;   7,204577 ;   41,06
1386,72 ; 300,01 ;   9,121234 ;   52,50
1388,72 ; 300,03 ;   7,546854 ;   43,06
1390,72 ; 300,02 ;   7,725093 ;   44,07
1392,72 ; 299,96 ;   8,245470 ;   47,04
1394,72 ; 300,05 ;   8,777472 ;   50,24
1396,72 ; 299,95 ;   6,670752 ;   38,75
1398,72 ; 299,94 ;   9,459884 ;   54,36
1400,73 ; 300,06 ;   8,066194 ;   46,92
1402,73 ; 300,02 ;   6,329025 ;   36,40
1404,73 ; 300,09 ;   8,604820 ;   49,35
1406,73 ; 300,04 ;   7,029007 ;   40,29
1408,73 ; 300,05 ;   8,604389 ;   49,20
1410,73 ; 300,03 ;   7,723731 ;   44,50
1412,73 ; 300,03 ;   8,245354 ;   47,51
1414,73 ; 300,04 ;   7,906744 ;   45,78
1416,73 ; 300,03 ;   7,903391 ;   45,15
1418,73 ; 300,05 ;   8,066933 ;   46,34
1420,74 ; 300,01 ;   7,549376 ;   43,90
1422,74 ; 300,08 ;   8,601823 ;   49,35
1424,74 ; 300,03 ;   7,030518 ;   40,30
1426,74 ; 300,04 ;   8,602918 ;   49,21
1428,74 ; 300,02 ;   7,886984 ;   45,12
1430,74 ; 300,06 ;   8,242474 ;   47,56
1432,74 ; 300,04 ;   7,368693 ;   42,10
1434,74 ; 299,98 ;   8,246581 ;   47,42
1436,74 ; 300,04 ;   8,781248 ;   50,04
1438,75 ; 300,04 ;   7,190690 ;   41,65
1440,75 ; 299,99 ;   7,907493 ;   45,68
1442,75 ; 300,02 ;   8,586835 ;   49,41
1444,75 ; 300,05 ;   7,724462 ;   44,08
1446,75 ; 300,05 ;   7,366016 ;   42,70
1448,75 ; 300,02 ;   7,907443 ;   45,58
1450,75 ; 300,04 ;   8,421393 ;   48,68
1452,75 ; 300,04 ;   7,565364 ;   43,93
1454,75 ; 299,98 ;   7,890020 ;   45,66
1456,75 ; 300,04 ;   8,763701 ;   50,01
1458,76 ; 300,02 ;   7,190471 ;   41,62
1460,76 ; 299,99 ;   8,263449 ;   47,52
1462,76 ; 300,03 ;   8,249738 ;   47,65
1464,76 ; 300,03 ;   7,365113 ;   42,81
1466,76 ; 300,10 ;   7,907162 ;   45,69
1468,76 ; 300,02 ;   7,028287 ;   40,09
1470,76 ; 299,99 ;   9,119639 ;   52,11
1472,76 ; 299,97 ;   8,264112 ;   47,63
1474,76 ; 300,04 ;   8,261725 ;   47,77
1476,76 ; 300,03 ;   7,028399 ;   40,45
1478,77 ; 300,03 ;   8,069465 ;   46,25
1480,77 ; 300,02 ;   7,884203 ;   45,67
1482,77 ; 300,03 ;   8,087143 ;   46,91
1484,77 ; 300,03 ;   7,729604 ;   44,51
1486,77 ; 299,96 ;   7,905246 ;   45,66
1488,77 ; 299,97 ;   8,941800 ;   51,25
1490,77 ; 300,02 ;   7,907569 ;   45,45
1492,77 ; 299,95 ;   7,367059 ;   42,30
1494,77 ; 299,97 ;   8,946125 ;   51,35
1496,77 ; 299,95 ;   7,724539 ;   44,30
1498,78 ; 300,02 ;   8,261865 ;   47,90
1500,78 ; 299,97 ;   7,011460 ;   40,58
1502,78 ; 299,95 ;   8,584626 ;   49,50
1504,78 ; 299,97 ;   8,245308 ;   47,91
1506,78 ; 300,05 ;   7,726257 ;   44,32
1508,78 ; 300,01 ;   6,849165 ;   39,21
1510,78 ; 300,05 ;   8,601436 ;   49,28
1512,78 ; 300,01 ;   7,386315 ;   42,09
1514,78 ; 300,02 ;   8,599370 ;   49,28
1516,78 ; 299,98 ;   7,905006 ;   45,19
1518,79 ; 300,05 ;   8,424871 ;   48,26
1520,79 ; 300,04 ;   7,031622 ;   40,36
1522,79 ; 300,04 ;   8,087678 ;   46,78
1524,79 ; 300,04 ;   7,887399 ;   45,62
1526,79 ; 300,01 ;   7,904590 ;   45,62
1528,79 ; 300,02 ;   8,422589 ;   48,10
1530,79 ; 299,99 ;   7,905190 ;   45,17
1532,79 ; 300,03 ;   8,242573 ;   47,61
1534,79 ; 299,95 ;   7,368266 ;   42,78
1536,79 ; 299,99 ;   9,139690 ;   52,50
1538,80 ; 299,98 ;   7,368933 ;   42,43
1540,80 ; 299,92 ;   8,086008 ;   46,51
1542,80 ; 299,98 ;   8,766609 ;   50,91
1544,80 ; 300,02 ;   7,210443 ;   41,33
1546,80 ; 300,04 ;   7,547584 ;   43,46
1548,80 ; 300,06 ;   7,548463 ;   43,90
1550,80 ; 300,04 ;   7,566003 ;   43,76
1552,80 ; 300,04 ;   8,264487 ;   47,35
1554,80 ; 299,98 ;   7,886159 ;   45,61
1556,80 ; 299,98 ;   8,604011 ;   49,96
1558,81 ; 300,01 ;   7,901287 ;   45,93
1560,81 ; 300,02 ;   7,727556 ;   44,06
1562,81 ; 299,96 ;   7,907226 ;   45,17
1564,81 ; 299,94 ;   8,765985 ;   50,10
1566,81 ; 299,98 ;   8,242813 ;   47,93
1568,81 ; 300,03 ;   7,366832 ;   42,48
1570,81 ; 299,90 ;   7,370093 ;   42,21
1572,81 ; 299,98 ;   9,820668 ;   56,23
1574,81 ; 300,04 ;   6,849542 ;   39,60
1576,81 ; 300,01 ;   7,209022 ;   41,60
1578,82 ; 299,97 ;   8,422161 ;   48,12
1580,82 ; 300,03 ;   8,423616 ;   48,91
1582,82 ; 299,98 ;   7,211871 ;   41,06
1584,82 ; 299,98 ;   8,601197 ;   49,40
1586,82 ; 299,99 ;   7,905899 ;   45,94
1588,82 ; 299,99 ;   7,905786 ;   45,32
1590,82 ; 299,96 ;   7,891473 ;   45,90
1592,82 ; 300,01 ;   8,422129 ;   48,39
1594,82 ; 299,96 ;   7,364976 ;   42,36
1596,82 ; 300,02 ;   8,603342 ;   49,54
1598,83 ; 300,02 ;   7,188151 ;   41,73
1600,83 ; 300,01 ;   7,906253 ;   45,77
1602,83 ; 299,99 ;   8,068063 ;   46,39
1604,83 ; 300,05 ;   8,243947 ;   47,06
1606,83 ; 300,09 ;   7,029269 ;   40,93
1608,83 ; 300,03 ;   7,544767 ;   43,05
1610,83 ; 300,06 ;   8,606069 ;   49,70
1612,83 ; 300,01 ;   7,550427 ;   43,17
1614,83 ; 300,03 ;   8,598976 ;   49,83
1616,83 ; 299,99 ;   7,549591 ;   43,92
1618,84 ; 299,98 ;   8,427465 ;   48,76
1620,84 ; 300,03 ;   8,080643 ;   46,50
1622,84 ; 300,01 ;   7,370605 ;   42,20
1624,84 ; 300,02 ;   8,244535 ;   47,51
1626,84 ; 299,99 ;   7,891454 ;   45,16
1628,84 ; 300,02 ;   8,245163 ;   47,60
1630,84 ; 300,02 ;   7,727594 ;   44,01
1632,84 ; 299,98 ;   7,903221 ;   45,74
1634,84 ; 299,97 ;   8,423476 ;   48,22
1636,84 ; 299,98 ;   8,261931 ;   47,16
1638,85 ; 300,02 ;   7,726101 ;   44,77
1640,85 ; 300,04 ;   7,549275 ;   43,44
1642,85 ; 299,95 ;   7,548302 ;   43,87
1644,85 ; 300,02 ;   9,300356 ;   53,06
1646,85 ; 300,03 ;   7,029946 ;   40,55
1648,85 ; 300,01 ;   7,726089 ;   44,50
1650,85 ; 299,94 ;   8,245690 ;   47,51
1652,85 ; 299,99 ;   8,962547 ;   51,38
1654,85 ; 300,01 ;   7,188177 ;   41,84
1656,85 ; 299,92 ;   7,727824 ;   44,64
1658,86 ; 299,94 ;   9,122507 ;   52,63
1660,86 ; 300,01 ;   7,886539 ;   45,05
1662,86 ; 300,01 ;   7,029784 ;   40,61
1664,86 ; 300,02 ;   7,907610 ;   45,80
1666,86 ; 299,99 ;   7,903892 ;   45,18
