Tempo total (s) ;Temperatura (ºC) ; Potencia atual (W) ; Saida
P:   5.68 I: 104.06 D:  26.00 Tensão:6.65 V Temperatura ambiente:     20.33ºC
2,00 ; 299,98 ;   9,644994 ;   55,37
4,00 ; 300,01 ;   7,002685 ;   40,61
6,00 ; 300,05 ;   7,538491 ;   43,35
8,00 ; 299,98 ;   7,182028 ;   41,35
10,00 ; 300,02 ;   8,773222 ;   50,40
12,01 ; 299,99 ;   7,358166 ;   42,73
14,01 ; 299,95 ;   8,057962 ;   46,90
16,01 ; 299,99 ;   8,418297 ;   48,90
18,01 ; 300,06 ;   7,184771 ;   41,72
20,01 ; 299,99 ;   6,842747 ;   39,58
22,01 ; 299,94 ;   8,775481 ;   50,36
24,01 ; 300,02 ;   8,591112 ;   49,52
26,01 ; 299,98 ;   6,843894 ;   39,27
28,01 ; 300,08 ;   8,235478 ;   47,53
30,01 ; 300,04 ;   6,482748 ;   37,76
32,02 ; 300,01 ;   8,235485 ;   47,78
34,02 ; 299,98 ;   8,236597 ;   47,38
36,02 ; 300,03 ;   8,058105 ;   46,94
38,02 ; 300,02 ;   7,200116 ;   41,48
40,02 ; 299,94 ;   8,056668 ;   46,18
42,02 ; 299,95 ;   8,929901 ;   51,24
44,02 ; 299,92 ;   7,715904 ;   44,86
46,02 ; 300,02 ;   8,252303 ;   47,31
48,02 ; 299,92 ;   6,647727 ;   38,12
50,02 ; 299,88 ;   9,109468 ;   52,50
52,03 ; 299,95 ;   8,595072 ;   49,33
54,03 ; 300,04 ;   7,018841 ;   40,28
56,03 ; 299,87 ;   6,664279 ;   38,02
58,03 ; 299,92 ;   10,161685 ;   58,61
60,03 ; 299,94 ;   7,202306 ;   41,59
62,03 ; 299,99 ;   7,718225 ;   44,39
64,03 ; 299,95 ;   7,177343 ;   41,20
66,03 ; 300,02 ;   8,431903 ;   48,97
68,03 ; 299,97 ;   6,844057 ;   39,91
70,03 ; 300,10 ;   8,412449 ;   48,83
72,04 ; 300,09 ;   5,965128 ;   34,81
74,04 ; 300,05 ;   7,898397 ;   45,84
76,04 ; 300,10 ;   8,236659 ;   47,17
78,04 ; 299,99 ;   7,201450 ;   41,12
80,04 ; 299,97 ;   9,289679 ;   53,28
82,04 ; 300,02 ;   8,233966 ;   47,07
84,04 ; 300,12 ;   7,178572 ;   41,61
86,04 ; 299,98 ;   6,305074 ;   36,98
88,04 ; 300,06 ;   9,627414 ;   55,04
90,04 ; 299,95 ;   6,842647 ;   39,02
92,05 ; 299,97 ;   9,448744 ;   54,11
94,05 ; 300,02 ;   7,536025 ;   43,60
96,05 ; 300,05 ;   7,179638 ;   41,60
98,05 ; 300,01 ;   7,198437 ;   41,95
100,05 ; 299,98 ;   8,412975 ;   48,56
102,05 ; 300,03 ;   8,073663 ;   46,96
104,05 ; 299,95 ;   7,198237 ;   41,51
106,05 ; 300,08 ;   8,932093 ;   51,80
108,05 ; 300,04 ;   5,965836 ;   34,89
110,05 ; 300,08 ;   8,252495 ;   47,80
112,05 ; 300,01 ;   7,183674 ;   41,80
114,06 ; 299,97 ;   8,752239 ;   50,27
116,06 ; 300,01 ;   8,407092 ;   48,19
118,06 ; 300,04 ;   7,375964 ;   42,20
120,06 ; 300,08 ;   7,359308 ;   42,60
122,06 ; 300,01 ;   7,194954 ;   41,79
124,06 ; 300,03 ;   8,751104 ;   50,26
126,06 ; 300,04 ;   7,537317 ;   43,20
128,06 ; 299,94 ;   7,714410 ;   44,31
130,06 ; 300,03 ;   9,110589 ;   52,96
132,06 ; 300,01 ;   6,661802 ;   38,01
134,07 ; 299,98 ;   8,070381 ;   46,79
136,07 ; 299,97 ;   8,073043 ;   46,93
138,07 ; 300,02 ;   8,054021 ;   46,45
140,07 ; 299,94 ;   7,177968 ;   41,56
142,07 ; 299,97 ;   8,949805 ;   51,24
144,07 ; 299,99 ;   7,357549 ;   42,99
146,07 ; 300,06 ;   7,540331 ;   43,44
148,07 ; 299,96 ;   6,838132 ;   39,57
150,07 ; 299,98 ;   9,109205 ;   52,84
152,07 ; 299,98 ;   7,536857 ;   43,48
154,08 ; 300,02 ;   7,872957 ;   45,21
156,08 ; 299,92 ;   7,359470 ;   42,73
158,08 ; 299,98 ;   9,110165 ;   52,49
160,08 ; 300,02 ;   7,017128 ;   40,61
162,08 ; 299,99 ;   7,353180 ;   42,74
164,08 ; 300,01 ;   8,071625 ;   46,91
166,08 ; 299,99 ;   7,539476 ;   43,93
168,08 ; 299,97 ;   8,073724 ;   46,33
170,08 ; 299,99 ;   8,251715 ;   47,04
172,08 ; 299,98 ;   7,537932 ;   43,45
174,08 ; 299,98 ;   7,898864 ;   45,80
176,09 ; 299,97 ;   7,875638 ;   45,23
178,09 ; 300,02 ;   8,074056 ;   46,47
180,09 ; 299,97 ;   7,200620 ;   41,59
182,09 ; 299,98 ;   8,412981 ;   48,78
184,09 ; 300,01 ;   7,715209 ;   44,08
186,09 ; 299,98 ;   7,538195 ;   43,37
188,09 ; 299,92 ;   8,056925 ;   46,97
190,09 ; 299,95 ;   8,771044 ;   50,21
192,09 ; 300,03 ;   7,535909 ;   43,74
194,09 ; 299,98 ;   6,662277 ;   38,64
196,10 ; 299,99 ;   8,412159 ;   48,71
198,10 ; 300,02 ;   7,719910 ;   44,63
200,10 ; 299,96 ;   7,534179 ;   43,34
202,10 ; 299,99 ;   8,593440 ;   49,42
204,10 ; 300,05 ;   7,375221 ;   42,90
206,10 ; 300,05 ;   6,999633 ;   40,24
208,10 ; 300,10 ;   7,697784 ;   44,84
210,10 ; 300,03 ;   7,199411 ;   41,11
212,10 ; 300,01 ;   8,769389 ;   50,15
214,10 ; 299,92 ;   8,072251 ;   46,82
216,11 ; 299,99 ;   8,949907 ;   51,93
218,11 ; 299,97 ;   7,017645 ;   40,00
220,11 ; 299,99 ;   8,232406 ;   47,06
222,11 ; 300,01 ;   7,537301 ;   43,47
224,11 ; 300,05 ;   7,539128 ;   43,95
226,11 ; 299,94 ;   7,179657 ;   41,37
228,11 ; 300,04 ;   9,465179 ;   54,16
230,11 ; 299,99 ;   6,499714 ;   37,43
232,11 ; 299,98 ;   8,413829 ;   48,65
234,11 ; 300,04 ;   7,876993 ;   45,82
236,12 ; 300,03 ;   7,019920 ;   40,89
238,12 ; 299,94 ;   7,891818 ;   45,54
240,12 ; 299,99 ;   9,110268 ;   52,42
242,12 ; 299,98 ;   7,178960 ;   41,16
244,12 ; 299,97 ;   7,898453 ;   45,82
246,12 ; 299,95 ;   8,050978 ;   46,49
248,12 ; 300,02 ;   8,232396 ;   47,20
250,12 ; 299,98 ;   6,842789 ;   39,88
252,12 ; 300,04 ;   8,236877 ;   47,56
254,12 ; 299,98 ;   7,018697 ;   40,90
256,13 ; 299,95 ;   8,574550 ;   49,28
258,13 ; 299,99 ;   8,411465 ;   48,36
260,13 ; 299,99 ;   7,177920 ;   41,75
262,13 ; 300,04 ;   7,897439 ;   45,21
264,13 ; 300,06 ;   7,184226 ;   41,48
266,13 ; 300,05 ;   7,534899 ;   43,07
268,13 ; 300,04 ;   7,898910 ;   45,41
270,13 ; 300,05 ;   8,054921 ;   46,08
272,13 ; 299,98 ;   7,538186 ;   43,67
274,13 ; 300,05 ;   8,768146 ;   50,42
276,14 ; 299,98 ;   6,839791 ;   39,63
278,14 ; 300,02 ;   8,772184 ;   50,41
280,14 ; 299,99 ;   7,359283 ;   42,74
282,14 ; 300,04 ;   8,075161 ;   46,91
284,14 ; 299,98 ;   7,181026 ;   41,45
286,14 ; 300,04 ;   8,593233 ;   49,26
288,14 ; 299,98 ;   7,000527 ;   40,87
290,14 ; 299,99 ;   8,572921 ;   49,26
292,14 ; 299,98 ;   7,714683 ;   44,60
294,14 ; 299,96 ;   7,873854 ;   45,80
296,15 ; 299,91 ;   8,235070 ;   47,09
298,15 ; 299,97 ;   8,593366 ;   49,09
300,15 ; 299,96 ;   7,198678 ;   41,29
302,15 ; 299,95 ;   7,892996 ;   45,95
304,15 ; 300,01 ;   8,075920 ;   46,62
306,15 ; 299,96 ;   7,002630 ;   40,50
308,15 ; 299,99 ;   8,413609 ;   48,84
310,15 ; 300,08 ;   7,358443 ;   42,90
312,15 ; 300,03 ;   6,679662 ;   38,37
314,15 ; 300,03 ;   8,412804 ;   48,43
316,16 ; 300,03 ;   7,718214 ;   44,97
318,16 ; 300,02 ;   7,719245 ;   44,97
320,16 ; 300,03 ;   8,055618 ;   46,21
322,16 ; 300,06 ;   7,536732 ;   43,81
324,16 ; 299,99 ;   7,355210 ;   42,47
326,16 ; 299,98 ;   8,770740 ;   50,37
328,16 ; 300,01 ;   7,896112 ;   45,80
330,16 ; 299,96 ;   7,537507 ;   43,36
332,16 ; 299,97 ;   8,411649 ;   48,82
334,16 ; 299,99 ;   7,695927 ;   44,74
336,17 ; 299,98 ;   7,538814 ;   43,46
338,17 ; 300,02 ;   7,896026 ;   45,81
340,17 ; 300,05 ;   7,357493 ;   42,75
342,17 ; 299,97 ;   7,196007 ;   41,94
344,17 ; 299,99 ;   8,926963 ;   51,66
346,17 ; 299,99 ;   7,536518 ;   43,46
348,17 ; 300,01 ;   7,874316 ;   45,19
350,17 ; 299,94 ;   7,539774 ;   43,94
352,17 ; 299,97 ;   8,773037 ;   50,69
354,17 ; 299,96 ;   7,539496 ;   43,02
356,18 ; 300,02 ;   7,893546 ;   45,96
358,18 ; 300,01 ;   7,200652 ;   41,03
360,18 ; 299,97 ;   7,892060 ;   45,69
362,18 ; 300,08 ;   8,415251 ;   48,22
364,18 ; 300,01 ;   6,303865 ;   36,63
366,18 ; 299,97 ;   8,748571 ;   50,29
368,18 ; 300,03 ;   8,411749 ;   48,21
370,18 ; 300,08 ;   7,001964 ;   40,36
372,18 ; 300,05 ;   7,201479 ;   41,24
374,18 ; 300,06 ;   8,052753 ;   46,55
376,19 ; 300,04 ;   7,719301 ;   44,20
378,19 ; 299,96 ;   8,052337 ;   46,63
380,19 ; 299,99 ;   8,949223 ;   51,11
382,19 ; 300,04 ;   7,356194 ;   42,86
384,19 ; 299,97 ;   7,201662 ;   41,44
386,19 ; 299,95 ;   8,767324 ;   50,49
388,19 ; 299,92 ;   8,233341 ;   47,17
390,19 ; 300,01 ;   8,233728 ;   47,31
392,19 ; 299,97 ;   6,662439 ;   38,75
394,19 ; 300,02 ;   8,414485 ;   48,20
396,20 ; 299,98 ;   7,179029 ;   41,59
398,20 ; 299,98 ;   8,235003 ;   47,54
400,20 ; 299,98 ;   7,894507 ;   45,23
402,20 ; 300,01 ;   7,877155 ;   45,24
404,20 ; 300,02 ;   7,537861 ;   43,37
406,20 ; 300,03 ;   7,715385 ;   44,48
408,20 ; 300,01 ;   7,536928 ;   43,81
410,20 ; 299,98 ;   8,054756 ;   46,83
412,20 ; 299,96 ;   8,050028 ;   46,96
414,20 ; 299,98 ;   8,232523 ;   47,10
416,21 ; 300,05 ;   7,537686 ;   43,51
418,21 ; 300,01 ;   6,842625 ;   39,64
420,21 ; 299,98 ;   8,416578 ;   48,56
422,21 ; 299,97 ;   8,049795 ;   46,96
424,21 ; 300,01 ;   8,072823 ;   46,48
426,21 ; 300,03 ;   7,361083 ;   42,22
428,21 ; 300,01 ;   7,535599 ;   43,23
430,21 ; 299,98 ;   8,056616 ;   46,83
432,21 ; 300,06 ;   8,051782 ;   46,96
434,21 ; 299,98 ;   6,840225 ;   39,02
436,22 ; 299,95 ;   8,770825 ;   51,00
438,22 ; 299,95 ;   8,396729 ;   48,34
440,22 ; 299,98 ;   7,892207 ;   45,46
442,22 ; 300,01 ;   7,377137 ;   42,36
444,22 ; 300,02 ;   7,537373 ;   43,38
446,22 ; 300,04 ;   7,713728 ;   44,48
448,22 ; 300,06 ;   7,535732 ;   43,19
450,22 ; 300,01 ;   7,536942 ;   43,05
452,22 ; 300,06 ;   8,573826 ;   49,13
454,22 ; 300,01 ;   7,019441 ;   40,74
456,23 ; 300,01 ;   8,588662 ;   49,12
458,23 ; 299,96 ;   7,898757 ;   45,08
460,23 ; 300,06 ;   8,408646 ;   48,82
462,23 ; 300,06 ;   6,502055 ;   37,28
464,23 ; 300,01 ;   7,720449 ;   44,76
466,23 ; 299,95 ;   8,589985 ;   49,11
468,23 ; 300,02 ;   8,766970 ;   50,05
470,23 ; 300,02 ;   6,842976 ;   39,84
472,23 ; 300,03 ;   7,897467 ;   45,03
474,23 ; 300,01 ;   7,538633 ;   43,79
476,24 ; 300,03 ;   8,054037 ;   46,80
478,24 ; 300,01 ;   7,537048 ;   43,21
480,24 ; 300,09 ;   8,074215 ;   46,80
482,24 ; 299,95 ;   6,662688 ;   38,85
484,24 ; 300,08 ;   9,625283 ;   55,80
486,24 ; 300,04 ;   5,966369 ;   34,85
488,24 ; 300,04 ;   8,233493 ;   47,76
490,24 ; 300,03 ;   7,713609 ;   44,87
492,24 ; 299,96 ;   7,880490 ;   45,49
494,24 ; 300,03 ;   8,751856 ;   50,50
496,24 ; 300,05 ;   6,840225 ;   39,72
498,25 ; 299,90 ;   7,536272 ;   43,04
500,25 ; 299,98 ;   9,983724 ;   57,20
502,25 ; 300,01 ;   6,662158 ;   38,84
504,25 ; 299,95 ;   7,535654 ;   43,32
506,25 ; 299,97 ;   8,770787 ;   50,02
508,25 ; 300,02 ;   7,536696 ;   43,55
510,25 ; 299,87 ;   7,198635 ;   41,55
512,25 ; 299,95 ;   9,807742 ;   56,83
514,25 ; 300,03 ;   6,837664 ;   39,67
516,25 ; 300,06 ;   6,680783 ;   38,60
518,26 ; 300,04 ;   7,356963 ;   42,45
520,26 ; 300,02 ;   8,073923 ;   46,62
522,26 ; 300,06 ;   8,075169 ;   46,75
524,26 ; 299,99 ;   7,179707 ;   41,29
526,26 ; 299,97 ;   8,769392 ;   50,33
528,26 ; 300,01 ;   8,235354 ;   47,01
530,26 ; 300,02 ;   7,358163 ;   42,18
532,26 ; 299,99 ;   7,716753 ;   44,44
534,26 ; 300,06 ;   8,056447 ;   46,88
536,27 ; 300,05 ;   6,842621 ;   39,55
538,27 ; 299,98 ;   7,874844 ;   45,36
540,27 ; 299,97 ;   8,772637 ;   50,37
542,27 ; 299,94 ;   8,051688 ;   46,43
544,27 ; 299,97 ;   8,233091 ;   47,76
546,27 ; 299,95 ;   7,359525 ;   42,98
548,27 ; 300,01 ;   8,250893 ;   47,15
550,27 ; 299,91 ;   7,019137 ;   40,45
552,27 ; 299,97 ;   9,111113 ;   52,53
554,27 ; 300,04 ;   7,182404 ;   41,26
556,28 ; 299,91 ;   6,840492 ;   39,71
558,28 ; 300,06 ;   9,450919 ;   54,85
560,28 ; 300,05 ;   5,789076 ;   33,82
562,28 ; 299,99 ;   7,891061 ;   45,38
564,28 ; 299,96 ;   8,572788 ;   49,77
566,28 ; 299,98 ;   8,231983 ;   47,65
568,28 ; 300,04 ;   7,535959 ;   43,48
570,28 ; 299,97 ;   7,019298 ;   40,86
572,28 ; 299,96 ;   8,750252 ;   50,49
574,28 ; 300,09 ;   7,874187 ;   45,92
576,29 ; 300,02 ;   6,144966 ;   35,40
578,29 ; 299,95 ;   8,752874 ;   50,22
580,29 ; 300,01 ;   8,753068 ;   50,62
582,29 ; 299,98 ;   6,998816 ;   40,47
584,29 ; 300,02 ;   8,054889 ;   46,94
586,29 ; 299,97 ;   7,357387 ;   42,72
588,29 ; 299,98 ;   8,412816 ;   48,76
590,29 ; 299,96 ;   7,714446 ;   44,06
592,29 ; 299,99 ;   8,250387 ;   47,08
594,29 ; 300,06 ;   7,376269 ;   42,87
596,29 ; 300,03 ;   6,837741 ;   39,58
598,30 ; 300,08 ;   8,233075 ;   47,25
600,30 ; 299,99 ;   7,182044 ;   41,21
602,30 ; 299,98 ;   8,931603 ;   51,50
604,30 ; 299,91 ;   7,890499 ;   45,78
606,30 ; 300,03 ;   8,751637 ;   50,80
608,30 ; 299,96 ;   6,305629 ;   36,29
610,30 ; 300,06 ;   8,755162 ;   50,54
612,30 ; 300,04 ;   6,485518 ;   37,27
614,30 ; 300,04 ;   8,071967 ;   46,62
616,30 ; 299,98 ;   7,719041 ;   44,89
618,31 ; 300,04 ;   8,590047 ;   49,24
620,31 ; 299,99 ;   7,020382 ;   40,85
622,31 ; 299,94 ;   8,414069 ;   48,61
624,31 ; 299,96 ;   8,587958 ;   49,51
626,31 ; 300,03 ;   7,535339 ;   43,61
628,31 ; 299,97 ;   6,842077 ;   39,75
630,31 ; 300,03 ;   8,593898 ;   49,91
632,31 ; 299,94 ;   7,001459 ;   40,32
634,31 ; 299,94 ;   9,127820 ;   52,40
636,32 ; 299,97 ;   7,874350 ;   45,48
638,32 ; 299,92 ;   7,537522 ;   43,00
640,32 ; 300,02 ;   8,594992 ;   49,04
642,32 ; 299,95 ;   6,679382 ;   38,13
644,32 ; 299,97 ;   8,750907 ;   50,65
646,32 ; 300,01 ;   7,536697 ;   43,60
648,32 ; 299,99 ;   7,354871 ;   42,22
650,32 ; 300,05 ;   8,075051 ;   46,35
652,32 ; 300,02 ;   7,003394 ;   40,22
654,32 ; 300,04 ;   8,236338 ;   47,93
656,32 ; 299,98 ;   7,537201 ;   43,18
658,33 ; 300,02 ;   8,571987 ;   49,26
660,33 ; 300,06 ;   7,355466 ;   42,74
662,33 ; 300,01 ;   7,200907 ;   41,32
664,33 ; 300,02 ;   8,586607 ;   49,12
666,33 ; 300,02 ;   7,715289 ;   44,46
668,33 ; 299,99 ;   7,895795 ;   45,04
670,33 ; 299,96 ;   8,075277 ;   46,90
672,33 ; 300,02 ;   8,235134 ;   47,66
674,33 ; 299,99 ;   7,180027 ;   41,00
676,33 ; 299,95 ;   8,074263 ;   46,90
678,34 ; 300,03 ;   8,410117 ;   48,91
680,34 ; 300,06 ;   6,662288 ;   38,62
682,34 ; 299,96 ;   7,356570 ;   42,46
684,34 ; 300,01 ;   9,109109 ;   52,84
686,34 ; 300,04 ;   7,179754 ;   41,62
688,34 ; 300,02 ;   7,360514 ;   42,60
690,34 ; 300,02 ;   8,058093 ;   46,76
692,34 ; 300,01 ;   7,874850 ;   45,03
694,34 ; 300,04 ;   7,896186 ;   45,65
696,35 ; 300,04 ;   7,358341 ;   42,59
698,35 ; 299,96 ;   7,720810 ;   44,89
700,35 ; 300,04 ;   8,928736 ;   51,11
702,35 ; 300,02 ;   6,839674 ;   39,12
704,35 ; 299,99 ;   8,051565 ;   46,75
706,35 ; 300,02 ;   8,073376 ;   46,88
708,35 ; 299,99 ;   7,535783 ;   43,29
710,35 ; 300,04 ;   8,054913 ;   46,88
712,35 ; 300,01 ;   7,177616 ;   41,42
714,35 ; 300,10 ;   8,252628 ;   47,37
716,36 ; 299,98 ;   6,499989 ;   37,59
718,36 ; 299,98 ;   9,290043 ;   53,83
720,36 ; 300,03 ;   7,896600 ;   45,19
722,36 ; 299,99 ;   7,179318 ;   41,46
724,36 ; 299,41 ;   8,411991 ;   48,02
726,36 ; 297,38 ;   15,933905 ;   91,15
728,36 ; 294,70 ;   21,617799 ;  125,00
730,36 ; 292,00 ;   21,664721 ;  125,00
732,36 ; 289,52 ;   21,658346 ;  125,00
734,37 ; 287,38 ;   21,652476 ;  125,00
736,37 ; 285,61 ;   21,653414 ;  125,00
738,37 ; 284,18 ;   21,645921 ;  125,00
740,37 ; 283,01 ;   21,625787 ;  125,00
742,37 ; 282,21 ;   21,632833 ;  125,00
744,37 ; 281,53 ;   21,634478 ;  125,00
746,37 ; 281,13 ;   21,628974 ;  125,00
748,37 ; 280,95 ;   21,627031 ;  125,00
750,37 ; 281,00 ;   21,353327 ;  122,95
752,37 ; 281,24 ;   18,835906 ;  108,62
754,38 ; 281,52 ;   16,394819 ;   94,87
756,38 ; 282,08 ;   16,237272 ;   93,02
758,38 ; 282,64 ;   12,210069 ;   70,48
760,38 ; 283,33 ;   12,054293 ;   69,16
762,38 ; 284,05 ;   9,955276 ;   57,85
764,38 ; 284,88 ;   9,264540 ;   53,24
766,38 ; 285,66 ;   7,175989 ;   41,46
768,38 ; 286,42 ;   7,338847 ;   42,63
770,39 ; 287,27 ;   7,183027 ;   41,54
772,39 ; 287,95 ;   5,439762 ;   31,82
774,39 ; 288,66 ;   7,164609 ;   41,36
776,39 ; 289,28 ;   6,134235 ;   35,60
778,39 ; 290,01 ;   7,005524 ;   40,79
780,39 ; 290,61 ;   5,080711 ;   29,68
782,39 ; 291,07 ;   6,314364 ;   36,54
784,39 ; 291,60 ;   7,864308 ;   45,25
786,39 ; 292,05 ;   6,491304 ;   37,96
788,39 ; 292,42 ;   7,366533 ;   42,64
790,40 ; 292,85 ;   8,044309 ;   46,53
792,40 ; 293,24 ;   7,012303 ;   40,84
794,40 ; 293,59 ;   7,370550 ;   42,25
796,40 ; 293,80 ;   7,708171 ;   44,42
798,40 ; 294,17 ;   9,276770 ;   53,11
800,40 ; 294,42 ;   7,009542 ;   40,70
802,40 ; 294,61 ;   8,403831 ;   48,54
804,40 ; 294,82 ;   9,096226 ;   52,68
806,40 ; 295,09 ;   8,740272 ;   50,31
808,41 ; 295,29 ;   7,883638 ;   45,31
810,41 ; 295,51 ;   8,582586 ;   49,29
812,41 ; 295,73 ;   8,222699 ;   47,37
814,41 ; 295,89 ;   8,043629 ;   46,60
816,41 ; 296,05 ;   8,762082 ;   50,14
818,41 ; 296,34 ;   8,583074 ;   49,65
820,41 ; 296,41 ;   6,832013 ;   39,18
822,41 ; 296,59 ;   9,638273 ;   55,32
824,41 ; 296,85 ;   8,044354 ;   46,60
826,42 ; 296,97 ;   6,833016 ;   39,71
828,42 ; 297,20 ;   8,567824 ;   49,76
830,42 ; 297,31 ;   7,011737 ;   40,70
832,42 ; 297,49 ;   8,404538 ;   48,40
834,42 ; 297,61 ;   7,534506 ;   43,05
836,42 ; 297,78 ;   8,226652 ;   47,25
838,42 ; 297,86 ;   7,371744 ;   42,48
840,42 ; 297,98 ;   8,579498 ;   49,19
842,42 ; 298,11 ;   7,891706 ;   45,86
844,42 ; 298,31 ;   7,706883 ;   44,16
846,43 ; 298,38 ;   6,656550 ;   38,00
848,43 ; 298,52 ;   8,227099 ;   47,59
850,43 ; 298,62 ;   7,353724 ;   42,38
852,43 ; 298,76 ;   7,709954 ;   44,26
854,43 ; 298,82 ;   7,017067 ;   40,71
856,43 ; 298,93 ;   8,071502 ;   46,25
858,43 ; 298,96 ;   7,357243 ;   42,29
860,43 ; 299,01 ;   8,228245 ;   47,99
862,43 ; 299,10 ;   8,047159 ;   46,68
864,43 ; 299,12 ;   7,354847 ;   42,79
866,44 ; 299,23 ;   8,404820 ;   48,56
868,44 ; 299,35 ;   7,016276 ;   40,48
870,44 ; 299,39 ;   6,838090 ;   39,89
872,44 ; 299,44 ;   7,893484 ;   45,50
874,44 ; 299,50 ;   7,711899 ;   44,72
876,44 ; 299,57 ;   7,534304 ;   43,26
878,44 ; 299,59 ;   7,354091 ;   42,33
880,44 ; 299,66 ;   7,893075 ;   45,70
882,44 ; 299,76 ;   7,192897 ;   41,88
884,45 ; 299,67 ;   6,821872 ;   39,65
886,45 ; 299,72 ;   9,283016 ;   53,43
888,45 ; 299,76 ;   7,536332 ;   43,39
890,45 ; 299,76 ;   7,531126 ;   43,77
892,45 ; 299,87 ;   8,069052 ;   46,68
894,45 ; 299,87 ;   6,659061 ;   38,01
896,45 ; 299,94 ;   8,071675 ;   46,09
898,45 ; 299,92 ;   7,022640 ;   40,51
900,45 ; 299,94 ;   8,064399 ;   46,95
902,45 ; 299,91 ;   7,713741 ;   44,56
904,46 ; 299,89 ;   8,235519 ;   47,59
906,46 ; 300,02 ;   8,252549 ;   47,73
908,46 ; 300,02 ;   6,325239 ;   36,07
910,46 ; 300,01 ;   7,896870 ;   45,29
912,46 ; 299,96 ;   7,891003 ;   45,91
914,46 ; 300,02 ;   8,583827 ;   49,06
916,46 ; 300,14 ;   7,196276 ;   41,25
918,46 ; 300,08 ;   6,156260 ;   35,34
920,46 ; 300,05 ;   8,571172 ;   49,52
922,47 ; 300,09 ;   8,055629 ;   46,77
924,47 ; 300,06 ;   7,379118 ;   42,55
926,47 ; 300,17 ;   8,058093 ;   46,71
928,47 ; 300,09 ;   6,306775 ;   36,27
930,47 ; 300,16 ;   8,935027 ;   51,16
932,47 ; 300,16 ;   6,665341 ;   38,59
934,47 ; 300,18 ;   7,722632 ;   44,34
936,47 ; 300,12 ;   7,544504 ;   43,08
938,47 ; 300,24 ;   8,600633 ;   49,18
940,47 ; 300,17 ;   5,970225 ;   34,61
942,48 ; 300,20 ;   8,580840 ;   49,40
944,48 ; 300,20 ;   7,206234 ;   41,71
946,48 ; 300,20 ;   7,544810 ;   43,99
948,48 ; 300,14 ;   7,541839 ;   43,97
950,48 ; 300,20 ;   8,421850 ;   48,92
952,48 ; 300,14 ;   6,845537 ;   39,94
954,48 ; 300,22 ;   8,439121 ;   48,31
956,48 ; 300,23 ;   6,667191 ;   38,04
958,48 ; 300,22 ;   7,367928 ;   42,54
960,48 ; 300,14 ;   7,725883 ;   44,91
962,49 ; 300,18 ;   8,599624 ;   49,95
964,49 ; 300,20 ;   7,209997 ;   41,06
966,49 ; 300,20 ;   7,364153 ;   42,68
968,49 ; 300,20 ;   7,561915 ;   43,19
970,49 ; 300,23 ;   7,544826 ;   43,75
972,49 ; 300,17 ;   7,202655 ;   41,24
974,49 ; 300,24 ;   8,419878 ;   48,49
976,49 ; 300,14 ;   6,669822 ;   38,26
978,49 ; 300,18 ;   8,938495 ;   51,51
980,49 ; 300,15 ;   7,007854 ;   40,89
982,50 ; 300,06 ;   8,064581 ;   46,24
984,50 ; 300,17 ;   8,760763 ;   50,76
986,50 ; 300,14 ;   6,152717 ;   35,71
988,50 ; 300,20 ;   8,082409 ;   46,24
990,50 ; 300,17 ;   6,849912 ;   39,57
992,50 ; 300,16 ;   7,902135 ;   45,45
994,50 ; 300,17 ;   7,719137 ;   44,32
996,50 ; 300,20 ;   7,544340 ;   43,11
998,50 ; 300,08 ;   7,186569 ;   41,18
1000,50 ; 300,12 ;   9,297827 ;   53,41
1002,51 ; 300,13 ;   7,202647 ;   41,07
1004,51 ; 300,16 ;   7,545865 ;   43,32
1006,51 ; 300,17 ;   7,026551 ;   40,77
1008,51 ; 300,17 ;   7,545252 ;   43,01
1010,51 ; 300,24 ;   7,546442 ;   43,57
1012,51 ; 300,26 ;   6,489089 ;   37,96
1014,51 ; 300,17 ;   7,186323 ;   41,87
1016,51 ; 300,09 ;   8,604080 ;   49,84
1018,51 ; 300,18 ;   8,779726 ;   50,32
1020,52 ; 300,09 ;   6,327883 ;   36,50
1022,52 ; 300,13 ;   8,780921 ;   50,87
1024,52 ; 300,15 ;   7,011627 ;   40,83
1026,52 ; 300,17 ;   7,207954 ;   41,83
1028,52 ; 300,09 ;   7,210082 ;   41,68
1030,52 ; 300,13 ;   8,781009 ;   50,23
1032,52 ; 300,15 ;   7,028720 ;   40,77
1034,52 ; 300,09 ;   7,204329 ;   41,77
1036,52 ; 300,14 ;   8,420682 ;   48,46
1038,52 ; 300,09 ;   6,849959 ;   39,49
1040,53 ; 300,10 ;   8,245049 ;   47,86
1042,53 ; 300,06 ;   7,371361 ;   42,57
1044,53 ; 299,97 ;   8,066412 ;   46,82
1046,53 ; 300,04 ;   8,938390 ;   51,39
1048,53 ; 300,06 ;   6,669438 ;   38,88
1050,53 ; 300,02 ;   7,386875 ;   42,20
1052,53 ; 300,06 ;   8,241420 ;   47,66
1054,53 ; 300,03 ;   7,025052 ;   40,46
1056,53 ; 300,06 ;   8,061905 ;   46,40
1058,53 ; 300,10 ;   7,209137 ;   41,61
1060,54 ; 300,03 ;   7,023177 ;   40,80
1062,54 ; 300,02 ;   8,603588 ;   49,26
1064,54 ; 300,05 ;   7,886094 ;   45,32
1066,54 ; 300,02 ;   7,208360 ;   41,05
1068,54 ; 300,02 ;   8,243267 ;   47,04
1070,54 ; 299,99 ;   7,724727 ;   44,15
1072,54 ; 300,08 ;   8,061616 ;   46,02
1074,54 ; 300,12 ;   6,491868 ;   37,45
1076,54 ; 300,13 ;   7,028898 ;   40,67
1078,54 ; 300,09 ;   7,369808 ;   42,92
1080,55 ; 300,03 ;   8,083735 ;   46,59
1082,55 ; 300,09 ;   8,421975 ;   48,06
1084,55 ; 300,09 ;   6,848424 ;   39,66
1086,55 ; 300,02 ;   7,549931 ;   43,69
1088,55 ; 300,10 ;   8,602846 ;   49,28
1090,55 ; 300,02 ;   6,515085 ;   37,24
1092,55 ; 300,06 ;   8,780824 ;   50,42
1094,55 ; 300,01 ;   7,029580 ;   40,34
1096,55 ; 300,05 ;   8,426931 ;   48,14
1098,55 ; 300,06 ;   7,025300 ;   40,38
1100,56 ; 300,01 ;   7,546778 ;   43,21
1102,56 ; 300,02 ;   8,423192 ;   48,13
1104,56 ; 300,05 ;   7,546809 ;   43,47
1106,56 ; 300,04 ;   7,027077 ;   40,94
1108,56 ; 299,99 ;   7,903112 ;   45,06
1110,56 ; 299,99 ;   8,244125 ;   47,63
1112,56 ; 300,03 ;   7,722746 ;   44,18
1114,56 ; 300,01 ;   7,207820 ;   41,07
1116,56 ; 300,09 ;   7,907640 ;   45,81
1118,57 ; 300,03 ;   6,492853 ;   37,86
1120,57 ; 300,01 ;   8,248008 ;   47,97
1122,57 ; 300,03 ;   7,906992 ;   45,80
1124,57 ; 299,98 ;   7,366296 ;   42,20
1126,57 ; 300,06 ;   8,248334 ;   47,66
1128,57 ; 300,05 ;   6,491233 ;   37,98
1130,57 ; 300,01 ;   7,726324 ;   44,36
1132,57 ; 300,02 ;   8,248029 ;   47,51
1134,57 ; 300,02 ;   7,550080 ;   43,43
1136,57 ; 300,13 ;   7,724494 ;   44,01
1138,57 ; 299,97 ;   6,136489 ;   35,30
1140,58 ; 300,05 ;   9,654697 ;   55,79
1142,58 ; 300,06 ;   6,490073 ;   37,43
1144,58 ; 299,99 ;   7,549302 ;   43,14
1146,58 ; 300,05 ;   8,600082 ;   49,31
1148,58 ; 300,02 ;   6,852637 ;   39,15
1150,58 ; 300,04 ;   8,086948 ;   46,86
1152,58 ; 300,04 ;   7,368070 ;   42,11
1154,58 ; 299,94 ;   7,548401 ;   43,83
1156,58 ; 300,03 ;   8,964097 ;   51,91
1158,59 ; 300,01 ;   6,333816 ;   36,96
1160,59 ; 299,99 ;   7,908497 ;   45,74
1162,59 ; 300,03 ;   7,902537 ;   45,26
1164,59 ; 300,02 ;   7,031417 ;   41,00
1166,59 ; 300,03 ;   7,908293 ;   45,12
1168,59 ; 299,98 ;   7,367695 ;   42,72
1170,59 ; 300,05 ;   8,263204 ;   47,60
1172,59 ; 299,95 ;   6,672646 ;   38,54
1174,59 ; 299,98 ;   9,118286 ;   52,44
1176,59 ; 299,98 ;   7,209191 ;   41,26
1178,60 ; 300,02 ;   7,729744 ;   44,14
1180,60 ; 299,98 ;   7,204741 ;   41,66
1182,60 ; 299,98 ;   8,068650 ;   46,45
1184,60 ; 299,97 ;   7,728251 ;   44,15
1186,60 ; 300,02 ;   7,901918 ;   45,39
1188,60 ; 300,03 ;   7,031689 ;   40,51
1190,60 ; 299,98 ;   7,388672 ;   42,73
1192,60 ; 300,04 ;   8,245197 ;   47,61
1194,60 ; 299,90 ;   6,852072 ;   39,80
1196,60 ; 300,04 ;   9,657308 ;   55,02
1198,61 ; 299,94 ;   5,797582 ;   33,46
1200,61 ; 299,98 ;   8,944388 ;   51,92
1202,61 ; 300,01 ;   7,030532 ;   40,70
1204,61 ; 299,96 ;   7,386950 ;   42,29
1206,61 ; 299,98 ;   8,243879 ;   47,75
1208,61 ; 299,96 ;   7,366663 ;   42,43
1210,61 ; 300,02 ;   8,087898 ;   46,03
1212,61 ; 299,94 ;   6,849677 ;   39,95
1214,61 ; 299,96 ;   8,779526 ;   50,20
1216,61 ; 299,89 ;   7,368356 ;   42,58
1218,62 ; 300,01 ;   8,603191 ;   49,91
1220,62 ; 299,95 ;   6,149382 ;   35,41
1222,62 ; 299,96 ;   8,605458 ;   49,03
1224,62 ; 299,98 ;   7,544231 ;   43,18
1226,62 ; 300,08 ;   7,366844 ;   42,47
1228,62 ; 299,99 ;   6,333974 ;   36,74
1230,62 ; 300,02 ;   8,765195 ;   50,49
1232,62 ; 299,96 ;   7,372407 ;   42,28
1234,62 ; 299,97 ;   8,424843 ;   48,36
1236,62 ; 299,92 ;   7,548263 ;   43,71
1238,63 ; 300,03 ;   8,421005 ;   48,02
1240,63 ; 300,02 ;   6,150944 ;   35,87
1242,63 ; 300,01 ;   7,910250 ;   45,18
1244,63 ; 300,04 ;   7,725102 ;   44,64
1246,63 ; 300,01 ;   7,189220 ;   41,58
1248,63 ; 300,01 ;   8,086281 ;   46,37
1250,63 ; 300,01 ;   7,711111 ;   44,06
1252,63 ; 299,98 ;   7,727528 ;   44,06
1254,63 ; 299,98 ;   7,909635 ;   45,92
1256,64 ; 300,03 ;   7,724355 ;   44,20
1258,64 ; 299,96 ;   7,028371 ;   40,47
1260,64 ; 299,96 ;   8,584281 ;   49,52
1262,64 ; 300,02 ;   7,726607 ;   44,33
1264,64 ; 299,98 ;   6,850011 ;   39,99
1266,64 ; 300,01 ;   8,085224 ;   46,51
1268,64 ; 299,98 ;   7,388961 ;   42,34
1270,64 ; 299,97 ;   7,886152 ;   45,93
1272,64 ; 299,99 ;   7,907385 ;   45,45
1274,64 ; 300,03 ;   7,370298 ;   42,43
1276,64 ; 300,03 ;   7,211364 ;   41,05
1278,65 ; 300,02 ;   7,545141 ;   43,93
1280,65 ; 300,09 ;   7,909575 ;   45,17
1282,65 ; 299,91 ;   6,671209 ;   38,42
1284,65 ; 299,98 ;   10,016223 ;   57,28
1286,65 ; 299,96 ;   6,849168 ;   39,01
1288,65 ; 299,97 ;   8,063840 ;   46,07
1290,65 ; 300,02 ;   7,547784 ;   43,72
1292,65 ; 300,04 ;   7,030877 ;   40,57
1294,65 ; 299,95 ;   7,370566 ;   42,16
1296,66 ; 300,02 ;   8,958335 ;   51,35
1298,66 ; 299,96 ;   6,670018 ;   38,84
1300,66 ; 300,03 ;   8,442045 ;   48,38
1302,66 ; 300,01 ;   6,673548 ;   38,75
1304,66 ; 299,99 ;   7,885446 ;   45,80
1306,66 ; 299,96 ;   7,908414 ;   45,32
1308,66 ; 299,98 ;   8,063199 ;   46,65
1310,66 ; 299,99 ;   7,386155 ;   42,48
1312,66 ; 299,98 ;   7,547159 ;   43,59
1314,66 ; 299,98 ;   7,727631 ;   44,79
1316,67 ; 300,06 ;   7,724143 ;   44,22
1318,67 ; 299,97 ;   6,671121 ;   38,00
1320,67 ; 299,99 ;   8,960515 ;   51,22
1322,67 ; 300,01 ;   7,387226 ;   42,44
1324,67 ; 300,01 ;   7,370573 ;   42,93
1326,67 ; 299,94 ;   7,726331 ;   44,08
1328,67 ; 299,99 ;   8,585926 ;   49,67
1330,67 ; 300,02 ;   7,027214 ;   40,14
1332,67 ; 299,98 ;   7,368799 ;   42,31
1334,67 ; 299,97 ;   8,088465 ;   46,53
1336,68 ; 299,98 ;   7,886348 ;   45,47
1338,68 ; 299,99 ;   7,548143 ;   43,07
1340,68 ; 300,02 ;   7,548463 ;   43,61
1342,68 ; 300,03 ;   7,368474 ;   42,32
1344,68 ; 299,97 ;   7,387346 ;   42,80
1346,68 ; 300,03 ;   8,424725 ;   48,93
1348,68 ; 300,02 ;   6,835437 ;   39,34
1350,68 ; 299,95 ;   7,902463 ;   45,20
1352,68 ; 299,97 ;   8,588234 ;   49,64
1354,69 ; 300,02 ;   7,369659 ;   42,59
1356,69 ; 300,02 ;   7,034970 ;   40,59
1358,69 ; 300,05 ;   7,728404 ;   44,05
1360,69 ; 300,02 ;   7,011415 ;   40,94
1362,69 ; 300,06 ;   8,066518 ;   46,92
1364,69 ; 299,95 ;   7,029075 ;   40,31
1366,69 ; 299,92 ;   9,303246 ;   53,09
1368,69 ; 299,95 ;   8,070434 ;   46,31
1370,69 ; 300,02 ;   7,370566 ;   42,72
1372,69 ; 299,97 ;   6,671164 ;   38,86
1374,69 ; 300,03 ;   8,248434 ;   47,78
1376,70 ; 299,98 ;   6,833460 ;   39,35
1378,70 ; 299,92 ;   8,248520 ;   47,69
1380,70 ; 300,08 ;   8,598561 ;   49,21
1382,70 ; 299,98 ;   5,633247 ;   32,17
1384,70 ; 300,02 ;   8,962701 ;   51,15
1386,70 ; 300,02 ;   7,211737 ;   41,75
1388,70 ; 299,97 ;   7,727574 ;   44,05
1390,70 ; 300,01 ;   8,247793 ;   47,78
1392,70 ; 300,02 ;   7,189806 ;   41,22
1394,70 ; 299,97 ;   7,548548 ;   43,48
1396,71 ; 300,01 ;   8,246065 ;   47,78
1398,71 ; 299,98 ;   7,189755 ;   41,22
1400,71 ; 299,99 ;   7,910860 ;   45,96
1402,71 ; 300,05 ;   7,549446 ;   43,62
1404,71 ; 299,98 ;   6,849689 ;   39,22
1406,71 ; 300,03 ;   8,603443 ;   49,42
1408,71 ; 299,96 ;   7,010734 ;   40,50
1410,71 ; 299,99 ;   8,587255 ;   49,56
1412,71 ; 300,03 ;   7,189028 ;   41,88
1414,72 ; 299,96 ;   7,187859 ;   41,08
1416,72 ; 299,95 ;   8,606778 ;   49,55
1418,72 ; 299,91 ;   7,903657 ;   45,62
1420,72 ; 299,99 ;   8,087147 ;   46,96
1422,72 ; 299,96 ;   6,671129 ;   38,44
1424,72 ; 299,99 ;   8,083641 ;   46,69
1426,72 ; 299,96 ;   7,208136 ;   41,90
1428,72 ; 299,94 ;   8,084470 ;   46,70
1430,72 ; 299,97 ;   8,086218 ;   46,26
1432,72 ; 299,97 ;   7,372076 ;   42,05
1434,72 ; 299,92 ;   7,726106 ;   44,36
1436,73 ; 299,98 ;   8,423378 ;   48,09
1438,73 ; 299,95 ;   6,851012 ;   39,67
1440,73 ; 300,01 ;   8,245342 ;   47,39
1442,73 ; 299,99 ;   6,847894 ;   39,54
1444,73 ; 300,13 ;   7,907446 ;   45,40
1446,73 ; 299,99 ;   5,796456 ;   33,68
1448,73 ; 299,98 ;   9,460991 ;   54,03
1450,73 ; 299,97 ;   7,725819 ;   44,86
1452,73 ; 300,03 ;   7,888527 ;   45,52
1454,74 ; 299,96 ;   6,849582 ;   39,40
1456,74 ; 300,02 ;   8,603271 ;   49,60
1458,74 ; 300,04 ;   7,026884 ;   40,07
1460,74 ; 300,10 ;   7,386533 ;   42,24
1462,74 ; 299,97 ;   6,672265 ;   38,99
1464,74 ; 300,02 ;   9,478882 ;   54,16
1466,74 ; 299,98 ;   7,030469 ;   40,63
1468,74 ; 299,95 ;   8,064540 ;   46,58
1470,74 ; 299,95 ;   8,262200 ;   47,38
1472,74 ; 299,92 ;   7,729880 ;   44,50
1474,75 ; 299,95 ;   8,064512 ;   46,38
1476,75 ; 299,99 ;   7,371395 ;   42,79
1478,75 ; 299,97 ;   7,029787 ;   40,79
1480,75 ; 300,01 ;   8,085593 ;   46,12
1482,75 ; 299,92 ;   7,193935 ;   41,28
1484,75 ; 299,96 ;   8,940828 ;   51,01
1486,75 ; 300,03 ;   7,187309 ;   41,56
1488,75 ; 300,05 ;   6,671256 ;   38,85
1490,75 ; 300,01 ;   7,371914 ;   42,17
1492,75 ; 300,04 ;   8,263437 ;   47,63
1494,76 ; 299,94 ;   7,188280 ;   41,68
1496,76 ; 299,99 ;   9,142253 ;   52,07
1498,76 ; 300,02 ;   7,028323 ;   40,22
1500,76 ; 300,02 ;   7,367622 ;   42,40
1502,76 ; 300,10 ;   7,726859 ;   44,12
1504,76 ; 299,96 ;   6,494826 ;   37,29
1506,76 ; 299,99 ;   9,482066 ;   54,81
1508,76 ; 300,02 ;   7,208755 ;   41,94
1510,76 ; 299,91 ;   7,365490 ;   42,39
1512,76 ; 300,01 ;   9,137032 ;   52,20
1514,77 ; 300,05 ;   6,511422 ;   37,25
1516,77 ; 300,02 ;   7,026846 ;   40,44
1518,77 ; 300,03 ;   8,086351 ;   47,00
1520,77 ; 299,95 ;   7,386908 ;   42,87
1522,77 ; 299,92 ;   8,776339 ;   50,86
1524,77 ; 299,99 ;   8,085048 ;   46,39
1526,77 ; 299,99 ;   6,849552 ;   39,07
1528,77 ; 299,92 ;   7,724441 ;   44,26
1530,77 ; 300,03 ;   8,585418 ;   49,86
1532,77 ; 300,04 ;   6,149848 ;   35,97
1534,78 ; 300,03 ;   7,547404 ;   43,42
1536,78 ; 299,98 ;   7,724504 ;   44,62
1538,78 ; 299,97 ;   8,262157 ;   47,77
1540,78 ; 300,04 ;   7,908611 ;   45,55
1542,78 ; 300,02 ;   6,669935 ;   38,81
1544,78 ; 299,97 ;   7,907264 ;   45,86
1546,78 ; 299,99 ;   8,244342 ;   47,86
1548,78 ; 300,01 ;   7,366068 ;   42,53
1550,78 ; 299,96 ;   7,550203 ;   43,02
1552,78 ; 299,99 ;   8,244921 ;   47,90
1554,79 ; 300,01 ;   7,189939 ;   41,96
1556,79 ; 299,95 ;   7,548880 ;   43,03
1558,79 ; 300,04 ;   8,603529 ;   49,15
1560,79 ; 299,99 ;   6,489722 ;   37,08
1562,79 ; 300,03 ;   8,246657 ;   47,73
1564,79 ; 300,03 ;   7,206220 ;   41,16
1566,79 ; 299,98 ;   7,724676 ;   44,04
1568,79 ; 299,94 ;   8,247592 ;   47,77
1570,79 ; 299,97 ;   8,420884 ;   48,04
1572,79 ; 299,96 ;   7,367005 ;   42,10
1574,80 ; 299,96 ;   7,902533 ;   45,03
1576,80 ; 299,92 ;   7,707070 ;   44,46
1578,80 ; 299,95 ;   8,262303 ;   47,57
1580,80 ; 299,94 ;   7,368765 ;   42,83
1582,80 ; 299,96 ;   7,901101 ;   45,19
1584,80 ; 300,06 ;   7,385723 ;   42,76
1586,80 ; 299,96 ;   6,326165 ;   36,41
1588,80 ; 299,98 ;   8,960790 ;   51,98
1590,80 ; 300,03 ;   7,367412 ;   42,62
1592,81 ; 299,97 ;   7,027948 ;   40,62
1594,81 ; 299,91 ;   8,602495 ;   49,05
1596,81 ; 299,95 ;   8,422938 ;   48,80
1598,81 ; 299,91 ;   7,370862 ;   42,28
1600,81 ; 299,98 ;   8,243387 ;   47,08
1602,81 ; 300,04 ;   6,847433 ;   39,19
1604,81 ; 299,99 ;   7,025561 ;   40,03
1606,81 ; 300,01 ;   8,243530 ;   47,79
1608,81 ; 300,03 ;   7,546332 ;   43,09
1610,81 ; 300,04 ;   7,370254 ;   42,38
1612,82 ; 299,99 ;   7,546289 ;   43,48
1614,82 ; 299,98 ;   8,243731 ;   47,78
1616,82 ; 300,04 ;   7,723877 ;   44,95
1618,82 ; 299,95 ;   7,028637 ;   40,02
1620,82 ; 300,02 ;   8,941152 ;   51,51
1622,82 ; 300,05 ;   6,851747 ;   39,00
1624,82 ; 300,06 ;   7,186841 ;   41,08
1626,82 ; 300,03 ;   7,545153 ;   43,34
1628,82 ; 300,02 ;   8,064207 ;   46,39
1630,82 ; 299,98 ;   7,901483 ;   45,33
1632,83 ; 299,94 ;   8,064804 ;   46,66
1634,83 ; 300,03 ;   8,421472 ;   48,09
1636,83 ; 300,02 ;   6,511314 ;   37,18
1638,83 ; 300,01 ;   7,903314 ;   45,33
1640,83 ; 299,89 ;   7,725581 ;   44,80
1642,83 ; 299,97 ;   9,296203 ;   53,55
1644,83 ; 299,99 ;   6,668261 ;   38,69
1646,83 ; 300,09 ;   7,386159 ;   42,60
1648,83 ; 300,04 ;   6,312300 ;   36,87
1650,83 ; 300,01 ;   8,241173 ;   47,51
1652,84 ; 299,98 ;   8,061052 ;   46,53
1654,84 ; 300,05 ;   8,082193 ;   46,09
1656,84 ; 299,97 ;   6,669770 ;   38,76
1658,84 ; 300,04 ;   8,780566 ;   50,79
1660,84 ; 300,01 ;   6,670284 ;   38,85
1662,84 ; 299,99 ;   8,059428 ;   46,52
1664,84 ; 300,04 ;   7,904042 ;   45,46
1666,84 ; 300,06 ;   7,027967 ;   40,58
1668,84 ; 300,02 ;   7,362899 ;   42,17
1670,85 ; 300,12 ;   8,244095 ;   47,62
1672,85 ; 299,96 ;   6,330187 ;   36,08
1674,85 ; 299,99 ;   9,658107 ;   55,99
1676,85 ; 300,04 ;   7,186654 ;   41,98
1678,85 ; 299,99 ;   7,026998 ;   40,56
1680,85 ; 300,02 ;   8,261221 ;   47,74
1682,85 ; 300,02 ;   7,385375 ;   42,42
1684,85 ; 299,99 ;   7,721988 ;   44,15
1686,85 ; 300,01 ;   8,064392 ;   46,01
1688,85 ; 300,03 ;   7,542799 ;   43,04
1690,86 ; 299,92 ;   7,383399 ;   42,33
1692,86 ; 299,98 ;   9,116203 ;   52,76
1694,86 ; 300,03 ;   6,846303 ;   39,72
1696,86 ; 300,01 ;   7,026961 ;   40,60
1698,86 ; 299,98 ;   7,898242 ;   45,92
1700,86 ; 299,92 ;   8,065477 ;   46,06
1702,86 ; 299,97 ;   8,597325 ;   49,30
1704,86 ; 299,98 ;   7,027710 ;   40,97
1706,86 ; 299,95 ;   7,546892 ;   43,19
1708,86 ; 299,94 ;   8,257879 ;   47,45
1710,87 ; 299,94 ;   7,902283 ;   45,20
1712,87 ; 299,98 ;   7,722107 ;   44,63
1714,87 ; 299,96 ;   7,031941 ;   40,91
1716,87 ; 300,01 ;   8,061430 ;   46,23
1718,87 ; 299,98 ;   7,029230 ;   40,78
1720,87 ; 300,01 ;   8,084364 ;   46,10
1722,87 ; 300,03 ;   7,364831 ;   42,50
1724,87 ; 299,97 ;   7,367535 ;   42,37
1726,87 ; 300,03 ;   8,579547 ;   49,07
1728,87 ; 299,92 ;   6,848897 ;   39,49
1730,88 ; 300,01 ;   9,138671 ;   52,80
1732,88 ; 300,04 ;   6,489475 ;   37,90
1734,88 ; 300,05 ;   7,186458 ;   41,75
1736,88 ; 299,98 ;   7,367347 ;   42,81
1738,88 ; 299,96 ;   8,600083 ;   49,55
1740,88 ; 300,01 ;   8,086450 ;   46,23
1742,88 ; 299,98 ;   7,007437 ;   40,77
1744,88 ; 299,97 ;   8,062816 ;   46,10
1746,88 ; 299,98 ;   7,906192 ;   45,61
1748,89 ; 299,97 ;   7,548780 ;   43,22
1750,89 ; 299,94 ;   7,887971 ;   45,62
1752,89 ; 299,92 ;   8,063738 ;   46,96
1754,89 ; 299,98 ;   7,907936 ;   45,90
1756,89 ; 300,03 ;   6,847411 ;   39,78
1758,89 ; 299,99 ;   7,027418 ;   40,66
1760,89 ; 300,06 ;   8,247356 ;   47,23
1762,89 ; 299,92 ;   6,670436 ;   38,75
1764,89 ; 299,97 ;   9,655994 ;   55,12
1766,89 ; 299,99 ;   7,206838 ;   41,02
1768,90 ; 299,94 ;   7,367629 ;   42,62
1770,90 ; 300,04 ;   8,418950 ;   48,71
1772,90 ; 299,97 ;   6,330077 ;   36,59
1774,90 ; 299,98 ;   8,597704 ;   49,68
1776,90 ; 299,94 ;   7,547815 ;   43,25
1778,90 ; 300,04 ;   8,424820 ;   48,14
1780,90 ; 299,95 ;   6,311850 ;   36,60
1782,90 ; 300,01 ;   8,940140 ;   51,55
1784,90 ; 300,04 ;   6,848707 ;   39,67
1786,90 ; 300,01 ;   7,205931 ;   41,79
1788,91 ; 300,01 ;   8,079579 ;   46,58
1790,91 ; 299,97 ;   7,724193 ;   44,27
1792,91 ; 300,09 ;   8,261484 ;   47,38
1794,91 ; 300,03 ;   6,132790 ;   35,17
1796,91 ; 299,96 ;   8,421478 ;   48,17
1798,91 ; 300,02 ;   8,600799 ;   49,72
1800,91 ; 299,97 ;   7,025612 ;   40,19
1802,91 ; 300,05 ;   8,243021 ;   47,95
1804,91 ; 300,03 ;   6,492092 ;   37,66
1806,91 ; 300,03 ;   7,902664 ;   45,86
1808,92 ; 300,01 ;   7,723290 ;   44,12
1810,92 ; 299,99 ;   7,888229 ;   45,99
1812,92 ; 300,04 ;   7,903367 ;   45,50
1814,92 ; 299,97 ;   7,008829 ;   40,62
1816,92 ; 299,99 ;   8,596165 ;   49,67
1818,92 ; 300,01 ;   7,385294 ;   42,62
1820,92 ; 299,97 ;   7,547383 ;   43,10
1822,92 ; 299,98 ;   8,245376 ;   47,36
1824,92 ; 299,95 ;   7,546918 ;   43,24
1826,93 ; 299,95 ;   8,244659 ;   47,51
1828,93 ; 299,91 ;   7,721948 ;   44,63
1830,93 ; 300,10 ;   8,242340 ;   47,12
1832,93 ; 299,92 ;   5,097452 ;   29,90
1834,93 ; 300,03 ;   10,169336 ;   58,03
1836,93 ; 299,98 ;   6,326538 ;   36,07
1838,93 ; 300,05 ;   8,241005 ;   47,87
1840,93 ; 299,97 ;   6,664708 ;   38,82
1842,93 ; 299,92 ;   8,706550 ;   50,84
1844,93 ; 300,04 ;   8,420937 ;   48,23
1846,94 ; 299,95 ;   6,147408 ;   35,45
1848,94 ; 299,98 ;   8,955612 ;   51,56
1850,94 ; 300,08 ;   7,203597 ;   41,54
1852,94 ; 299,95 ;   6,311381 ;   36,96
1854,94 ; 299,99 ;   9,474222 ;   54,44
1856,94 ; 300,01 ;   7,021149 ;   40,92
1858,94 ; 299,96 ;   7,544440 ;   43,13
1860,94 ; 300,01 ;   8,418797 ;   48,02
1862,94 ; 299,99 ;   7,031122 ;   40,83
1864,94 ; 299,95 ;   7,899177 ;   45,53
1866,95 ; 300,03 ;   8,436622 ;   48,11
1868,95 ; 300,01 ;   6,509702 ;   37,82
1870,95 ; 300,03 ;   8,078131 ;   46,02
1872,95 ; 300,03 ;   7,385275 ;   42,43
1874,95 ; 299,91 ;   7,723588 ;   44,15
1876,95 ; 299,99 ;   9,294870 ;   53,48
1878,95 ; 299,99 ;   6,687058 ;   38,62
1880,95 ; 300,02 ;   7,723416 ;   44,38
1882,95 ; 299,95 ;   7,365034 ;   42,52
1884,95 ; 299,96 ;   8,600718 ;   49,85
1886,96 ; 299,97 ;   7,544108 ;   43,42
1888,96 ; 299,99 ;   7,540095 ;   43,95
1890,96 ; 299,95 ;   7,366266 ;   42,67
