Tempo total (s) ;Temperatura (ºC) ; Potencia atual (W) ; Saida
P:   5.40 I: 120.00 D:  30.00 Tensão:6.669 V Temperatura ambiente:     24.22ºC
2,00 ; 250,08 ;   6,867276 ;   39,20
4,00 ; 250,00 ;   4,409397 ;   25,24
6,00 ; 250,02 ;   7,385567 ;   42,10
8,00 ; 250,02 ;   6,005965 ;   34,43
10,01 ; 249,97 ;   6,163379 ;   35,02
12,01 ; 249,95 ;   7,026317 ;   40,38
14,01 ; 249,97 ;   6,505552 ;   37,30
16,01 ; 250,00 ;   5,988510 ;   34,69
18,01 ; 249,91 ;   5,808457 ;   33,26
20,01 ; 249,95 ;   7,567267 ;   43,22
22,01 ; 249,95 ;   5,805437 ;   33,56
24,02 ; 250,05 ;   6,171416 ;   35,42
26,02 ; 250,09 ;   4,767162 ;   27,96
28,02 ; 249,99 ;   5,645986 ;   32,17
30,02 ; 250,02 ;   7,567826 ;   43,42
32,02 ; 250,08 ;   5,810951 ;   33,81
34,02 ; 249,99 ;   5,286927 ;   30,30
36,02 ; 249,89 ;   7,407775 ;   42,78
38,02 ; 249,98 ;   7,745418 ;   44,60
40,03 ; 249,95 ;   4,949195 ;   28,97
42,03 ; 250,00 ;   6,525054 ;   37,95
44,03 ; 249,98 ;   5,649205 ;   32,01
46,03 ; 250,06 ;   6,526569 ;   37,83
48,03 ; 250,06 ;   4,930636 ;   28,50
50,03 ; 249,95 ;   6,168190 ;   35,45
52,03 ; 249,98 ;   7,743407 ;   44,90
54,03 ; 250,02 ;   6,008233 ;   34,03
56,04 ; 250,02 ;   5,452490 ;   31,87
58,04 ; 249,91 ;   6,151657 ;   35,67
60,04 ; 250,02 ;   7,924659 ;   45,12
62,04 ; 250,02 ;   4,771308 ;   27,49
64,04 ; 250,00 ;   6,165781 ;   35,71
66,04 ; 250,02 ;   6,507893 ;   37,06
68,04 ; 249,95 ;   5,809486 ;   33,77
70,05 ; 250,02 ;   7,208801 ;   41,74
72,05 ; 250,02 ;   5,111531 ;   29,98
74,05 ; 249,98 ;   6,348891 ;   36,34
76,05 ; 250,00 ;   6,865825 ;   39,09
78,05 ; 249,95 ;   5,830092 ;   33,90
80,05 ; 249,98 ;   7,045926 ;   40,52
82,05 ; 250,02 ;   5,830414 ;   33,40
84,05 ; 250,04 ;   5,468944 ;   31,88
86,06 ; 250,08 ;   5,986549 ;   34,32
88,06 ; 250,00 ;   5,651515 ;   32,21
90,06 ; 250,02 ;   7,409071 ;   42,12
92,06 ; 249,98 ;   5,988657 ;   34,44
94,06 ; 250,00 ;   6,869026 ;   39,08
96,06 ; 249,95 ;   5,811514 ;   33,90
98,06 ; 250,04 ;   7,050983 ;   40,52
100,07 ; 249,95 ;   4,767470 ;   28,00
102,07 ; 249,97 ;   7,587289 ;   43,01
104,07 ; 249,98 ;   5,991463 ;   34,71
106,07 ; 249,98 ;   6,169435 ;   35,30
108,07 ; 250,10 ;   6,169834 ;   35,93
110,07 ; 250,06 ;   4,410516 ;   25,13
112,07 ; 250,00 ;   6,691579 ;   38,62
114,07 ; 250,10 ;   7,047953 ;   40,85
116,08 ; 250,04 ;   4,773953 ;   27,01
118,08 ; 249,97 ;   7,051106 ;   40,63
120,08 ; 249,99 ;   7,228412 ;   41,64
122,08 ; 249,95 ;   5,810963 ;   33,93
124,08 ; 250,02 ;   6,870393 ;   39,20
126,08 ; 250,00 ;   5,131413 ;   29,97
128,08 ; 250,05 ;   6,525442 ;   37,68
130,08 ; 249,95 ;   5,453967 ;   31,73
132,09 ; 250,05 ;   7,566708 ;   43,63
134,09 ; 250,05 ;   4,772253 ;   27,94
136,09 ; 250,08 ;   6,152830 ;   35,52
138,09 ; 250,02 ;   5,653465 ;   32,82
140,09 ; 250,04 ;   7,050208 ;   40,74
142,09 ; 250,10 ;   5,809599 ;   33,66
144,09 ; 250,06 ;   5,292503 ;   30,15
146,10 ; 250,02 ;   6,690990 ;   38,57
148,10 ; 249,98 ;   6,866131 ;   39,46
150,10 ; 249,98 ;   6,869906 ;   39,04
152,10 ; 249,97 ;   6,170579 ;   35,88
154,10 ; 249,98 ;   6,350789 ;   36,56
156,10 ; 249,98 ;   6,167510 ;   35,25
158,10 ; 249,95 ;   6,151165 ;   35,89
160,10 ; 249,91 ;   6,529782 ;   37,91
162,11 ; 249,98 ;   6,867354 ;   39,40
164,11 ; 249,91 ;   5,273465 ;   30,84
166,11 ; 249,97 ;   7,224522 ;   41,31
168,11 ; 249,99 ;   5,469872 ;   31,53
170,11 ; 250,00 ;   5,828811 ;   33,93
172,11 ; 250,00 ;   6,169652 ;   35,15
174,11 ; 249,91 ;   6,167563 ;   35,78
176,12 ; 250,00 ;   7,566783 ;   43,21
178,12 ; 250,08 ;   4,949379 ;   28,84
180,12 ; 249,95 ;   5,111320 ;   29,04
182,12 ; 250,08 ;   8,102851 ;   46,16
184,12 ; 250,05 ;   4,412452 ;   25,25
186,12 ; 250,06 ;   6,689742 ;   38,06
188,12 ; 250,00 ;   5,991549 ;   34,17
190,12 ; 249,99 ;   7,046081 ;   40,83
192,13 ; 250,05 ;   6,353381 ;   36,45
194,13 ; 249,98 ;   5,470782 ;   31,09
196,13 ; 250,00 ;   7,230764 ;   41,59
198,13 ; 249,99 ;   5,827906 ;   33,87
200,13 ; 250,04 ;   6,328019 ;   36,45
202,13 ; 250,06 ;   5,470643 ;   31,76
204,13 ; 249,97 ;   5,827806 ;   33,53
206,13 ; 250,00 ;   7,563488 ;   43,52
208,14 ; 250,04 ;   5,811302 ;   33,24
210,14 ; 250,06 ;   5,651502 ;   32,39
212,14 ; 250,04 ;   5,810670 ;   33,52
214,14 ; 249,95 ;   6,531514 ;   37,44
216,14 ; 250,00 ;   7,389790 ;   42,97
218,14 ; 250,05 ;   5,469933 ;   31,96
220,14 ; 249,97 ;   5,472474 ;   31,71
222,15 ; 250,02 ;   7,410959 ;   42,25
224,15 ; 250,04 ;   5,475434 ;   31,88
226,15 ; 249,98 ;   5,832326 ;   33,64
228,15 ; 249,98 ;   7,049975 ;   40,94
230,15 ; 249,95 ;   6,171576 ;   35,88
232,15 ; 250,00 ;   6,531016 ;   37,91
234,15 ; 249,98 ;   5,451527 ;   31,96
236,15 ; 249,95 ;   6,508566 ;   37,79
238,16 ; 249,91 ;   6,705660 ;   38,59
240,16 ; 250,02 ;   6,870366 ;   39,44
242,16 ; 250,08 ;   4,591455 ;   26,83
244,16 ; 249,95 ;   5,289628 ;   30,28
246,16 ; 250,02 ;   8,105420 ;   46,14
248,16 ; 250,08 ;   5,291800 ;   30,63
250,16 ; 249,95 ;   5,295024 ;   30,28
252,17 ; 249,97 ;   8,086859 ;   46,14
254,17 ; 250,02 ;   5,990129 ;   34,67
256,17 ; 250,00 ;   5,471379 ;   31,89
258,17 ; 250,02 ;   6,531675 ;   37,03
260,17 ; 249,95 ;   5,992574 ;   34,42
262,17 ; 249,98 ;   7,208578 ;   41,08
264,17 ; 250,08 ;   5,990281 ;   34,00
266,17 ; 250,05 ;   4,771672 ;   27,13
268,18 ; 250,08 ;   6,709433 ;   38,04
270,18 ; 250,06 ;   5,631714 ;   32,80
272,18 ; 250,06 ;   6,351391 ;   36,68
274,18 ; 250,05 ;   6,168279 ;   35,41
276,18 ; 250,05 ;   6,329647 ;   36,75
278,18 ; 250,06 ;   6,170841 ;   35,48
280,18 ; 250,02 ;   5,990694 ;   34,13
282,18 ; 250,06 ;   6,871612 ;   39,44
284,19 ; 250,02 ;   5,475253 ;   31,59
286,19 ; 249,95 ;   6,869407 ;   39,43
288,19 ; 249,98 ;   7,229460 ;   41,04
290,19 ; 249,99 ;   5,828732 ;   33,96
292,19 ; 250,04 ;   5,992218 ;   34,50
294,19 ; 249,98 ;   5,470974 ;   31,72
296,19 ; 249,95 ;   7,048111 ;   40,91
298,20 ; 250,00 ;   6,533026 ;   37,88
300,20 ; 250,08 ;   5,468795 ;   31,94
302,20 ; 250,02 ;   4,931084 ;   28,98
304,20 ; 249,98 ;   7,048552 ;   40,70
306,20 ; 250,00 ;   6,870226 ;   39,01
308,20 ; 249,98 ;   5,812999 ;   33,83
310,20 ; 250,02 ;   6,508409 ;   37,75
312,20 ; 250,08 ;   5,649169 ;   32,48
314,21 ; 250,02 ;   5,291479 ;   30,24
316,21 ; 249,95 ;   7,048524 ;   40,02
318,21 ; 249,95 ;   7,408378 ;   42,34
320,21 ; 249,97 ;   6,172069 ;   35,35
322,21 ; 249,99 ;   5,991932 ;   34,63
324,21 ; 249,93 ;   5,830460 ;   33,87
326,21 ; 250,04 ;   7,226790 ;   41,17
328,21 ; 249,97 ;   4,590786 ;   26,67
330,22 ; 250,02 ;   7,207497 ;   41,59
332,22 ; 250,10 ;   5,451721 ;   31,85
334,22 ; 249,95 ;   4,930297 ;   28,22
336,22 ; 250,11 ;   8,265448 ;   48,00
338,22 ; 250,11 ;   3,892218 ;   22,48
340,22 ; 250,11 ;   6,170437 ;   35,12
342,22 ; 250,02 ;   6,169552 ;   35,11
344,23 ; 249,98 ;   7,387508 ;   42,53
346,23 ; 250,00 ;   6,869160 ;   39,62
348,23 ; 250,02 ;   5,812876 ;   33,80
350,23 ; 249,91 ;   5,991044 ;   34,35
352,23 ; 249,99 ;   7,929609 ;   45,06
354,23 ; 250,00 ;   4,951733 ;   28,79
356,23 ; 249,99 ;   6,169779 ;   35,07
358,23 ; 249,98 ;   6,352032 ;   36,38
360,24 ; 249,99 ;   6,511994 ;   37,10
362,24 ; 249,91 ;   5,988392 ;   34,49
364,24 ; 250,09 ;   7,588330 ;   43,18
366,24 ; 249,97 ;   3,534484 ;   20,70
368,24 ; 250,02 ;   7,927589 ;   45,36
370,24 ; 250,08 ;   5,469889 ;   31,83
372,24 ; 250,02 ;   5,293091 ;   30,23
374,24 ; 250,00 ;   7,032641 ;   40,68
376,25 ; 249,99 ;   6,348556 ;   36,97
378,25 ; 250,02 ;   6,330850 ;   36,38
380,25 ; 249,97 ;   5,829985 ;   33,05
382,25 ; 250,06 ;   7,048635 ;   40,30
384,25 ; 250,04 ;   4,756989 ;   27,77
386,25 ; 250,08 ;   6,511775 ;   37,38
388,25 ; 250,02 ;   5,647222 ;   32,11
390,26 ; 250,00 ;   6,868445 ;   39,99
392,26 ; 249,99 ;   6,508447 ;   37,58
394,26 ; 250,06 ;   6,351447 ;   36,36
396,26 ; 250,00 ;   5,110400 ;   29,65
398,26 ; 250,02 ;   7,031436 ;   40,74
400,26 ; 250,02 ;   5,809356 ;   33,66
402,26 ; 250,02 ;   6,170829 ;   35,55
404,27 ; 250,00 ;   6,169566 ;   35,55
406,27 ; 250,02 ;   6,530689 ;   37,57
408,27 ; 250,06 ;   5,990165 ;   34,32
410,27 ; 249,97 ;   5,470661 ;   31,54
412,27 ; 249,95 ;   7,568129 ;   43,43
414,27 ; 250,05 ;   6,513675 ;   37,87
416,27 ; 250,00 ;   4,767893 ;   27,20
418,27 ; 249,95 ;   6,872642 ;   39,46
420,28 ; 250,02 ;   6,870170 ;   39,72
422,28 ; 249,97 ;   5,290791 ;   30,53
424,28 ; 250,04 ;   6,868115 ;   39,64
426,28 ; 250,02 ;   5,110165 ;   29,77
428,28 ; 249,87 ;   6,349867 ;   36,81
430,28 ; 250,02 ;   8,629263 ;   49,04
432,28 ; 249,93 ;   4,052860 ;   23,58
434,28 ; 249,93 ;   7,587331 ;   43,03
436,29 ; 249,93 ;   6,347768 ;   36,07
438,29 ; 250,04 ;   6,332521 ;   36,08
440,29 ; 250,04 ;   4,595523 ;   26,64
442,29 ; 249,98 ;   6,170631 ;   35,48
444,29 ; 249,91 ;   7,050242 ;   40,88
446,29 ; 250,02 ;   7,226195 ;   41,23
448,29 ; 250,02 ;   4,773672 ;   27,40
450,30 ; 250,02 ;   6,170634 ;   35,62
452,30 ; 249,98 ;   6,171420 ;   35,62
454,30 ; 250,09 ;   6,690205 ;   38,99
456,30 ; 250,04 ;   4,595336 ;   26,37
458,30 ; 250,06 ;   6,868495 ;   39,27
460,30 ; 250,04 ;   5,832679 ;   33,45
462,30 ; 250,09 ;   6,524671 ;   37,37
464,30 ; 250,02 ;   5,453914 ;   31,41
466,31 ; 249,99 ;   7,045873 ;   40,60
468,31 ; 250,06 ;   6,706172 ;   38,24
470,31 ; 250,09 ;   5,113404 ;   29,64
472,31 ; 250,00 ;   5,809549 ;   33,30
474,31 ; 249,99 ;   7,410764 ;   42,61
476,31 ; 250,02 ;   6,350752 ;   36,33
478,31 ; 250,06 ;   5,813387 ;   33,00
480,31 ; 250,08 ;   5,648520 ;   32,15
482,32 ; 250,05 ;   5,811048 ;   33,96
484,32 ; 250,11 ;   6,527322 ;   37,92
486,32 ; 250,04 ;   5,126921 ;   29,98
488,32 ; 249,98 ;   7,227878 ;   41,11
490,32 ; 250,02 ;   7,049867 ;   40,81
492,32 ; 249,95 ;   5,629668 ;   32,38
494,32 ; 249,99 ;   7,027499 ;   40,95
496,33 ; 250,00 ;   5,650132 ;   32,51
498,33 ; 249,98 ;   6,168860 ;   35,00
500,33 ; 250,04 ;   6,512103 ;   37,66
502,33 ; 250,04 ;   5,290510 ;   30,36
504,33 ; 250,00 ;   6,169951 ;   35,42
506,33 ; 249,97 ;   6,688424 ;   38,79
508,33 ; 250,05 ;   6,688635 ;   38,33
510,33 ; 249,98 ;   5,114494 ;   29,05
512,34 ; 250,00 ;   7,208352 ;   41,45
514,34 ; 250,02 ;   5,810183 ;   33,73
516,34 ; 250,00 ;   5,829124 ;   33,60
518,34 ; 249,97 ;   6,509289 ;   37,52
520,34 ; 249,93 ;   6,689770 ;   38,33
522,34 ; 250,06 ;   6,868959 ;   39,18
524,34 ; 249,95 ;   4,231065 ;   24,54
526,34 ; 250,00 ;   7,747421 ;   44,74
528,35 ; 249,99 ;   5,469287 ;   31,84
530,35 ; 249,97 ;   6,346144 ;   36,31
532,35 ; 249,95 ;   6,528204 ;   37,70
534,35 ; 249,93 ;   6,509208 ;   37,16
536,35 ; 250,00 ;   6,507216 ;   37,92
538,35 ; 250,00 ;   5,110078 ;   29,96
540,35 ; 250,02 ;   6,168824 ;   35,65
542,36 ; 249,99 ;   5,812018 ;   33,62
544,36 ; 250,02 ;   6,688239 ;   38,22
546,36 ; 250,08 ;   5,807373 ;   33,66
548,36 ; 249,95 ;   5,291276 ;   30,16
550,36 ; 249,97 ;   8,108874 ;   46,02
552,36 ; 250,02 ;   5,989401 ;   34,55
554,36 ; 249,97 ;   5,469543 ;   31,76
556,36 ; 249,95 ;   6,865508 ;   39,61
558,37 ; 249,95 ;   6,508274 ;   37,84
560,37 ; 249,95 ;   6,166760 ;   35,28
562,37 ; 249,91 ;   6,168531 ;   35,91
564,37 ; 249,95 ;   6,866026 ;   39,29
566,37 ; 250,00 ;   5,812008 ;   33,44
568,37 ; 249,91 ;   5,470047 ;   31,25
570,37 ; 249,95 ;   7,563079 ;   43,77
572,38 ; 249,98 ;   5,650111 ;   32,14
574,38 ; 250,02 ;   5,808514 ;   33,92
576,38 ; 249,99 ;   5,627874 ;   32,44
578,38 ; 249,95 ;   6,527637 ;   37,63
580,38 ; 249,97 ;   6,868807 ;   39,78
582,38 ; 249,91 ;   5,811092 ;   33,97
584,38 ; 250,02 ;   7,227492 ;   41,27
586,38 ; 249,95 ;   4,576329 ;   26,76
588,39 ; 250,04 ;   7,208986 ;   41,69
590,39 ; 250,06 ;   4,767195 ;   27,91
592,39 ; 250,05 ;   5,830133 ;   33,46
594,39 ; 250,13 ;   6,347268 ;   36,70
596,39 ; 250,00 ;   4,934073 ;   28,68
598,39 ; 250,06 ;   7,927610 ;   45,80
600,39 ; 249,95 ;   5,293684 ;   30,28
602,39 ; 249,98 ;   7,748215 ;   44,79
604,40 ; 250,00 ;   5,809145 ;   33,91
606,40 ; 249,98 ;   5,831889 ;   33,79
608,40 ; 249,99 ;   6,506541 ;   37,71
610,40 ; 249,97 ;   5,988790 ;   34,46
612,40 ; 250,00 ;   6,527852 ;   37,75
614,40 ; 250,02 ;   5,808215 ;   33,16
616,40 ; 250,04 ;   6,007810 ;   34,34
618,41 ; 249,89 ;   5,809491 ;   33,57
620,41 ; 249,95 ;   8,445592 ;   48,30
622,41 ; 249,95 ;   5,275012 ;   30,89
624,41 ; 249,98 ;   6,328391 ;   36,63
626,41 ; 250,04 ;   5,828367 ;   33,30
628,41 ; 249,95 ;   5,291430 ;   30,43
630,41 ; 249,98 ;   7,565140 ;   43,59
632,41 ; 250,02 ;   5,810804 ;   33,31
634,42 ; 249,98 ;   5,470355 ;   31,78
636,42 ; 249,98 ;   6,860537 ;   39,63
638,42 ; 249,99 ;   6,147168 ;   35,84
640,42 ; 249,98 ;   5,988370 ;   34,49
642,42 ; 250,00 ;   6,510538 ;   37,10
644,42 ; 249,99 ;   5,808627 ;   33,82
646,42 ; 250,08 ;   6,330651 ;   36,39
648,43 ; 250,04 ;   4,930268 ;   28,33
650,43 ; 249,91 ;   6,685388 ;   38,65
652,43 ; 250,00 ;   8,103627 ;   46,97
654,43 ; 249,98 ;   4,931960 ;   28,13
656,43 ; 249,95 ;   6,512581 ;   37,74
658,43 ; 250,09 ;   6,508656 ;   37,87
660,43 ; 249,97 ;   4,250266 ;   24,49
662,43 ; 250,00 ;   7,909913 ;   45,36
664,44 ; 250,04 ;   5,829992 ;   33,18
666,44 ; 250,08 ;   5,631269 ;   32,34
668,44 ; 250,00 ;   5,628610 ;   32,12
670,44 ; 250,05 ;   7,388067 ;   42,03
672,44 ; 250,00 ;   5,451875 ;   31,65
674,44 ; 249,99 ;   6,862323 ;   39,49
676,44 ; 250,04 ;   6,346761 ;   36,37
678,44 ; 249,95 ;   5,467052 ;   31,69
680,45 ; 249,98 ;   7,384584 ;   42,91
682,45 ; 249,98 ;   5,807103 ;   33,93
684,45 ; 249,99 ;   6,170393 ;   35,83
686,45 ; 250,06 ;   5,987406 ;   34,48
688,45 ; 249,98 ;   5,113595 ;   29,67
690,45 ; 250,00 ;   7,388754 ;   42,78
692,45 ; 249,98 ;   5,808953 ;   33,80
694,46 ; 249,99 ;   6,530277 ;   37,73
696,46 ; 249,99 ;   5,990989 ;   34,48
698,46 ; 249,99 ;   6,169929 ;   35,75
700,46 ; 249,97 ;   6,167873 ;   35,75
702,46 ; 250,13 ;   6,512441 ;   37,77
704,46 ; 250,08 ;   3,710265 ;   21,69
706,46 ; 249,95 ;   6,871339 ;   39,69
708,46 ; 249,91 ;   8,109295 ;   46,06
710,47 ; 249,91 ;   6,866727 ;   39,33
712,47 ; 249,95 ;   6,328722 ;   36,85
714,47 ; 249,98 ;   5,651192 ;   32,17
716,47 ; 249,98 ;   5,807583 ;   33,94
718,47 ; 250,05 ;   6,169085 ;   35,84
720,47 ; 250,04 ;   5,109583 ;   29,77
722,47 ; 250,10 ;   6,344803 ;   36,13
724,48 ; 250,06 ;   5,290901 ;   30,09
726,48 ; 250,04 ;   6,690050 ;   38,52
728,48 ; 250,05 ;   6,511479 ;   37,38
730,48 ; 250,00 ;   5,987334 ;   34,80
732,48 ; 250,05 ;   6,869483 ;   39,48
734,48 ; 249,95 ;   5,448676 ;   31,64
736,48 ; 249,93 ;   7,564924 ;   43,53
738,48 ; 249,95 ;   6,526473 ;   37,97
740,49 ; 249,95 ;   5,988225 ;   34,73
742,49 ; 249,95 ;   6,166070 ;   35,32
744,49 ; 250,00 ;   6,324984 ;   36,64
746,49 ; 250,05 ;   5,467524 ;   31,28
748,49 ; 250,05 ;   5,469752 ;   31,66
750,49 ; 249,95 ;   6,168200 ;   35,45
752,49 ; 249,95 ;   7,744359 ;   44,22
754,50 ; 250,09 ;   6,169746 ;   35,33
756,50 ; 250,05 ;   4,233983 ;   24,49
758,50 ; 250,00 ;   6,704061 ;   38,61
760,50 ; 250,00 ;   6,867080 ;   39,49
762,50 ; 250,08 ;   6,166119 ;   35,70
764,50 ; 250,05 ;   4,932115 ;   28,95
766,50 ; 250,02 ;   6,513977 ;   37,96
768,50 ; 250,04 ;   6,687753 ;   38,13
770,51 ; 250,04 ;   5,806922 ;   33,57
772,51 ; 249,98 ;   6,165642 ;   35,47
774,51 ; 250,06 ;   7,046295 ;   40,87
776,51 ; 250,00 ;   4,927444 ;   28,38
778,51 ; 249,95 ;   7,027691 ;   40,73
780,51 ; 250,02 ;   6,865626 ;   39,73
782,51 ; 249,98 ;   5,285752 ;   30,53
784,52 ; 249,95 ;   6,686827 ;   38,97
786,52 ; 249,98 ;   6,686337 ;   38,51
788,52 ; 249,97 ;   5,807704 ;   33,28
790,52 ; 249,99 ;   6,351161 ;   36,49
792,52 ; 249,95 ;   5,807771 ;   33,83
794,52 ; 249,97 ;   6,866199 ;   39,11
796,52 ; 249,95 ;   5,988397 ;   34,60
798,52 ; 250,04 ;   6,526368 ;   37,89
800,53 ; 250,02 ;   4,749678 ;   27,90
802,53 ; 250,00 ;   6,504387 ;   37,51
804,53 ; 250,02 ;   6,350215 ;   36,96
806,53 ; 250,00 ;   5,808285 ;   33,67
808,53 ; 249,95 ;   6,499895 ;   37,59
810,53 ; 250,04 ;   7,042553 ;   40,42
812,53 ; 249,95 ;   4,748651 ;   27,89
814,54 ; 249,95 ;   7,380910 ;   42,91
816,54 ; 249,98 ;   6,344060 ;   36,63
818,54 ; 249,91 ;   5,800951 ;   33,30
820,54 ; 250,00 ;   7,200890 ;   41,24
822,54 ; 250,08 ;   4,925500 ;   28,76
824,54 ; 249,95 ;   4,924505 ;   28,96
826,54 ; 250,06 ;   8,077484 ;   46,76
828,54 ; 250,10 ;   4,408424 ;   25,89
830,55 ; 249,98 ;   5,461203 ;   31,99
832,55 ; 249,97 ;   7,919704 ;   45,95
834,55 ; 249,95 ;   6,338361 ;   36,50
836,55 ; 250,00 ;   6,501393 ;   37,22
838,55 ; 249,97 ;   5,463041 ;   31,91
840,55 ; 249,98 ;   6,679267 ;   38,41
842,55 ; 250,08 ;   6,161944 ;   35,21
844,56 ; 250,08 ;   4,761961 ;   27,06
846,56 ; 249,98 ;   6,165029 ;   35,28
848,56 ; 250,00 ;   7,736734 ;   44,05
850,56 ; 249,97 ;   5,804792 ;   33,80
852,56 ; 250,00 ;   6,682613 ;   38,40
854,56 ; 249,97 ;   5,806105 ;   33,17
856,56 ; 249,99 ;   6,681491 ;   38,40
858,56 ; 249,95 ;   5,802407 ;   33,85
860,57 ; 249,95 ;   6,858818 ;   39,13
862,57 ; 249,95 ;   6,161048 ;   35,97
864,57 ; 249,97 ;   6,165559 ;   35,97
866,57 ; 250,02 ;   5,980758 ;   34,63
868,57 ; 250,02 ;   5,464394 ;   31,17
870,57 ; 250,00 ;   6,163554 ;   35,59
872,57 ; 250,00 ;   6,516018 ;   37,62
874,58 ; 250,00 ;   6,162552 ;   35,72
876,58 ; 250,00 ;   6,162491 ;   35,72
878,58 ; 250,06 ;   6,163279 ;   35,72
880,58 ; 249,95 ;   5,285021 ;   30,31
882,58 ; 250,02 ;   7,738466 ;   44,82
884,58 ; 250,00 ;   5,284013 ;   30,57
886,58 ; 250,02 ;   6,336785 ;   36,98
888,58 ; 250,00 ;   5,982685 ;   34,36
890,59 ; 250,02 ;   6,322532 ;   36,98
892,59 ; 249,95 ;   5,982661 ;   34,36
894,59 ; 250,02 ;   7,219442 ;   41,03
896,59 ; 249,95 ;   5,105443 ;   29,90
898,59 ; 249,95 ;   7,212282 ;   41,66
900,59 ; 249,97 ;   6,343354 ;   36,65
902,59 ; 250,00 ;   5,799256 ;   34,00
904,59 ; 249,99 ;   5,803661 ;   33,20
906,60 ; 250,05 ;   6,321405 ;   36,40
908,60 ; 250,00 ;   5,462139 ;   31,04
910,60 ; 249,98 ;   6,857814 ;   39,52
912,60 ; 250,05 ;   6,499554 ;   37,75
914,60 ; 250,08 ;   5,103797 ;   29,77
916,60 ; 250,05 ;   5,621303 ;   32,76
918,60 ; 250,00 ;   6,521394 ;   37,99
920,61 ; 250,06 ;   6,856177 ;   39,50
922,61 ; 250,02 ;   5,263311 ;   30,31
924,61 ; 250,00 ;   6,677650 ;   38,74
926,61 ; 250,00 ;   6,495109 ;   37,60
928,61 ; 249,98 ;   6,158998 ;   35,70
930,61 ; 249,95 ;   6,516563 ;   37,73
932,61 ; 249,95 ;   6,511789 ;   37,86
934,61 ; 249,91 ;   6,154007 ;   35,96
936,62 ; 249,98 ;   7,028568 ;   40,02
938,62 ; 249,97 ;   5,281118 ;   30,16
940,62 ; 249,93 ;   6,338186 ;   36,53
942,62 ; 249,89 ;   6,852440 ;   39,27
944,62 ; 249,98 ;   6,853937 ;   39,49
946,62 ; 249,95 ;   4,940900 ;   28,91
948,62 ; 249,98 ;   6,513529 ;   37,90
950,63 ; 249,95 ;   5,795658 ;   33,98
952,63 ; 250,06 ;   6,674587 ;   38,58
954,63 ; 250,04 ;   4,402216 ;   25,93
956,63 ; 249,98 ;   6,511692 ;   37,43
958,63 ; 250,02 ;   7,036276 ;   40,93
960,63 ; 249,95 ;   5,455354 ;   31,82
962,63 ; 250,02 ;   7,212841 ;   41,69
964,63 ; 250,06 ;   5,099020 ;   29,93
966,64 ; 250,09 ;   5,630631 ;   32,24
968,64 ; 249,95 ;   5,795681 ;   33,37
970,64 ; 249,95 ;   8,087057 ;   46,74
972,64 ; 249,97 ;   6,334360 ;   36,67
974,64 ; 249,97 ;   5,975297 ;   34,02
976,64 ; 250,02 ;   6,137616 ;   35,92
978,64 ; 249,99 ;   5,458592 ;   31,87
980,64 ; 250,04 ;   6,514641 ;   37,69
982,65 ; 249,98 ;   5,456024 ;   31,74
984,65 ; 249,99 ;   7,029754 ;   40,93
986,65 ; 249,97 ;   5,973600 ;   34,52
988,65 ; 249,95 ;   6,487551 ;   37,82
990,65 ; 250,05 ;   6,511422 ;   37,95
992,65 ; 249,89 ;   4,739041 ;   27,28
994,65 ; 249,89 ;   8,423546 ;   49,00
996,66 ; 250,04 ;   6,330387 ;   36,36
998,66 ; 249,99 ;   4,039690 ;   23,54
1000,66 ; 250,00 ;   6,848296 ;   39,61
1002,66 ; 249,98 ;   6,153905 ;   35,14
1004,66 ; 250,02 ;   6,487785 ;   37,79
1006,66 ; 249,95 ;   5,636712 ;   32,52
1008,66 ; 250,02 ;   7,206757 ;   41,76
1010,66 ; 250,02 ;   5,112109 ;   30,00
1012,67 ; 250,02 ;   6,153792 ;   35,69
1014,67 ; 250,02 ;   6,150549 ;   35,68
1016,67 ; 250,00 ;   6,154487 ;   35,68
1018,67 ; 250,05 ;   6,490395 ;   37,03
1020,67 ; 250,04 ;   5,455107 ;   31,72
1022,67 ; 249,95 ;   6,329323 ;   36,18
1024,67 ; 249,97 ;   7,365935 ;   42,97
1026,67 ; 249,95 ;   5,974444 ;   34,67
1028,68 ; 249,88 ;   6,488936 ;   37,29
1030,68 ; 249,95 ;   7,384918 ;   42,11
1032,68 ; 249,98 ;   5,453906 ;   31,02
1034,68 ; 249,98 ;   5,809874 ;   33,39
1036,68 ; 249,98 ;   6,145679 ;   35,92
1038,68 ; 249,98 ;   6,149284 ;   35,92
1040,68 ; 250,00 ;   6,149663 ;   35,92
1042,69 ; 249,99 ;   5,790405 ;   33,90
1044,69 ; 250,00 ;   6,330877 ;   36,47
1046,69 ; 250,00 ;   6,150736 ;   35,16
1048,69 ; 250,04 ;   6,135966 ;   35,80
1050,69 ; 250,04 ;   5,604765 ;   32,42
1052,69 ; 250,00 ;   6,140487 ;   35,58
1054,69 ; 250,04 ;   6,673845 ;   38,95
1056,69 ; 249,97 ;   5,625643 ;   32,41
1058,70 ; 249,98 ;   7,189064 ;   41,65
1060,70 ; 249,99 ;   6,137524 ;   35,28
1062,70 ; 250,02 ;   5,978791 ;   34,57
1064,70 ; 249,91 ;   5,678998 ;   33,81
1066,70 ; 250,02 ;   7,727017 ;   44,48
1068,70 ; 250,00 ;   4,760624 ;   27,49
1070,70 ; 249,89 ;   6,505248 ;   37,06
1072,71 ; 249,95 ;   7,893306 ;   45,25
1074,71 ; 249,99 ;   5,431097 ;   31,68
1076,71 ; 249,95 ;   5,599371 ;   32,06
1078,71 ; 249,98 ;   6,840922 ;   39,23
1080,71 ; 249,98 ;   5,968582 ;   34,05
1082,71 ; 250,00 ;   6,134959 ;   35,95
1084,71 ; 250,02 ;   5,801513 ;   33,92
1086,71 ; 250,02 ;   5,964843 ;   34,47
1088,72 ; 250,02 ;   6,142549 ;   35,06
1090,72 ; 250,06 ;   6,322223 ;   36,36
1092,72 ; 250,02 ;   5,425313 ;   31,68
1094,72 ; 250,09 ;   6,657508 ;   38,84
1096,72 ; 250,08 ;   5,265590 ;   30,28
1098,72 ; 250,02 ;   6,320154 ;   36,00
1100,72 ; 249,95 ;   7,001843 ;   40,77
1102,73 ; 250,09 ;   7,189036 ;   41,11
1104,73 ; 250,04 ;   4,224637 ;   24,57
1106,73 ; 250,02 ;   6,821609 ;   39,37
1108,73 ; 250,08 ;   6,482897 ;   37,60
1110,73 ; 250,00 ;   5,269730 ;   30,29
1112,73 ; 249,98 ;   7,369517 ;   42,10
1114,73 ; 250,04 ;   6,469075 ;   37,80
1116,73 ; 250,04 ;   5,256562 ;   30,51
1118,74 ; 250,06 ;   6,126273 ;   35,56
1120,74 ; 250,04 ;   5,773630 ;   33,53
1122,74 ; 250,00 ;   6,485362 ;   37,45
1124,74 ; 250,05 ;   6,649965 ;   38,92
1126,74 ; 250,05 ;   5,418156 ;   31,71
1128,74 ; 249,97 ;   6,108348 ;   35,50
1130,74 ; 250,02 ;   7,357817 ;   42,25
1132,74 ; 249,91 ;   5,417320 ;   31,88
1134,75 ; 250,04 ;   7,671826 ;   44,45
1136,75 ; 249,97 ;   4,378042 ;   25,43
1138,75 ; 250,02 ;   7,179078 ;   41,62
1140,75 ; 249,98 ;   5,428713 ;   31,88
1142,75 ; 249,95 ;   6,813327 ;   39,05
1144,75 ; 250,00 ;   6,463505 ;   37,92
1146,75 ; 249,95 ;   5,417658 ;   31,97
1148,76 ; 249,98 ;   6,834238 ;   39,82
1150,76 ; 249,98 ;   5,941080 ;   34,00
1152,76 ; 249,98 ;   6,060545 ;   35,90
1154,76 ; 250,02 ;   6,126060 ;   35,90
1156,76 ; 249,99 ;   5,616155 ;   32,53
1158,76 ; 250,02 ;   6,458882 ;   37,72
1160,76 ; 249,97 ;   5,778272 ;   33,12
1162,76 ; 249,95 ;   7,036760 ;   40,37
1164,77 ; 249,99 ;   6,512116 ;   37,97
1166,77 ; 249,98 ;   5,638749 ;   32,03
1168,77 ; 250,02 ;   6,509051 ;   37,18
1170,77 ; 250,02 ;   5,639709 ;   32,54
1172,77 ; 250,00 ;   6,155488 ;   35,70
1174,77 ; 249,95 ;   6,491485 ;   37,05
1176,77 ; 250,04 ;   6,867761 ;   39,83
1178,78 ; 249,95 ;   4,935636 ;   28,62
1180,78 ; 249,99 ;   7,550470 ;   43,67
1182,78 ; 250,00 ;   5,615496 ;   32,04
1184,78 ; 250,00 ;   6,152399 ;   35,16
1186,78 ; 249,98 ;   6,135790 ;   35,79
1188,78 ; 249,95 ;   6,511809 ;   37,81
1190,78 ; 249,97 ;   6,492912 ;   37,95
1192,78 ; 249,98 ;   5,972745 ;   34,70
1194,79 ; 249,99 ;   6,152809 ;   35,29
1196,79 ; 249,98 ;   5,975658 ;   34,58
1198,79 ; 249,98 ;   6,513109 ;   37,19
1200,79 ; 249,98 ;   6,134630 ;   35,93
1202,79 ; 249,97 ;   6,155246 ;   35,93
1204,79 ; 249,95 ;   6,332568 ;   36,61
1206,79 ; 249,97 ;   6,669183 ;   38,01
1208,80 ; 249,98 ;   5,969574 ;   34,09
1210,80 ; 250,00 ;   6,152617 ;   35,31
1212,80 ; 250,04 ;   5,813678 ;   33,92
1214,80 ; 250,02 ;   5,631807 ;   32,44
1216,80 ; 250,02 ;   6,488860 ;   37,63
1218,80 ; 250,06 ;   6,151319 ;   35,05
1220,80 ; 250,00 ;   5,638258 ;   32,31
1222,80 ; 250,00 ;   7,025481 ;   40,87
1224,81 ; 249,95 ;   6,152171 ;   35,81
1226,81 ; 250,00 ;   6,852791 ;   39,86
1228,81 ; 250,04 ;   5,632083 ;   32,02
1230,81 ; 250,05 ;   5,614846 ;   32,43
1232,81 ; 250,02 ;   5,975465 ;   34,92
1234,81 ; 249,98 ;   6,493384 ;   37,57
1236,81 ; 250,02 ;   6,849271 ;   39,72
1238,81 ; 249,99 ;   5,452144 ;   31,88
1240,82 ; 249,99 ;   6,667518 ;   38,37
1242,82 ; 249,99 ;   6,147996 ;   35,84
1244,82 ; 250,02 ;   6,153119 ;   35,85
1246,82 ; 249,99 ;   5,791992 ;   33,14
1248,82 ; 250,00 ;   6,671490 ;   38,37
1250,82 ; 250,00 ;   6,151154 ;   35,17
1252,82 ; 250,04 ;   6,134043 ;   35,80
1254,83 ; 249,97 ;   5,633224 ;   32,43
1256,83 ; 250,05 ;   7,209498 ;   41,67
1258,83 ; 249,98 ;   5,114100 ;   29,22
1260,83 ; 249,98 ;   7,204206 ;   41,62
1262,83 ; 249,87 ;   6,150441 ;   35,93
1264,83 ; 250,02 ;   7,884313 ;   45,38
1266,83 ; 250,04 ;   4,040742 ;   23,03
1268,83 ; 250,04 ;   5,970976 ;   34,33
1270,84 ; 250,04 ;   6,151015 ;   35,59
1272,84 ; 249,98 ;   6,150429 ;   35,59
1274,84 ; 250,02 ;   7,026825 ;   40,99
1276,84 ; 250,02 ;   5,434990 ;   31,88
1278,84 ; 249,99 ;   6,309071 ;   36,35
1280,84 ; 250,04 ;   6,508699 ;   37,74
1282,84 ; 250,02 ;   5,452829 ;   31,79
1284,85 ; 250,04 ;   6,489867 ;   37,61
1286,85 ; 249,99 ;   5,809732 ;   33,68
1288,85 ; 250,02 ;   6,844992 ;   39,63
1290,85 ; 250,04 ;   5,796474 ;   33,13
1292,85 ; 249,99 ;   5,972231 ;   34,31
1294,85 ; 250,00 ;   6,849279 ;   39,62
1296,85 ; 250,02 ;   6,149972 ;   35,15
1298,85 ; 250,06 ;   5,791641 ;   33,76
1300,86 ; 250,06 ;   5,631579 ;   32,28
1302,86 ; 250,02 ;   6,148953 ;   35,44
1304,86 ; 250,08 ;   6,685370 ;   38,81
1306,86 ; 250,04 ;   5,273373 ;   30,92
1308,86 ; 250,02 ;   6,667360 ;   38,71
1310,86 ; 249,97 ;   6,327820 ;   36,90
1312,86 ; 249,98 ;   7,021813 ;   40,36
1314,87 ; 249,95 ;   6,150392 ;   35,26
1316,87 ; 250,00 ;   6,668609 ;   38,59
1318,87 ; 250,06 ;   5,455074 ;   31,34
1320,87 ; 249,95 ;   5,276176 ;   30,36
1322,87 ; 250,02 ;   7,904377 ;   45,55
1324,87 ; 250,00 ;   5,094409 ;   29,99
1326,87 ; 250,05 ;   6,489688 ;   37,03
1328,87 ; 249,97 ;   5,452248 ;   31,72
1330,88 ; 249,97 ;   7,385819 ;   42,26
1332,88 ; 250,02 ;   6,150009 ;   35,94
1334,88 ; 250,00 ;   5,455576 ;   31,89
1336,88 ; 250,04 ;   6,514240 ;   37,03
1338,88 ; 249,99 ;   5,613533 ;   32,39
1340,88 ; 249,98 ;   6,857407 ;   39,60
1342,88 ; 250,06 ;   6,503292 ;   37,16
1344,88 ; 250,00 ;   4,924159 ;   28,47
1346,89 ; 249,98 ;   7,036113 ;   40,82
1348,89 ; 250,02 ;   6,515619 ;   37,79
1350,89 ; 250,04 ;   5,463244 ;   31,84
1352,89 ; 250,02 ;   5,980167 ;   34,28
1354,89 ; 249,99 ;   6,344107 ;   36,89
1356,89 ; 249,91 ;   6,678922 ;   38,33
1358,89 ; 249,99 ;   7,393372 ;   42,55
1360,90 ; 249,93 ;   5,107840 ;   29,48
1362,90 ; 249,95 ;   7,219451 ;   41,21
1364,90 ; 249,98 ;   5,984579 ;   34,13
1366,90 ; 249,91 ;   5,982404 ;   34,01
1368,90 ; 249,98 ;   7,210661 ;   41,31
1370,90 ; 250,00 ;   5,281812 ;   30,86
1372,90 ; 250,00 ;   5,806470 ;   33,89
1374,91 ; 250,00 ;   6,163486 ;   35,79
1376,91 ; 250,00 ;   6,163184 ;   35,79
1378,91 ; 250,02 ;   6,164248 ;   35,79
1380,91 ; 250,05 ;   5,978392 ;   34,44
1382,91 ; 250,00 ;   5,634888 ;   33,00
1384,91 ; 250,06 ;   6,850844 ;   39,58
1386,91 ; 250,04 ;   5,276535 ;   30,38
1388,91 ; 250,02 ;   6,513091 ;   37,46
1390,92 ; 249,98 ;   6,336482 ;   36,91
1392,92 ; 249,99 ;   6,853546 ;   39,69
1394,92 ; 250,02 ;   5,977620 ;   34,55
1396,92 ; 250,04 ;   5,795519 ;   33,11
1398,92 ; 250,00 ;   5,995242 ;   34,29
1400,92 ; 249,69 ;   6,678309 ;   38,93
1402,92 ; 247,02 ;   10,883194 ;   62,78
1404,93 ; 242,71 ;   21,681202 ;  125,00
1406,93 ; 238,32 ;   21,719899 ;  125,00
1408,93 ; 234,45 ;   21,716849 ;  125,00
1410,93 ; 231,30 ;   21,712280 ;  125,00
1412,93 ; 228,67 ;   21,703218 ;  125,00
1414,93 ; 226,77 ;   21,700505 ;  125,00
1416,93 ; 225,38 ;   21,699941 ;  125,00
1418,94 ; 224,45 ;   21,690522 ;  125,00
1420,94 ; 223,89 ;   21,687643 ;  125,00
1422,94 ; 223,65 ;   21,679749 ;  125,00
1424,94 ; 223,70 ;   21,678628 ;  125,00
1426,94 ; 224,07 ;   21,672075 ;  125,00
1428,94 ; 224,47 ;   19,648323 ;  112,61
1430,94 ; 225,31 ;   19,243126 ;  110,24
1432,95 ; 226,14 ;   12,429464 ;   71,89
1434,95 ; 227,13 ;   12,252764 ;   70,80
1436,95 ; 228,22 ;   9,456381 ;   54,94
1438,95 ; 229,40 ;   7,363513 ;   42,10
1440,95 ; 230,56 ;   5,265881 ;   30,67
1442,95 ; 231,82 ;   4,745282 ;   27,40
1444,95 ; 233,07 ;   2,483186 ;   14,66
1446,96 ; 234,23 ;   1,770818 ;   10,02
1448,96 ; 235,33 ;   2,107801 ;   12,78
1450,96 ; 236,41 ;   2,127356 ;   12,58
1452,96 ; 237,45 ;   1,591292 ;    9,88
1454,96 ; 238,35 ;   1,412767 ;    8,61
1456,96 ; 239,18 ;   2,648498 ;   15,51
1458,96 ; 239,98 ;   3,164183 ;   18,30
1460,97 ; 240,69 ;   3,003448 ;   17,43
1462,97 ; 241,31 ;   3,700603 ;   21,42
1464,97 ; 241,86 ;   4,400118 ;   25,75
1466,97 ; 242,46 ;   5,095420 ;   29,86
1468,97 ; 242,87 ;   3,862590 ;   22,89
1470,97 ; 243,33 ;   6,510144 ;   37,14
1472,97 ; 243,72 ;   5,272115 ;   30,79
1474,98 ; 244,01 ;   5,989156 ;   34,97
1476,98 ; 244,31 ;   7,363965 ;   42,16
1478,98 ; 244,64 ;   6,848734 ;   39,76
1480,98 ; 244,87 ;   6,328575 ;   36,59
1482,98 ; 245,13 ;   7,721562 ;   44,03
1484,98 ; 245,35 ;   6,846331 ;   39,89
1486,98 ; 245,48 ;   7,386856 ;   42,92
1488,98 ; 245,77 ;   8,778514 ;   50,23
1490,99 ; 245,99 ;   6,150131 ;   35,09
1492,99 ; 246,16 ;   7,026109 ;   40,60
1494,99 ; 246,38 ;   7,544166 ;   43,81
1496,99 ; 246,56 ;   6,849431 ;   39,17
1498,99 ; 246,81 ;   7,208013 ;   41,66
1500,99 ; 246,95 ;   5,992083 ;   34,92
1502,99 ; 247,15 ;   7,541145 ;   43,95
1505,00 ; 247,28 ;   6,491175 ;   37,43
1507,00 ; 247,48 ;   7,363378 ;   42,64
1509,00 ; 247,66 ;   6,328459 ;   36,08
1511,00 ; 247,88 ;   6,485295 ;   37,22
1513,00 ; 248,05 ;   5,793362 ;   33,74
1515,00 ; 248,20 ;   6,149227 ;   35,46
1517,00 ; 248,41 ;   6,486662 ;   37,36
1519,01 ; 248,61 ;   5,453819 ;   31,99
1521,01 ; 248,74 ;   5,451880 ;   31,01
1523,01 ; 248,87 ;   6,325154 ;   36,10
1525,01 ; 249,04 ;   6,307118 ;   36,16
1527,01 ; 249,20 ;   5,454788 ;   31,53
1529,01 ; 249,28 ;   5,436876 ;   31,34
1531,01 ; 249,39 ;   6,491518 ;   37,94
1533,02 ; 249,57 ;   5,971971 ;   34,87
1535,02 ; 249,62 ;   4,934860 ;   28,26
1537,02 ; 249,67 ;   6,685833 ;   38,78
1539,02 ; 249,82 ;   6,508760 ;   37,88
1541,02 ; 249,89 ;   5,094955 ;   29,51
1543,02 ; 250,02 ;   6,150698 ;   35,46
1545,02 ; 250,02 ;   5,275809 ;   30,36
1547,02 ; 250,09 ;   7,026151 ;   40,48
1549,03 ; 250,17 ;   5,989795 ;   34,40
1551,03 ; 250,21 ;   5,612330 ;   32,65
1553,03 ; 250,28 ;   6,327450 ;   36,22
1555,03 ; 250,27 ;   5,812169 ;   33,29
1557,03 ; 250,33 ;   7,025803 ;   40,30
1559,03 ; 250,41 ;   5,814415 ;   33,61
1561,03 ; 250,38 ;   5,450399 ;   31,21
1563,04 ; 250,43 ;   7,205703 ;   41,51
1565,04 ; 250,54 ;   5,792465 ;   33,58
1567,04 ; 250,48 ;   4,935640 ;   28,52
1569,04 ; 250,48 ;   7,386150 ;   42,05
1571,04 ; 250,56 ;   6,688413 ;   38,26
1573,04 ; 250,61 ;   5,276235 ;   30,15
1575,04 ; 250,70 ;   5,793549 ;   33,01
1577,04 ; 250,70 ;   5,098401 ;   29,32
1579,05 ; 250,67 ;   6,151640 ;   35,54
1581,05 ; 250,67 ;   6,668985 ;   38,81
1583,05 ; 250,63 ;   6,329882 ;   36,22
1585,05 ; 250,70 ;   6,846471 ;   39,53
1587,05 ; 250,66 ;   5,276547 ;   30,91
1589,05 ; 250,70 ;   6,848289 ;   39,28
1591,05 ; 250,74 ;   5,617442 ;   32,01
1593,06 ; 250,70 ;   5,613484 ;   32,37
1595,06 ; 250,81 ;   6,668401 ;   38,84
1597,06 ; 250,68 ;   4,557533 ;   26,16
1599,06 ; 250,79 ;   8,084077 ;   46,41
1601,06 ; 250,77 ;   4,577008 ;   26,15
1603,06 ; 250,72 ;   6,311530 ;   36,96
1605,06 ; 250,80 ;   6,847542 ;   39,04
1607,06 ; 250,80 ;   4,757660 ;   27,76
1609,07 ; 250,80 ;   5,974909 ;   34,64
1611,07 ; 250,78 ;   5,976000 ;   34,57
1613,07 ; 250,79 ;   6,329654 ;   36,52
1615,07 ; 250,76 ;   5,820229 ;   33,88
1617,07 ; 250,70 ;   6,496132 ;   37,14
1619,07 ; 250,78 ;   6,857443 ;   39,27
1621,07 ; 250,77 ;   4,921030 ;   28,03
1623,08 ; 250,81 ;   6,157291 ;   35,63
1625,08 ; 250,76 ;   5,264635 ;   30,25
1627,08 ; 250,70 ;   6,671184 ;   38,70
1629,08 ; 250,66 ;   6,854983 ;   39,60
1631,08 ; 250,73 ;   6,496609 ;   37,86
1633,08 ; 250,68 ;   4,919153 ;   28,56
1635,08 ; 250,70 ;   6,670949 ;   38,24
1637,08 ; 250,74 ;   5,797602 ;   33,03
1639,09 ; 250,67 ;   5,279889 ;   30,18
1641,09 ; 250,65 ;   6,851357 ;   39,99
1643,09 ; 250,66 ;   6,332833 ;   36,26
1645,09 ; 250,65 ;   5,796726 ;   33,63
1647,09 ; 250,62 ;   5,973814 ;   34,88
1649,09 ; 250,56 ;   6,335047 ;   36,89
1651,09 ; 250,66 ;   6,854233 ;   39,03
1653,10 ; 250,59 ;   4,563145 ;   26,45
1655,10 ; 250,57 ;   7,033895 ;   40,05
1657,10 ; 250,56 ;   6,156555 ;   35,66
1659,10 ; 250,56 ;   6,153704 ;   35,02
1661,10 ; 250,61 ;   5,977862 ;   34,34
1663,10 ; 250,52 ;   5,263709 ;   30,24
1665,10 ; 250,61 ;   7,209924 ;   41,41
1667,10 ; 250,51 ;   4,579032 ;   26,98
1669,11 ; 250,59 ;   7,368819 ;   42,65
1671,11 ; 250,46 ;   4,741208 ;   27,64
1673,11 ; 250,48 ;   7,731275 ;   44,71
1675,11 ; 250,50 ;   5,636125 ;   32,52
1677,11 ; 250,48 ;   5,790501 ;   33,03
1679,11 ; 250,48 ;   6,150091 ;   35,60
1681,11 ; 250,44 ;   5,974673 ;   34,29
1683,12 ; 250,54 ;   6,665086 ;   38,30
1685,12 ; 250,48 ;   4,399689 ;   25,69
1687,12 ; 250,44 ;   6,668080 ;   38,59
1689,12 ; 250,48 ;   6,685746 ;   38,16
1691,12 ; 250,44 ;   5,259960 ;   30,28
1693,12 ; 250,44 ;   6,666255 ;   38,08
1695,12 ; 250,44 ;   5,973345 ;   34,25
1697,12 ; 250,38 ;   5,975297 ;   34,21
1699,13 ; 250,46 ;   6,847770 ;   39,57
1701,13 ; 250,45 ;   4,740775 ;   27,05
1703,13 ; 250,35 ;   5,970461 ;   34,64
1705,13 ; 250,37 ;   7,388589 ;   42,74
1707,13 ; 250,35 ;   5,807812 ;   33,14
1709,13 ; 250,43 ;   6,149833 ;   35,72
1711,13 ; 250,32 ;   4,738373 ;   27,67
1713,14 ; 250,34 ;   7,542489 ;   43,41
1715,14 ; 250,38 ;   5,613561 ;   32,51
1717,14 ; 250,30 ;   5,434638 ;   31,67
1719,14 ; 250,41 ;   7,016071 ;   40,92
1721,14 ; 250,32 ;   4,400740 ;   25,11
1723,14 ; 250,23 ;   7,192968 ;   41,36
1725,14 ; 250,30 ;   7,193352 ;   41,80
1727,14 ; 250,26 ;   4,921925 ;   28,75
1729,15 ; 250,27 ;   6,674851 ;   38,47
1731,15 ; 250,30 ;   5,796726 ;   33,97
1733,15 ; 250,24 ;   5,456924 ;   31,20
1735,15 ; 250,30 ;   6,869969 ;   39,74
1737,15 ; 250,22 ;   5,115419 ;   29,93
1739,15 ; 250,22 ;   7,205402 ;   41,09
1741,15 ; 250,22 ;   5,976018 ;   34,74
1743,16 ; 250,16 ;   5,973929 ;   34,72
1745,16 ; 250,22 ;   7,014899 ;   40,10
1747,16 ; 250,17 ;   5,099770 ;   29,63
1749,16 ; 250,17 ;   6,666758 ;   38,72
1751,16 ; 250,24 ;   5,976663 ;   34,91
1753,16 ; 250,13 ;   4,920394 ;   28,82
1755,16 ; 250,19 ;   7,549975 ;   43,94
1757,16 ; 250,16 ;   5,294545 ;   30,35
1759,17 ; 250,15 ;   6,491622 ;   37,46
1761,17 ; 250,20 ;   6,155576 ;   35,59
1763,17 ; 250,13 ;   5,281602 ;   30,90
1765,17 ; 250,20 ;   7,032138 ;   40,07
1767,17 ; 250,15 ;   5,100690 ;   29,60
1769,17 ; 250,08 ;   6,692503 ;   38,69
1771,17 ; 250,13 ;   7,032545 ;   40,97
1773,18 ; 250,15 ;   5,275201 ;   30,54
1775,18 ; 250,11 ;   5,814388 ;   33,60
1777,18 ; 250,08 ;   6,671593 ;   38,23
1779,18 ; 250,05 ;   6,491029 ;   37,76
1781,18 ; 250,09 ;   6,516286 ;   37,92
1783,18 ; 250,11 ;   5,615091 ;   32,01
1785,18 ; 250,06 ;   5,814167 ;   33,14
1787,18 ; 250,08 ;   6,843084 ;   39,08
1789,19 ; 250,05 ;   5,788645 ;   33,93
1791,19 ; 250,13 ;   6,488656 ;   37,89
1793,19 ; 250,08 ;   4,751728 ;   27,92
1795,19 ; 250,11 ;   6,850126 ;   39,60
1797,19 ; 250,04 ;   5,629890 ;   32,46
1799,19 ; 250,08 ;   7,202032 ;   41,06
1801,19 ; 250,08 ;   5,454390 ;   31,99
1803,19 ; 250,02 ;   6,151136 ;   35,14
1805,20 ; 250,04 ;   7,026476 ;   40,54
1807,20 ; 250,02 ;   5,789618 ;   33,45
1809,20 ; 250,09 ;   6,510793 ;   37,37
1811,20 ; 250,06 ;   5,094242 ;   29,40
1813,20 ; 249,99 ;   6,488173 ;   37,11
1815,20 ; 250,05 ;   7,201737 ;   41,28
1817,20 ; 250,05 ;   5,270285 ;   30,86
1819,21 ; 250,06 ;   6,149488 ;   35,29
1821,21 ; 250,02 ;   5,788773 ;   33,93
1823,21 ; 250,02 ;   6,683651 ;   38,57
1825,21 ; 250,02 ;   6,330066 ;   36,08
1827,21 ; 250,09 ;   5,966866 ;   34,77
1829,21 ; 250,04 ;   5,113305 ;   30,00
1831,21 ; 250,02 ;   6,843839 ;   39,10
1833,21 ; 250,04 ;   6,484358 ;   37,33
1835,22 ; 249,95 ;   5,781691 ;   33,40
1837,22 ; 249,98 ;   7,537656 ;   43,40
1839,22 ; 250,04 ;   5,780886 ;   33,11
1841,22 ; 250,04 ;   5,264492 ;   30,25
1843,22 ; 249,99 ;   6,142228 ;   35,30
1845,22 ; 249,99 ;   6,839559 ;   39,35
1847,22 ; 249,98 ;   6,145170 ;   35,55
1849,23 ; 250,04 ;   6,325504 ;   36,91
1851,23 ; 250,05 ;   5,269763 ;   30,24
1853,23 ; 250,04 ;   5,967326 ;   34,62
1855,23 ; 250,06 ;   6,143995 ;   35,92
1857,23 ; 250,02 ;   5,786525 ;   33,26
1859,23 ; 250,02 ;   6,667388 ;   38,53
1861,23 ; 250,02 ;   6,146585 ;   35,37
1863,23 ; 250,02 ;   6,143838 ;   35,36
1865,24 ; 250,05 ;   6,144516 ;   35,36
1867,24 ; 249,99 ;   5,793722 ;   33,33
1869,24 ; 250,00 ;   6,843417 ;   39,96
1871,24 ; 249,99 ;   5,968450 ;   34,85
1873,24 ; 250,00 ;   6,307094 ;   36,16
1875,24 ; 250,04 ;   5,982175 ;   34,85
1877,24 ; 250,00 ;   5,602205 ;   32,11
1879,25 ; 250,00 ;   6,667679 ;   38,64
1881,25 ; 250,11 ;   6,134603 ;   35,48
1883,25 ; 250,05 ;   4,566457 ;   26,03
1885,25 ; 250,02 ;   7,003870 ;   40,28
1887,25 ; 250,08 ;   6,501242 ;   37,24
1889,25 ; 250,04 ;   5,263166 ;   30,61
1891,25 ; 250,00 ;   6,671683 ;   38,41
1893,26 ; 249,98 ;   6,653277 ;   38,62
1895,26 ; 250,02 ;   6,491899 ;   37,48
1897,26 ; 250,05 ;   5,422895 ;   31,53
1899,26 ; 249,98 ;   5,776599 ;   33,30
1901,26 ; 250,08 ;   7,197524 ;   41,27
1903,26 ; 250,06 ;   4,575136 ;   26,80
1905,26 ; 250,04 ;   6,315194 ;   36,37
1907,26 ; 250,06 ;   6,483467 ;   37,12
1909,27 ; 249,97 ;   5,782376 ;   33,20
1911,27 ; 250,05 ;   7,556297 ;   43,19
1913,27 ; 250,09 ;   4,912404 ;   28,85
1915,27 ; 250,04 ;   5,431195 ;   31,80
1917,27 ; 250,09 ;   6,839618 ;   39,00
1919,27 ; 250,06 ;   5,450176 ;   31,15
1921,27 ; 250,06 ;   6,328177 ;   36,97
1923,27 ; 250,05 ;   6,140780 ;   35,06
1925,28 ; 250,00 ;   6,305777 ;   36,41
1927,28 ; 250,05 ;   6,844640 ;   39,19
1929,28 ; 250,02 ;   5,449399 ;   31,34
1931,28 ; 250,00 ;   6,484797 ;   37,16
1933,28 ; 249,98 ;   6,505484 ;   37,29
1935,28 ; 250,00 ;   6,486955 ;   37,42
1937,28 ; 250,00 ;   5,786528 ;   33,50
1939,29 ; 250,02 ;   6,145762 ;   35,39
1941,29 ; 250,13 ;   5,787594 ;   33,37
1943,29 ; 250,04 ;   4,570910 ;   26,48
1945,29 ; 250,02 ;   7,381170 ;   42,12
1947,29 ; 250,04 ;   6,322833 ;   36,51
1949,29 ; 250,02 ;   5,791933 ;   33,89
1951,29 ; 250,00 ;   6,500147 ;   37,18
1953,29 ; 250,02 ;   6,325411 ;   36,63
1955,30 ; 249,98 ;   5,964214 ;   34,02
1957,30 ; 250,00 ;   6,667246 ;   38,66
1959,30 ; 249,98 ;   5,785811 ;   33,47
1961,30 ; 249,91 ;   6,505869 ;   37,39
1963,30 ; 249,95 ;   7,182769 ;   41,58
1965,30 ; 249,93 ;   5,429384 ;   31,84
1967,30 ; 249,91 ;   6,481769 ;   37,67
1969,31 ; 249,98 ;   6,478170 ;   37,13
1971,31 ; 250,00 ;   5,270497 ;   30,47
1973,31 ; 249,97 ;   5,790821 ;   33,50
1975,31 ; 250,00 ;   6,660960 ;   38,10
1977,31 ; 249,95 ;   5,625576 ;   32,87
1979,31 ; 249,97 ;   6,841266 ;   39,45
1981,31 ; 250,00 ;   5,983702 ;   34,31
1983,31 ; 249,98 ;   5,607899 ;   32,88
1985,32 ; 249,97 ;   6,504145 ;   37,44
1987,32 ; 249,97 ;   6,328069 ;   36,22
1989,32 ; 250,04 ;   6,146024 ;   35,59
1991,32 ; 250,02 ;   5,090585 ;   29,51
1993,32 ; 249,95 ;   6,327321 ;   36,55
1995,32 ; 250,05 ;   7,181629 ;   41,36
1997,32 ; 250,02 ;   4,735573 ;   27,57
1999,32 ; 250,02 ;   6,480471 ;   37,18
2001,33 ; 250,04 ;   6,145410 ;   35,28
2003,33 ; 249,98 ;   5,808637 ;   33,93
2005,33 ; 249,95 ;   7,002386 ;   40,60
2007,33 ; 249,99 ;   6,663432 ;   38,24
2009,33 ; 249,95 ;   5,448490 ;   31,66
2011,33 ; 249,91 ;   6,840828 ;   39,51
2013,33 ; 249,98 ;   6,841608 ;   39,09
2015,34 ; 249,88 ;   5,091529 ;   29,86
2017,34 ; 249,88 ;   7,536517 ;   43,66
2019,34 ; 249,91 ;   6,326970 ;   36,08
2021,34 ; 249,95 ;   5,786156 ;   33,39
2023,34 ; 249,89 ;   5,805666 ;   33,23
2025,34 ; 249,82 ;   7,018677 ;   40,49
2027,34 ; 249,87 ;   7,382493 ;   42,15
2029,34 ; 249,82 ;   5,629202 ;   32,42
2031,35 ; 249,87 ;   7,023879 ;   40,28
2033,35 ; 249,84 ;   5,609068 ;   32,45
2035,35 ; 249,91 ;   6,668814 ;   38,96
2037,35 ; 249,84 ;   5,110935 ;   29,69
2039,35 ; 249,86 ;   7,360391 ;   42,10
2041,35 ; 249,97 ;   6,148783 ;   35,07
2043,35 ; 249,84 ;   4,572448 ;   26,90
2045,36 ; 249,89 ;   8,076594 ;   46,56
2047,36 ; 249,99 ;   5,630012 ;   32,40
2049,36 ; 249,91 ;   4,751437 ;   27,42
2051,36 ; 250,00 ;   7,382145 ;   42,40
2053,36 ; 249,93 ;   4,933460 ;   28,65
2055,36 ; 250,00 ;   7,204753 ;   41,69
2057,36 ; 250,02 ;   5,111646 ;   29,93
2059,36 ; 250,08 ;   5,788758 ;   33,59
2061,37 ; 250,05 ;   5,273710 ;   30,76
2063,37 ; 250,02 ;   6,483096 ;   37,88
2065,37 ; 249,99 ;   6,666105 ;   38,05
2067,37 ; 250,02 ;   6,506207 ;   37,54
2069,37 ; 250,02 ;   5,610584 ;   32,94
2071,37 ; 249,95 ;   6,148902 ;   35,47
2073,37 ; 249,93 ;   7,202047 ;   41,55
2075,38 ; 250,04 ;   6,507538 ;   37,89
2077,38 ; 249,98 ;   4,557780 ;   26,54
2079,38 ; 249,99 ;   7,022345 ;   40,80
2081,38 ; 250,00 ;   5,987602 ;   34,39
2083,38 ; 249,99 ;   5,968346 ;   34,98
2085,38 ; 250,02 ;   6,305494 ;   36,28
2087,38 ; 250,05 ;   5,631572 ;   32,95
2089,38 ; 249,91 ;   5,789355 ;   33,45
2091,39 ; 250,00 ;   8,078792 ;   46,83
2093,39 ; 249,95 ;   4,912267 ;   28,65
2095,39 ; 249,99 ;   6,840865 ;   39,66
2097,39 ; 249,95 ;   5,629693 ;   32,50
2099,39 ; 250,06 ;   6,845513 ;   39,03
2101,39 ; 249,98 ;   4,573725 ;   26,42
2103,39 ; 250,00 ;   7,382015 ;   42,70
2105,39 ; 250,06 ;   5,807050 ;   33,72
2107,40 ; 250,04 ;   5,269326 ;   30,21
2109,40 ; 250,05 ;   6,507459 ;   37,29
2111,40 ; 249,98 ;   5,971131 ;   34,72
2113,40 ; 250,00 ;   7,197271 ;   41,43
2115,40 ; 249,93 ;   5,789867 ;   33,71
2117,40 ; 249,99 ;   7,202154 ;   41,68
2119,40 ; 249,98 ;   5,273273 ;   30,60
2121,41 ; 249,95 ;   6,485944 ;   37,01
2123,41 ; 249,99 ;   6,485519 ;   37,77
2125,41 ; 250,10 ;   5,629102 ;   32,50
2127,41 ; 249,93 ;   4,572317 ;   26,21
2129,41 ; 249,95 ;   8,592185 ;   49,90
2131,41 ; 249,91 ;   5,967900 ;   34,65
2133,41 ; 250,04 ;   6,664735 ;   38,62
2135,41 ; 249,99 ;   4,396977 ;   25,30
2137,42 ; 250,05 ;   6,843854 ;   39,46
2139,42 ; 249,99 ;   5,254526 ;   30,94
2141,42 ; 249,98 ;   7,020679 ;   40,09
2143,42 ; 249,99 ;   6,498727 ;   37,02
2145,42 ; 250,02 ;   5,967336 ;   34,40
2147,42 ; 249,98 ;   5,807362 ;   33,64
2149,42 ; 249,97 ;   6,662036 ;   38,91
2151,43 ; 250,02 ;   6,301426 ;   36,43
2153,43 ; 249,95 ;   5,450300 ;   31,75
2155,43 ; 250,04 ;   7,016083 ;   40,95
2157,43 ; 249,98 ;   4,930606 ;   28,46
2159,43 ; 250,09 ;   7,011042 ;   40,82
2161,43 ; 250,02 ;   4,549538 ;   26,30
2163,43 ; 250,02 ;   7,018062 ;   40,55
2165,43 ; 250,02 ;   6,141503 ;   35,49
2167,44 ; 249,98 ;   6,321443 ;   36,17
2169,44 ; 250,04 ;   6,674929 ;   38,91
2171,44 ; 249,97 ;   5,272935 ;   30,35
2173,44 ; 250,02 ;   7,181269 ;   41,48
2175,44 ; 250,10 ;   5,432165 ;   31,06
2177,44 ; 250,06 ;   4,911492 ;   28,74
2179,44 ; 249,98 ;   6,660122 ;   38,43
2181,44 ; 250,02 ;   7,377448 ;   42,68
2183,45 ; 250,00 ;   5,444998 ;   31,68
2185,45 ; 250,06 ;   6,476759 ;   37,50
2187,45 ; 249,91 ;   5,260090 ;   30,20
2189,45 ; 250,04 ;   8,414149 ;   48,08
2191,45 ; 250,00 ;   4,392241 ;   25,28
2193,45 ; 250,04 ;   6,652538 ;   38,76
2195,45 ; 249,98 ;   5,626862 ;   32,22
2197,46 ; 250,06 ;   7,014262 ;   40,79
2199,46 ; 250,02 ;   4,912207 ;   28,30
2201,46 ; 249,98 ;   6,674561 ;   38,63
2203,46 ; 250,04 ;   6,839868 ;   39,52
2205,46 ; 249,98 ;   5,261841 ;   30,32
2207,46 ; 250,02 ;   7,015165 ;   40,78
2209,46 ; 249,95 ;   5,425715 ;   31,67
2211,46 ; 250,02 ;   7,351749 ;   42,21
2213,47 ; 250,02 ;   5,088560 ;   29,82
2215,47 ; 250,06 ;   6,141552 ;   35,51
2217,47 ; 249,93 ;   5,440624 ;   31,46
2219,47 ; 249,95 ;   8,061955 ;   46,73
2221,47 ; 249,99 ;   5,960040 ;   34,63
2223,47 ; 249,97 ;   5,440187 ;   31,85
2225,47 ; 249,95 ;   6,486427 ;   37,67
2227,48 ; 249,97 ;   6,495147 ;   37,12
2229,48 ; 249,95 ;   5,977547 ;   34,51
2231,48 ; 250,05 ;   6,471392 ;   37,81
2233,48 ; 249,95 ;   4,727643 ;   27,13
2235,48 ; 249,98 ;   7,532584 ;   43,45
2237,48 ; 250,04 ;   5,777225 ;   33,84
2239,48 ; 249,98 ;   5,265364 ;   30,34
2241,48 ; 249,98 ;   7,010371 ;   40,80
2243,49 ; 250,05 ;   6,140696 ;   35,74
2245,49 ; 250,06 ;   5,088149 ;   29,67
2247,49 ; 250,05 ;   5,962075 ;   34,00
2249,49 ; 250,08 ;   6,322658 ;   36,61
2251,49 ; 249,99 ;   5,622451 ;   32,64
2253,49 ; 249,95 ;   7,351851 ;   42,60
2255,49 ; 250,02 ;   6,839644 ;   39,69
