Tempo total (s) ;Temperatura (ºC) ; Potencia atual (W) ; Saida
P:   5.40 I: 120.00 D:  30.00 Tensão:6.397 V Temperatura ambiente:     26.27ºC
2,00 ; 250,02 ;   4,818297 ;   30,73
4,00 ; 249,99 ;   6,888661 ;   43,71
6,00 ; 250,08 ;   6,580063 ;   41,35
8,01 ; 249,97 ;   4,981247 ;   31,40
10,01 ; 250,02 ;   7,544373 ;   47,80
12,01 ; 250,00 ;   5,471693 ;   34,22
14,01 ; 249,97 ;   6,414738 ;   40,67
16,01 ; 250,02 ;   6,583897 ;   41,48
18,01 ; 249,91 ;   5,455476 ;   34,90
20,01 ; 249,93 ;   7,547431 ;   47,47
22,02 ; 249,91 ;   5,943360 ;   37,91
24,02 ; 249,97 ;   6,414716 ;   40,53
26,02 ; 250,00 ;   5,469899 ;   34,55
28,02 ; 249,95 ;   5,779128 ;   36,27
30,02 ; 250,09 ;   6,911699 ;   43,53
32,02 ; 250,10 ;   4,181374 ;   26,96
34,03 ; 250,05 ;   5,783295 ;   36,98
36,03 ; 250,04 ;   6,750764 ;   42,96
38,03 ; 250,08 ;   6,254696 ;   39,20
40,03 ; 249,99 ;   5,619979 ;   35,19
42,03 ; 249,98 ;   7,221139 ;   45,78
44,03 ; 250,08 ;   6,441242 ;   40,17
46,03 ; 250,02 ;   4,821070 ;   30,13
48,04 ; 249,99 ;   6,909034 ;   43,75
50,04 ; 250,00 ;   6,423986 ;   40,71
52,04 ; 250,02 ;   6,115081 ;   38,14
54,04 ; 249,95 ;   5,940848 ;   37,42
56,04 ; 250,02 ;   7,090969 ;   44,76
58,04 ; 249,89 ;   5,163501 ;   33,00
60,04 ; 249,93 ;   7,892574 ;   49,49
62,05 ; 250,02 ;   5,794160 ;   36,01
64,05 ; 249,89 ;   4,987057 ;   31,07
66,05 ; 250,02 ;   8,017177 ;   50,13
68,05 ; 249,99 ;   4,355851 ;   27,92
70,05 ; 249,95 ;   6,554808 ;   41,37
72,05 ; 249,97 ;   6,712168 ;   42,21
74,05 ; 250,00 ;   5,909465 ;   37,71
76,06 ; 250,05 ;   5,749761 ;   36,27
78,06 ; 250,00 ;   5,443976 ;   34,75
80,06 ; 250,05 ;   6,707155 ;   42,59
82,06 ; 250,04 ;   5,422502 ;   34,75
84,06 ; 249,99 ;   6,241133 ;   39,21
86,06 ; 249,99 ;   6,705227 ;   42,63
88,06 ; 250,08 ;   6,073832 ;   38,83
90,07 ; 250,02 ;   4,953606 ;   31,41
92,07 ; 250,00 ;   6,849920 ;   43,08
94,07 ; 250,00 ;   6,380316 ;   40,68
96,07 ; 250,04 ;   6,052757 ;   38,78
98,07 ; 250,09 ;   5,602625 ;   35,41
100,07 ; 250,04 ;   5,439706 ;   34,51
102,07 ; 250,06 ;   6,690528 ;   42,35
104,08 ; 249,99 ;   5,746131 ;   36,53
106,08 ; 249,99 ;   7,029727 ;   44,49
108,08 ; 249,98 ;   6,073829 ;   38,81
110,08 ; 250,02 ;   6,380522 ;   40,16
112,08 ; 250,00 ;   5,584919 ;   35,52
114,08 ; 249,95 ;   6,378478 ;   40,03
116,09 ; 249,99 ;   6,694939 ;   42,81
118,09 ; 249,97 ;   5,577148 ;   35,65
120,09 ; 249,95 ;   6,376775 ;   40,84
122,09 ; 249,91 ;   6,371415 ;   40,29
124,09 ; 249,87 ;   6,706128 ;   42,41
126,09 ; 249,95 ;   6,851045 ;   43,31
128,09 ; 249,95 ;   5,101867 ;   32,77
130,10 ; 250,02 ;   6,063392 ;   38,43
132,10 ; 250,00 ;   5,278892 ;   33,66
134,10 ; 250,02 ;   6,410576 ;   40,07
136,10 ; 249,91 ;   5,870210 ;   36,78
138,10 ; 249,89 ;   7,838221 ;   48,13
140,10 ; 249,99 ;   6,691148 ;   41,31
142,10 ; 250,08 ;   4,836786 ;   30,64
144,11 ; 250,04 ;   4,950415 ;   31,43
146,11 ; 249,97 ;   6,530582 ;   41,76
148,11 ; 249,99 ;   6,989839 ;   44,67
150,11 ; 250,06 ;   5,726254 ;   36,96
152,11 ; 249,98 ;   5,099580 ;   32,78
154,11 ; 250,00 ;   7,150390 ;   45,89
156,11 ; 250,02 ;   5,728944 ;   36,91
158,12 ; 249,89 ;   5,729603 ;   36,78
160,12 ; 250,06 ;   7,943257 ;   50,15
162,12 ; 250,00 ;   3,816921 ;   24,56
164,12 ; 249,99 ;   6,830635 ;   43,87
166,12 ; 249,98 ;   6,194564 ;   39,49
168,12 ; 249,93 ;   6,361133 ;   40,21
170,13 ; 249,95 ;   6,663459 ;   42,99
172,13 ; 249,95 ;   5,889298 ;   37,86
174,13 ; 249,91 ;   6,055231 ;   38,45
176,13 ; 249,97 ;   6,845208 ;   43,14
178,13 ; 249,99 ;   5,264498 ;   33,95
180,13 ; 250,00 ;   5,734202 ;   36,99
182,13 ; 249,99 ;   6,052008 ;   38,21
184,14 ; 249,91 ;   6,211895 ;   39,52
186,14 ; 249,95 ;   7,297404 ;   46,31
188,14 ; 249,98 ;   5,559890 ;   35,31
190,14 ; 249,86 ;   5,884559 ;   37,09
192,14 ; 249,99 ;   7,777603 ;   49,12
194,14 ; 249,95 ;   4,466450 ;   28,17
196,14 ; 249,99 ;   6,658692 ;   42,29
198,15 ; 249,99 ;   5,563151 ;   35,75
200,15 ; 249,95 ;   6,048718 ;   38,92
202,15 ; 249,95 ;   6,678123 ;   42,30
204,15 ; 249,97 ;   6,216678 ;   39,14
206,15 ; 249,98 ;   5,880260 ;   37,79
208,15 ; 249,89 ;   6,061908 ;   38,38
210,15 ; 249,95 ;   7,325032 ;   46,44
212,16 ; 249,95 ;   5,412696 ;   34,77
214,16 ; 249,93 ;   6,035208 ;   38,53
216,16 ; 249,99 ;   6,519968 ;   41,19
218,16 ; 249,97 ;   5,266449 ;   33,90
220,16 ; 249,99 ;   6,366035 ;   40,98
222,16 ; 249,99 ;   5,886403 ;   37,06
224,16 ; 249,95 ;   6,062511 ;   38,96
226,17 ; 249,95 ;   6,835861 ;   43,01
228,17 ; 250,00 ;   6,041439 ;   38,55
230,17 ; 250,02 ;   5,586981 ;   35,13
232,17 ; 249,97 ;   5,746102 ;   36,90
234,17 ; 250,02 ;   6,848406 ;   43,53
236,17 ; 250,02 ;   5,582555 ;   35,05
238,18 ; 249,95 ;   6,064318 ;   38,84
240,18 ; 249,93 ;   7,028864 ;   44,92
242,18 ; 249,97 ;   6,380108 ;   40,58
244,18 ; 249,91 ;   5,594655 ;   35,95
246,18 ; 249,93 ;   7,037325 ;   44,51
248,18 ; 249,95 ;   5,921375 ;   37,44
250,18 ; 250,09 ;   5,916011 ;   37,32
252,19 ; 249,95 ;   4,301808 ;   27,74
254,19 ; 249,99 ;   7,827130 ;   49,96
256,19 ; 250,05 ;   5,584102 ;   35,84
258,19 ; 249,95 ;   5,439268 ;   34,27
260,19 ; 249,95 ;   7,336269 ;   46,80
262,19 ; 249,97 ;   6,218091 ;   39,89
264,19 ; 250,02 ;   5,909523 ;   37,24
266,20 ; 250,00 ;   5,421691 ;   34,41
268,20 ; 250,04 ;   6,397338 ;   40,86
270,20 ; 250,00 ;   5,585898 ;   35,59
272,20 ; 249,95 ;   6,705908 ;   42,12
274,20 ; 249,88 ;   6,858394 ;   43,01
276,20 ; 249,95 ;   7,158450 ;   45,30
278,20 ; 250,02 ;   5,413075 ;   34,21
280,21 ; 250,02 ;   5,116532 ;   32,53
282,21 ; 249,97 ;   6,219013 ;   39,52
284,21 ; 249,99 ;   6,707062 ;   42,94
286,21 ; 249,89 ;   5,908713 ;   37,12
288,21 ; 250,02 ;   7,479728 ;   47,80
290,21 ; 249,99 ;   4,462966 ;   28,11
292,22 ; 249,97 ;   6,539126 ;   41,56
294,22 ; 249,98 ;   6,539106 ;   41,06
296,22 ; 249,99 ;   6,055289 ;   38,49
298,22 ; 250,05 ;   5,904842 ;   37,77
300,22 ; 250,02 ;   5,412832 ;   34,31
302,22 ; 250,00 ;   6,535625 ;   41,43
304,22 ; 249,98 ;   6,368531 ;   40,25
306,23 ; 250,00 ;   6,511529 ;   41,01
308,23 ; 250,04 ;   5,898854 ;   37,09
310,23 ; 250,06 ;   5,573005 ;   35,61
312,23 ; 249,97 ;   5,738911 ;   36,75
314,23 ; 250,06 ;   7,322789 ;   46,74
316,23 ; 250,06 ;   4,942860 ;   31,05
318,23 ; 250,04 ;   6,047089 ;   38,63
320,24 ; 250,06 ;   6,377300 ;   40,65
322,24 ; 249,97 ;   5,738789 ;   36,73
324,24 ; 249,95 ;   7,317522 ;   46,72
326,24 ; 249,95 ;   6,376687 ;   40,49
328,24 ; 250,02 ;   6,215165 ;   39,23
330,24 ; 250,08 ;   5,273269 ;   33,16
332,24 ; 249,98 ;   5,418302 ;   34,12
334,25 ; 250,02 ;   7,478187 ;   47,31
336,25 ; 249,97 ;   5,600364 ;   35,72
338,25 ; 249,99 ;   6,678982 ;   42,93
340,25 ; 249,95 ;   5,901239 ;   37,11
342,25 ; 250,05 ;   6,680331 ;   42,39
344,25 ; 250,00 ;   4,944155 ;   31,12
346,25 ; 249,97 ;   6,705816 ;   42,76
348,26 ; 250,02 ;   6,532823 ;   41,67
350,26 ; 249,91 ;   5,581880 ;   35,09
352,26 ; 250,02 ;   7,644448 ;   48,34
354,26 ; 250,00 ;   4,627320 ;   29,36
356,26 ; 249,97 ;   6,374405 ;   40,87
358,26 ; 249,97 ;   6,536971 ;   41,68
360,27 ; 250,00 ;   6,212522 ;   39,15
362,27 ; 250,02 ;   5,745189 ;   36,45
364,27 ; 250,04 ;   5,909588 ;   37,63
366,27 ; 250,02 ;   5,744885 ;   36,87
368,27 ; 250,00 ;   6,376270 ;   40,79
370,27 ; 249,99 ;   6,372359 ;   40,24
372,27 ; 250,04 ;   6,207196 ;   39,65
374,28 ; 250,00 ;   5,434123 ;   34,97
376,28 ; 250,00 ;   6,690003 ;   42,14
378,28 ; 249,97 ;   6,050328 ;   38,97
380,28 ; 249,95 ;   6,532852 ;   41,67
382,28 ; 250,00 ;   6,368130 ;   40,50
384,28 ; 249,99 ;   5,578888 ;   35,19
386,28 ; 250,04 ;   6,210894 ;   39,66
388,29 ; 250,08 ;   5,428985 ;   34,97
390,29 ; 250,06 ;   5,574669 ;   35,38
392,29 ; 250,08 ;   6,219499 ;   39,89
394,29 ; 250,02 ;   5,879470 ;   37,27
396,29 ; 250,04 ;   6,854456 ;   43,26
398,29 ; 250,00 ;   5,896001 ;   37,48
400,29 ; 249,95 ;   6,688423 ;   42,11
402,30 ; 249,97 ;   6,853928 ;   43,68
404,30 ; 250,02 ;   5,885061 ;   37,23
406,30 ; 250,02 ;   5,434845 ;   34,41
408,30 ; 250,00 ;   6,208778 ;   39,50
410,30 ; 250,04 ;   6,372075 ;   40,22
412,30 ; 250,06 ;   5,579389 ;   35,58
414,31 ; 249,91 ;   5,733712 ;   36,71
416,31 ; 249,99 ;   8,279547 ;   52,11
418,31 ; 249,95 ;   5,103276 ;   32,04
420,31 ; 249,95 ;   6,856020 ;   43,05
422,31 ; 250,02 ;   6,221461 ;   39,26
424,31 ; 249,95 ;   5,089406 ;   32,51
426,31 ; 249,93 ;   6,999346 ;   44,91
428,32 ; 250,05 ;   6,534563 ;   41,25
430,32 ; 249,99 ;   4,627948 ;   29,23
432,32 ; 250,02 ;   6,850086 ;   43,44
434,32 ; 250,05 ;   5,737581 ;   36,99
436,32 ; 249,91 ;   5,745724 ;   36,18
438,32 ; 250,00 ;   7,969278 ;   50,86
440,32 ; 250,05 ;   4,952566 ;   31,39
442,33 ; 249,98 ;   5,440232 ;   34,92
444,33 ; 250,02 ;   7,005868 ;   44,79
446,33 ; 250,02 ;   5,574044 ;   35,72
448,33 ; 250,10 ;   6,040956 ;   38,88
450,33 ; 250,02 ;   4,942511 ;   31,46
452,33 ; 250,04 ;   7,158748 ;   45,83
454,33 ; 250,05 ;   5,733445 ;   36,85
456,34 ; 250,02 ;   6,058893 ;   38,06
458,34 ; 250,02 ;   6,366870 ;   40,72
460,34 ; 250,00 ;   6,062277 ;   38,82
462,34 ; 249,99 ;   6,365193 ;   40,84
464,34 ; 249,93 ;   6,201604 ;   39,62
466,34 ; 249,97 ;   6,996080 ;   44,39
468,34 ; 249,99 ;   5,572852 ;   35,96
470,35 ; 249,99 ;   5,894878 ;   37,10
472,35 ; 249,95 ;   6,044125 ;   39,00
474,35 ; 249,99 ;   6,837488 ;   43,05
476,35 ; 249,95 ;   5,574866 ;   35,21
478,35 ; 250,02 ;   6,851886 ;   43,06
480,35 ; 249,91 ;   5,266175 ;   33,19
482,35 ; 249,97 ;   7,488066 ;   47,66
484,36 ; 250,02 ;   5,408924 ;   34,72
486,36 ; 249,97 ;   5,589479 ;   35,10
488,36 ; 249,99 ;   6,687736 ;   42,94
490,36 ; 249,97 ;   5,898782 ;   37,12
492,36 ; 250,00 ;   6,531097 ;   41,05
494,36 ; 250,05 ;   5,718816 ;   36,45
496,37 ; 250,00 ;   5,412722 ;   34,93
498,37 ; 250,02 ;   6,689350 ;   42,77
500,37 ; 250,00 ;   5,737187 ;   36,95
502,37 ; 249,97 ;   6,364054 ;   40,87
504,37 ; 249,97 ;   6,524544 ;   41,68
506,37 ; 250,02 ;   6,201416 ;   39,15
508,37 ; 249,98 ;   5,565135 ;   35,10
510,38 ; 250,02 ;   6,692022 ;   42,27
512,38 ; 249,98 ;   5,573475 ;   35,73
514,38 ; 249,99 ;   6,673980 ;   42,27
516,38 ; 249,99 ;   5,895418 ;   37,76
518,38 ; 249,97 ;   6,197517 ;   39,03
520,38 ; 249,97 ;   6,519198 ;   41,05
522,38 ; 249,98 ;   6,214138 ;   39,16
524,39 ; 249,99 ;   6,035726 ;   38,49
526,39 ; 249,95 ;   5,892364 ;   37,77
528,39 ; 250,05 ;   6,686568 ;   42,41
530,39 ; 250,00 ;   4,934269 ;   31,15
532,39 ; 250,02 ;   6,686332 ;   42,79
534,39 ; 249,97 ;   5,873726 ;   37,64
536,39 ; 249,95 ;   6,667066 ;   42,96
538,40 ; 249,91 ;   6,365497 ;   40,52
540,40 ; 249,98 ;   6,682019 ;   42,63
542,40 ; 249,95 ;   5,409371 ;   34,08
544,40 ; 250,06 ;   6,521314 ;   41,84
546,40 ; 249,95 ;   4,617382 ;   29,19
548,40 ; 249,99 ;   7,647748 ;   48,80
550,41 ; 250,02 ;   5,572828 ;   35,26
552,41 ; 250,02 ;   5,727008 ;   36,36
554,41 ; 250,00 ;   6,194864 ;   39,56
556,41 ; 249,99 ;   6,360487 ;   40,27
558,41 ; 250,00 ;   6,218709 ;   39,68
560,41 ; 249,97 ;   6,033908 ;   38,38
562,41 ; 250,06 ;   6,518340 ;   41,71
564,42 ; 249,99 ;   4,932837 ;   31,08
566,42 ; 249,95 ;   7,006348 ;   44,74
568,42 ; 250,05 ;   6,827680 ;   43,10
570,42 ; 249,95 ;   4,775243 ;   30,53
572,42 ; 250,02 ;   7,314704 ;   46,85
574,42 ; 249,91 ;   5,259463 ;   33,87
576,42 ; 250,02 ;   7,642365 ;   48,38
578,43 ; 250,00 ;   4,776918 ;   30,08
580,43 ; 250,00 ;   6,377656 ;   40,28
582,43 ; 249,93 ;   6,205645 ;   39,02
584,43 ; 250,00 ;   7,161588 ;   45,10
586,43 ; 250,05 ;   5,246658 ;   33,34
588,43 ; 250,00 ;   5,409268 ;   34,97
590,43 ; 249,97 ;   6,690143 ;   42,81
592,44 ; 249,97 ;   6,529804 ;   41,72
594,44 ; 249,95 ;   6,203731 ;   39,20
596,44 ; 249,91 ;   6,374694 ;   40,55
598,44 ; 249,95 ;   6,663677 ;   42,66
600,44 ; 249,95 ;   5,726664 ;   36,13
602,44 ; 250,02 ;   6,214030 ;   39,30
604,44 ; 250,02 ;   5,257562 ;   33,23
606,45 ; 250,08 ;   6,192788 ;   39,59
608,45 ; 249,93 ;   5,249826 ;   33,56
610,45 ; 249,98 ;   8,100849 ;   51,44
612,45 ; 250,02 ;   5,558130 ;   35,38
614,45 ; 250,00 ;   5,561162 ;   35,80
616,45 ; 249,97 ;   6,351709 ;   40,31
618,46 ; 250,02 ;   6,513400 ;   41,74
620,46 ; 249,93 ;   5,559710 ;   35,17
622,46 ; 250,02 ;   7,304899 ;   46,38
624,46 ; 249,99 ;   5,089604 ;   32,01
626,46 ; 249,93 ;   6,351008 ;   40,99
628,46 ; 250,06 ;   6,980826 ;   44,50
630,46 ; 250,00 ;   4,300207 ;   27,97
632,47 ; 250,10 ;   6,985484 ;   44,11
634,47 ; 250,02 ;   4,769604 ;   30,28
636,47 ; 249,98 ;   7,147681 ;   45,23
638,47 ; 249,98 ;   6,660379 ;   42,96
640,47 ; 249,99 ;   6,188907 ;   39,17
642,47 ; 250,02 ;   5,889268 ;   37,82
644,47 ; 250,02 ;   5,884500 ;   37,06
646,48 ; 250,02 ;   6,030718 ;   38,96
648,48 ; 249,95 ;   6,048508 ;   38,96
650,48 ; 250,02 ;   6,983986 ;   44,36
652,48 ; 250,02 ;   5,256235 ;   33,90
654,48 ; 250,05 ;   6,048989 ;   38,28
656,48 ; 250,05 ;   5,725349 ;   36,89
658,48 ; 250,06 ;   6,047677 ;   38,78
660,49 ; 249,95 ;   5,888166 ;   37,42
662,49 ; 249,91 ;   7,633877 ;   48,13
664,49 ; 249,97 ;   6,674759 ;   42,67
666,49 ; 249,89 ;   5,416114 ;   34,79
668,49 ; 250,02 ;   7,146322 ;   45,96
670,49 ; 249,95 ;   4,448897 ;   28,17
672,49 ; 249,97 ;   6,979176 ;   45,00
674,50 ; 249,99 ;   5,864479 ;   37,96
676,50 ; 249,97 ;   5,885067 ;   37,20
678,50 ; 250,02 ;   6,513034 ;   41,13
680,50 ; 250,05 ;   5,576681 ;   35,18
682,50 ; 249,97 ;   5,718772 ;   36,27
684,50 ; 250,04 ;   7,140752 ;   45,55
686,51 ; 249,99 ;   5,255516 ;   33,15
688,51 ; 250,02 ;   6,675029 ;   42,89
690,51 ; 250,02 ;   5,889056 ;   37,07
692,51 ; 250,02 ;   6,033604 ;   38,29
694,51 ; 249,97 ;   6,195089 ;   39,60
696,51 ; 250,00 ;   6,844182 ;   43,01
698,51 ; 249,00 ;   5,734462 ;   36,52
700,52 ; 246,66 ;   19,611514 ;  125,00
702,52 ; 243,81 ;   19,646196 ;  125,00
704,52 ; 241,22 ;   19,650006 ;  125,00
706,52 ; 238,83 ;   19,628555 ;  125,00
708,52 ; 236,77 ;   19,631521 ;  125,00
710,52 ; 235,08 ;   19,624811 ;  125,00
712,53 ; 233,95 ;   19,627681 ;  125,00
714,53 ; 232,89 ;   19,626997 ;  125,00
716,53 ; 232,15 ;   19,605202 ;  125,00
718,53 ; 231,70 ;   19,600204 ;  125,00
720,53 ; 231,48 ;   19,598180 ;  125,00
722,53 ; 231,44 ;   18,875717 ;  119,40
724,53 ; 231,55 ;   16,786524 ;  106,74
726,54 ; 231,77 ;   15,023601 ;   95,79
728,54 ; 232,24 ;   13,767257 ;   87,41
730,54 ; 232,78 ;   10,286421 ;   65,57
732,54 ; 233,42 ;   9,339827 ;   59,16
734,54 ; 234,12 ;   7,598501 ;   48,94
736,54 ; 234,86 ;   6,646675 ;   42,22
738,55 ; 235,61 ;   5,552066 ;   35,78
740,55 ; 236,42 ;   5,082669 ;   32,40
742,55 ; 237,12 ;   3,824334 ;   24,14
744,55 ; 237,95 ;   4,926440 ;   31,04
746,55 ; 238,66 ;   2,555141 ;   16,22
748,55 ; 239,42 ;   3,812111 ;   24,23
750,56 ; 240,06 ;   2,392865 ;   15,99
752,56 ; 240,65 ;   3,664792 ;   23,51
754,56 ; 241,35 ;   3,978708 ;   25,64
756,56 ; 241,86 ;   2,080706 ;   13,14
758,56 ; 242,29 ;   4,131755 ;   26,92
760,56 ; 242,73 ;   4,910150 ;   31,63
762,56 ; 243,16 ;   4,437464 ;   28,60
764,57 ; 243,52 ;   4,442587 ;   28,87
766,57 ; 243,84 ;   4,925281 ;   31,85
768,57 ; 244,05 ;   5,553935 ;   35,16
770,57 ; 244,38 ;   6,666455 ;   42,79
772,57 ; 244,59 ;   4,926755 ;   31,37
774,57 ; 244,86 ;   6,352918 ;   40,82
776,58 ; 244,98 ;   5,559009 ;   35,43
778,58 ; 245,20 ;   7,453062 ;   47,26
780,58 ; 245,34 ;   5,865480 ;   37,62
782,58 ; 245,50 ;   6,981330 ;   44,24
784,58 ; 245,64 ;   6,667128 ;   42,53
786,58 ; 245,72 ;   6,835772 ;   43,43
788,58 ; 245,98 ;   7,627384 ;   48,45
790,59 ; 246,07 ;   5,073251 ;   32,18
792,59 ; 246,23 ;   7,303618 ;   46,63
794,59 ; 246,32 ;   6,349644 ;   40,45
796,59 ; 246,34 ;   7,141847 ;   45,32
798,59 ; 246,48 ;   8,093245 ;   51,22
800,59 ; 246,64 ;   6,492904 ;   41,29
802,60 ; 246,76 ;   6,188429 ;   39,49
804,60 ; 246,89 ;   6,662173 ;   42,30
806,60 ; 246,97 ;   6,345287 ;   40,61
808,60 ; 247,13 ;   6,973632 ;   44,88
810,60 ; 247,15 ;   5,861015 ;   37,98
812,60 ; 247,28 ;   7,618521 ;   48,85
814,60 ; 247,47 ;   6,186371 ;   39,53
816,61 ; 247,52 ;   5,393952 ;   34,31
818,61 ; 247,60 ;   6,976270 ;   44,99
820,61 ; 247,66 ;   6,655743 ;   42,89
822,61 ; 247,80 ;   6,982028 ;   44,70
824,61 ; 247,91 ;   5,886350 ;   37,18
826,61 ; 247,95 ;   6,182271 ;   39,32
828,61 ; 248,06 ;   6,974692 ;   44,31
830,62 ; 248,21 ;   6,027441 ;   38,83
832,62 ; 248,25 ;   5,566020 ;   35,03
834,62 ; 248,36 ;   6,832366 ;   43,82
836,62 ; 248,41 ;   5,868072 ;   37,69
838,62 ; 248,47 ;   6,682428 ;   42,64
840,62 ; 248,61 ;   6,517418 ;   41,18
842,63 ; 248,59 ;   5,402958 ;   34,22
844,63 ; 248,66 ;   7,470006 ;   47,75
846,63 ; 248,80 ;   6,196764 ;   39,23
848,63 ; 248,80 ;   5,430542 ;   34,20
850,63 ; 248,83 ;   6,999878 ;   44,38
852,63 ; 248,95 ;   6,838179 ;   43,09
854,63 ; 248,98 ;   5,434530 ;   34,29
856,64 ; 249,02 ;   6,697671 ;   42,48
858,64 ; 249,09 ;   6,529852 ;   41,09
860,64 ; 249,15 ;   6,037602 ;   38,26
862,64 ; 249,16 ;   6,043351 ;   38,64
864,64 ; 249,13 ;   6,832028 ;   43,10
866,64 ; 249,29 ;   7,322982 ;   46,50
868,64 ; 249,28 ;   4,612838 ;   29,87
870,65 ; 249,38 ;   6,848355 ;   43,89
872,65 ; 249,45 ;   5,568874 ;   35,22
874,65 ; 249,41 ;   5,725993 ;   36,11
876,65 ; 249,45 ;   7,152679 ;   45,86
878,65 ; 249,59 ;   6,191932 ;   39,38
880,65 ; 249,55 ;   4,786600 ;   30,43
882,66 ; 249,60 ;   7,146889 ;   45,90
884,66 ; 249,55 ;   5,887684 ;   37,42
886,66 ; 249,62 ;   7,299812 ;   46,61
888,66 ; 249,59 ;   5,734314 ;   36,15
890,66 ; 249,65 ;   6,987534 ;   44,58
892,66 ; 249,57 ;   5,739690 ;   36,68
894,66 ; 249,66 ;   7,639558 ;   48,53
896,67 ; 249,73 ;   5,409790 ;   34,14
898,67 ; 249,73 ;   5,735533 ;   36,36
900,67 ; 249,70 ;   6,519376 ;   41,44
902,67 ; 249,84 ;   7,013165 ;   44,16
904,67 ; 249,73 ;   4,635735 ;   29,51
906,67 ; 249,84 ;   7,958107 ;   50,36
908,68 ; 249,80 ;   4,945392 ;   31,40
910,68 ; 249,88 ;   7,000969 ;   44,95
912,68 ; 249,95 ;   5,267166 ;   33,75
914,68 ; 249,91 ;   5,411729 ;   34,64
916,68 ; 249,91 ;   6,853159 ;   43,71
918,68 ; 249,95 ;   6,375433 ;   40,56
920,68 ; 250,02 ;   5,884315 ;   37,86
922,69 ; 249,89 ;   5,432539 ;   34,32
924,69 ; 250,05 ;   7,986494 ;   50,82
926,69 ; 249,95 ;   4,311249 ;   27,20
928,69 ; 249,97 ;   7,639839 ;   48,62
930,69 ; 250,00 ;   6,040478 ;   38,38
932,69 ; 250,02 ;   5,899154 ;   37,58
934,69 ; 249,97 ;   6,067790 ;   38,76
936,70 ; 250,09 ;   7,004940 ;   44,07
938,70 ; 250,10 ;   4,791697 ;   30,16
940,70 ; 250,05 ;   6,047386 ;   38,28
942,70 ; 249,99 ;   7,021239 ;   44,26
944,70 ; 249,98 ;   6,999421 ;   44,56
946,70 ; 250,15 ;   6,527927 ;   41,48
948,71 ; 250,02 ;   3,984118 ;   25,37
950,71 ; 250,02 ;   7,969700 ;   50,75
952,71 ; 250,13 ;   6,208559 ;   39,99
954,71 ; 250,06 ;   4,619331 ;   29,86
956,71 ; 250,09 ;   7,157715 ;   45,41
958,71 ; 250,08 ;   5,875532 ;   37,69
960,71 ; 250,02 ;   6,368830 ;   40,25
962,72 ; 250,08 ;   6,995617 ;   44,34
964,72 ; 250,10 ;   5,575583 ;   35,19
966,72 ; 250,13 ;   5,895284 ;   37,58
968,72 ; 250,11 ;   5,735878 ;   36,77
970,72 ; 250,06 ;   6,524663 ;   41,31
972,72 ; 250,08 ;   6,838851 ;   43,45
974,72 ; 250,06 ;   6,061123 ;   38,30
976,73 ; 250,05 ;   6,362967 ;   40,91
978,73 ; 250,13 ;   6,366423 ;   40,99
980,73 ; 250,10 ;   5,105487 ;   32,97
982,73 ; 250,16 ;   6,532034 ;   41,31
984,73 ; 250,13 ;   5,406030 ;   34,68
986,73 ; 250,13 ;   6,518276 ;   41,79
988,74 ; 250,08 ;   6,034464 ;   38,57
990,74 ; 250,19 ;   6,847832 ;   43,92
992,74 ; 250,05 ;   4,777819 ;   30,04
994,74 ; 250,09 ;   8,110792 ;   51,03
996,74 ; 250,11 ;   5,732660 ;   36,26
998,74 ; 250,13 ;   5,884383 ;   37,39
1000,74 ; 250,15 ;   5,905591 ;   37,25
1002,75 ; 250,15 ;   5,901952 ;   37,79
1004,75 ; 250,08 ;   6,201553 ;   39,04
1006,75 ; 250,09 ;   7,177465 ;   45,10
1008,75 ; 250,05 ;   6,055445 ;   38,73
1010,75 ; 250,05 ;   6,700748 ;   42,73
1012,75 ; 250,11 ;   6,224492 ;   39,56
1014,75 ; 250,08 ;   5,409712 ;   34,16
1016,76 ; 250,11 ;   6,529963 ;   41,91
1018,76 ; 250,13 ;   5,735363 ;   36,67
1020,76 ; 250,13 ;   5,896740 ;   37,84
1022,76 ; 250,13 ;   6,222037 ;   39,09
1024,76 ; 250,20 ;   6,202389 ;   39,08
1026,76 ; 250,04 ;   5,110874 ;   32,99
1028,77 ; 250,16 ;   8,296742 ;   52,17
1030,77 ; 250,17 ;   4,629553 ;   29,39
1032,77 ; 250,19 ;   5,910084 ;   37,51
1034,77 ; 250,09 ;   5,907371 ;   37,41
1036,77 ; 250,11 ;   7,497977 ;   47,44
1038,77 ; 250,13 ;   5,892942 ;   37,18
1040,77 ; 250,13 ;   5,910039 ;   37,04
1042,78 ; 250,08 ;   6,236097 ;   39,60
1044,78 ; 250,13 ;   6,829453 ;   43,01
1046,78 ; 250,08 ;   5,567863 ;   35,16
1048,78 ; 250,08 ;   6,668564 ;   42,99
1050,78 ; 250,10 ;   6,238357 ;   39,19
1052,78 ; 250,16 ;   5,906871 ;   37,16
1054,78 ; 250,11 ;   5,424681 ;   34,32
1056,79 ; 250,08 ;   6,705256 ;   42,78
1058,79 ; 250,11 ;   6,542627 ;   41,68
1060,79 ; 250,19 ;   5,739606 ;   36,44
1062,79 ; 250,08 ;   5,112366 ;   32,21
1064,79 ; 250,09 ;   7,499940 ;   47,97
1066,79 ; 250,10 ;   6,053581 ;   38,44
1068,80 ; 250,10 ;   5,897667 ;   37,71
1070,80 ; 250,13 ;   6,060989 ;   38,97
1072,80 ; 250,10 ;   5,739435 ;   36,93
1074,80 ; 250,15 ;   6,374917 ;   40,84
1076,80 ; 250,10 ;   5,418853 ;   34,88
1078,80 ; 250,13 ;   6,679335 ;   42,72
1080,80 ; 250,09 ;   5,742437 ;   36,89
1082,81 ; 250,02 ;   6,691619 ;   42,15
1084,81 ; 250,15 ;   6,996774 ;   44,38
1086,81 ; 250,06 ;   4,454268 ;   28,52
1088,81 ; 250,10 ;   7,326473 ;   46,05
1090,81 ; 250,11 ;   5,583500 ;   35,71
1092,81 ; 250,08 ;   6,051809 ;   38,19
1094,81 ; 250,05 ;   6,537979 ;   41,51
1096,82 ; 250,06 ;   6,537882 ;   41,68
1098,82 ; 250,06 ;   5,899532 ;   37,79
1100,82 ; 250,13 ;   6,217874 ;   39,05
1102,82 ; 250,09 ;   5,101672 ;   32,97
1104,82 ; 250,09 ;   6,695931 ;   42,70
1106,82 ; 250,09 ;   6,073129 ;   38,90
1108,83 ; 250,02 ;   6,069313 ;   38,89
1110,83 ; 250,08 ;   7,004357 ;   44,96
1112,83 ; 250,11 ;   5,274444 ;   33,87
1114,83 ; 250,06 ;   5,746174 ;   36,22
1116,83 ; 250,05 ;   6,705409 ;   42,79
1118,83 ; 250,06 ;   6,361100 ;   40,34
1120,83 ; 250,02 ;   5,910696 ;   37,72
1122,84 ; 249,93 ;   6,685166 ;   42,35
1124,84 ; 249,99 ;   7,503718 ;   47,30
1126,84 ; 249,99 ;   5,421837 ;   34,31
1128,84 ; 249,98 ;   6,219522 ;   39,37
1130,84 ; 250,02 ;   6,395360 ;   40,72
1132,84 ; 250,04 ;   5,731388 ;   36,08
1134,84 ; 250,00 ;   5,912782 ;   37,22
1136,85 ; 250,02 ;   6,706344 ;   42,48
1138,85 ; 250,05 ;   5,912275 ;   37,30
1140,85 ; 249,99 ;   5,909008 ;   37,17
1142,85 ; 250,04 ;   6,850862 ;   43,79
1144,85 ; 250,05 ;   5,585311 ;   35,31
1146,85 ; 250,09 ;   6,076304 ;   38,43
1148,86 ; 250,02 ;   5,581655 ;   35,68
1150,86 ; 250,04 ;   7,030828 ;   44,23
1152,86 ; 250,02 ;   5,907294 ;   37,82
1154,86 ; 250,02 ;   6,402205 ;   40,43
1156,86 ; 250,05 ;   6,215574 ;   39,84
1158,86 ; 250,08 ;   5,754022 ;   36,51
1160,86 ; 249,99 ;   5,749661 ;   36,33
1162,87 ; 250,08 ;   7,338454 ;   46,28
1164,87 ; 249,99 ;   4,951957 ;   31,90
1166,87 ; 250,15 ;   7,341147 ;   46,27
1168,87 ; 250,05 ;   3,996391 ;   25,81
1170,87 ; 249,93 ;   7,499965 ;   47,22
1172,87 ; 250,13 ;   7,806315 ;   49,13
1174,87 ; 250,11 ;   3,523172 ;   22,77
1176,88 ; 250,04 ;   6,237078 ;   39,92
1178,88 ; 250,02 ;   7,012157 ;   44,72
1180,88 ; 250,06 ;   6,378557 ;   40,38
1182,88 ; 249,98 ;   5,585391 ;   35,73
1184,88 ; 250,08 ;   7,335580 ;   46,32
1186,88 ; 250,02 ;   4,792165 ;   30,59
1188,88 ; 249,99 ;   6,850026 ;   43,53
1190,89 ; 250,13 ;   6,539444 ;   41,80
1192,89 ; 250,02 ;   4,320643 ;   27,79
1194,89 ; 250,09 ;   7,480635 ;   47,98
1196,89 ; 250,09 ;   5,259887 ;   33,05
1198,89 ; 250,09 ;   6,072018 ;   38,73
1200,89 ; 250,05 ;   6,050912 ;   38,73
1202,90 ; 250,08 ;   6,705582 ;   42,09
1204,90 ; 250,06 ;   5,732074 ;   36,23
1206,90 ; 249,99 ;   6,377243 ;   40,10
1208,90 ; 249,97 ;   7,013565 ;   44,91
1210,90 ; 250,09 ;   6,541301 ;   41,24
1212,90 ; 249,99 ;   4,641565 ;   29,22
1214,90 ; 250,04 ;   7,338727 ;   46,80
1216,91 ; 250,02 ;   5,584494 ;   35,16
1218,91 ; 249,99 ;   6,377820 ;   40,30
1220,91 ; 250,02 ;   6,545327 ;   41,74
1222,91 ; 250,10 ;   5,908938 ;   37,18
1224,91 ; 250,02 ;   4,951402 ;   31,65
1226,91 ; 250,00 ;   7,176203 ;   45,35
1228,91 ; 250,02 ;   6,525130 ;   41,05
1230,92 ; 250,06 ;   5,905850 ;   37,13
1232,92 ; 249,98 ;   5,568250 ;   35,65
1234,92 ; 249,99 ;   7,316637 ;   46,23
1236,92 ; 250,05 ;   5,890270 ;   37,93
1238,92 ; 250,02 ;   5,437368 ;   34,47
1240,92 ; 250,00 ;   6,380318 ;   40,91
1242,93 ; 250,04 ;   6,542111 ;   41,04
1244,93 ; 249,98 ;   5,582631 ;   35,76
1246,93 ; 250,02 ;   7,035523 ;   44,32
1248,93 ; 250,02 ;   5,591410 ;   35,22
1250,93 ; 250,05 ;   6,216504 ;   39,68
1252,93 ; 250,13 ;   5,763359 ;   36,35
1254,93 ; 249,99 ;   5,113770 ;   32,12
1256,94 ; 250,00 ;   7,830306 ;   49,92
1258,94 ; 250,08 ;   6,072462 ;   38,49
1260,94 ; 250,05 ;   5,115895 ;   32,37
1262,94 ; 250,02 ;   6,543395 ;   41,39
1264,94 ; 249,93 ;   6,529279 ;   41,56
1266,94 ; 249,95 ;   7,316556 ;   46,45
1268,95 ; 250,02 ;   6,043179 ;   38,15
1270,95 ; 249,95 ;   5,267234 ;   33,35
1272,95 ; 249,93 ;   6,996781 ;   44,43
1274,95 ; 250,02 ;   6,525700 ;   41,41
1276,95 ; 249,99 ;   4,923372 ;   31,41
1278,95 ; 250,09 ;   6,527978 ;   41,70
1280,95 ; 250,02 ;   4,943481 ;   31,07
1282,96 ; 250,11 ;   6,997983 ;   44,05
1284,96 ; 250,05 ;   4,943612 ;   31,56
1286,96 ; 250,02 ;   6,837433 ;   43,91
1288,96 ; 250,04 ;   6,364874 ;   40,87
1290,96 ; 250,05 ;   5,898132 ;   37,62
1292,96 ; 249,99 ;   6,044907 ;   38,21
1294,96 ; 250,05 ;   6,853866 ;   43,56
1296,97 ; 250,05 ;   5,428760 ;   34,41
1298,97 ; 250,02 ;   6,058314 ;   38,83
1300,97 ; 249,95 ;   6,366703 ;   40,85
1302,97 ; 250,05 ;   7,159589 ;   45,04
1304,97 ; 250,04 ;   4,943045 ;   31,25
1306,97 ; 249,98 ;   6,212956 ;   39,50
1308,97 ; 250,05 ;   7,012387 ;   44,27
1310,98 ; 250,06 ;   5,253865 ;   33,14
1312,98 ; 250,05 ;   5,890670 ;   37,47
1314,98 ; 249,98 ;   6,375757 ;   40,08
1316,98 ; 250,00 ;   7,017625 ;   44,89
1318,98 ; 250,00 ;   5,901975 ;   37,17
1320,98 ; 249,97 ;   6,205438 ;   39,07
1322,98 ; 249,99 ;   6,536268 ;   41,77
1324,99 ; 249,95 ;   5,900273 ;   37,22
1326,99 ; 250,02 ;   6,845411 ;   43,17
1328,99 ; 249,97 ;   5,095093 ;   32,63
1330,99 ; 250,05 ;   6,848968 ;   43,68
1332,99 ; 249,95 ;   5,104834 ;   32,50
1334,99 ; 249,98 ;   7,484266 ;   47,59
1337,00 ; 250,05 ;   5,750664 ;   36,68
1339,00 ; 249,95 ;   5,246447 ;   33,14
1341,00 ; 249,99 ;   7,322631 ;   46,93
1343,00 ; 249,99 ;   5,591174 ;   35,97
1345,00 ; 250,00 ;   6,207269 ;   39,13
1347,00 ; 250,02 ;   6,059917 ;   38,45
1349,00 ; 249,97 ;   5,900762 ;   37,73
1351,01 ; 250,06 ;   6,856823 ;   43,05
1353,01 ; 250,02 ;   4,945688 ;   31,16
1355,01 ; 249,97 ;   6,695933 ;   42,79
1357,01 ; 250,00 ;   6,859823 ;   43,04
1359,01 ; 250,00 ;   5,741231 ;   36,55
1361,01 ; 249,95 ;   6,224905 ;   39,08
1363,01 ; 249,97 ;   6,844380 ;   43,81
1365,02 ; 249,97 ;   5,889175 ;   37,36
1367,02 ; 249,99 ;   6,222363 ;   39,26
1369,02 ; 249,97 ;   5,905550 ;   37,24
1371,02 ; 250,06 ;   6,542656 ;   41,16
1373,02 ; 250,04 ;   4,946953 ;   31,17
1375,02 ; 250,00 ;   6,366663 ;   40,77
1377,03 ; 250,02 ;   6,691220 ;   42,25
1379,03 ; 250,02 ;   5,896703 ;   37,06
1381,03 ; 249,98 ;   6,213606 ;   39,63
1383,03 ; 250,02 ;   6,682020 ;   42,37
1385,03 ; 250,09 ;   5,577664 ;   35,16
1387,03 ; 249,98 ;   5,274595 ;   33,55
1389,03 ; 250,00 ;   7,643938 ;   48,06
1391,04 ; 250,04 ;   5,889925 ;   37,18
1393,04 ; 249,95 ;   5,581974 ;   35,70
1395,04 ; 250,02 ;   7,325554 ;   46,96
1397,04 ; 250,02 ;   5,091236 ;   32,63
1399,04 ; 250,02 ;   6,214435 ;   39,62
1401,04 ; 249,95 ;   6,071252 ;   38,31
1403,04 ; 250,02 ;   7,174545 ;   45,70
1405,05 ; 250,02 ;   5,111391 ;   32,63
1407,05 ; 249,97 ;   6,216441 ;   39,62
1409,05 ; 249,91 ;   6,850685 ;   43,04
1411,05 ; 250,02 ;   6,850294 ;   43,98
1413,05 ; 250,02 ;   4,783333 ;   30,78
1415,05 ; 250,02 ;   6,055257 ;   39,00
1417,06 ; 250,02 ;   6,052928 ;   38,32
1419,06 ; 249,99 ;   6,231636 ;   39,63
1421,06 ; 250,02 ;   6,526914 ;   41,02
1423,06 ; 249,97 ;   5,906100 ;   37,10
1425,06 ; 249,97 ;   6,850035 ;   43,04
1427,06 ; 250,09 ;   6,215986 ;   39,25
1429,06 ; 249,91 ;   4,621019 ;   29,13
1431,07 ; 249,95 ;   8,598961 ;   54,14
1433,07 ; 250,02 ;   5,581590 ;   35,55
1435,07 ; 249,95 ;   5,256979 ;   33,94
1437,07 ; 250,04 ;   7,172650 ;   45,08
1439,07 ; 250,02 ;   4,947622 ;   31,29
1441,07 ; 250,09 ;   6,377885 ;   40,90
1443,07 ; 249,99 ;   5,114856 ;   32,93
1445,08 ; 250,04 ;   7,332721 ;   46,71
1447,08 ; 250,04 ;   5,583185 ;   35,07
1449,08 ; 249,97 ;   6,070826 ;   38,86
1451,08 ; 250,00 ;   7,000598 ;   44,94
1453,08 ; 250,02 ;   5,742121 ;   36,55
1455,08 ; 249,91 ;   5,892023 ;   37,73
1457,09 ; 249,98 ;   7,490462 ;   47,77
1459,09 ; 249,93 ;   5,429139 ;   34,15
1461,09 ; 249,97 ;   6,861270 ;   43,27
1463,09 ; 249,91 ;   5,739294 ;   36,10
1465,09 ; 249,97 ;   7,008971 ;   44,67
1467,09 ; 250,02 ;   5,421699 ;   34,22
1469,09 ; 249,98 ;   5,419205 ;   34,55
1471,10 ; 250,13 ;   6,847147 ;   43,02
1473,10 ; 250,02 ;   4,155392 ;   26,41
1475,10 ; 249,95 ;   7,500635 ;   47,18
1477,10 ; 250,02 ;   7,173199 ;   45,72
1479,10 ; 249,97 ;   5,276967 ;   33,32
1481,10 ; 249,95 ;   6,847450 ;   43,06
1483,10 ; 249,99 ;   6,540052 ;   41,30
1485,11 ; 250,02 ;   5,584929 ;   35,35
1487,11 ; 250,02 ;   5,742831 ;   36,45
1489,11 ; 249,95 ;   6,069631 ;   38,97
1491,11 ; 250,02 ;   7,184306 ;   45,05
1493,11 ; 249,91 ;   5,251093 ;   33,96
1495,11 ; 250,02 ;   7,643491 ;   48,47
1497,11 ; 249,95 ;   4,636652 ;   29,50
1499,12 ; 250,09 ;   7,174471 ;   45,73
1501,12 ; 250,00 ;   4,295661 ;   27,26
1503,12 ; 250,05 ;   7,330581 ;   46,06
1505,12 ; 250,05 ;   5,590314 ;   35,05
1507,12 ; 250,09 ;   6,057554 ;   38,84
1509,12 ; 249,95 ;   5,576687 ;   35,46
1511,13 ; 249,91 ;   7,953508 ;   50,10
1513,13 ; 249,95 ;   6,853701 ;   43,40
1515,13 ; 250,05 ;   5,737134 ;   36,24
1517,13 ; 250,09 ;   4,779238 ;   30,63
1519,13 ; 249,99 ;   5,573824 ;   35,47
1521,13 ; 250,11 ;   7,324151 ;   46,73
1523,13 ; 250,02 ;   4,617034 ;   29,01
1525,14 ; 249,95 ;   7,162816 ;   45,91
1527,14 ; 249,97 ;   7,159003 ;   45,03
1529,14 ; 249,95 ;   5,898711 ;   38,00
1531,14 ; 250,02 ;   6,530021 ;   41,29
1533,14 ; 250,02 ;   5,251095 ;   33,32
1535,14 ; 250,05 ;   6,220928 ;   39,01
1537,14 ; 250,02 ;   5,718300 ;   36,31
1539,15 ; 250,08 ;   6,368408 ;   40,86
1541,15 ; 250,02 ;   5,412860 ;   34,23
1543,15 ; 249,98 ;   7,018804 ;   44,05
1545,15 ; 250,06 ;   6,699811 ;   42,37
1547,15 ; 250,05 ;   4,942117 ;   31,78
1549,15 ; 250,00 ;   6,371673 ;   40,08
1551,16 ; 249,91 ;   6,697411 ;   42,87
1553,16 ; 250,06 ;   7,496487 ;   47,17
1555,16 ; 250,05 ;   4,156009 ;   26,09
1557,16 ; 249,99 ;   6,370927 ;   40,08
1559,16 ; 249,95 ;   6,844587 ;   43,54
1561,16 ; 249,97 ;   6,844744 ;   43,17
1563,16 ; 249,98 ;   5,889391 ;   37,35
1565,17 ; 249,95 ;   6,075788 ;   38,57
1567,17 ; 250,02 ;   6,540993 ;   41,91
1569,17 ; 249,98 ;   5,277248 ;   33,31
1571,17 ; 250,00 ;   6,707041 ;   42,37
1573,17 ; 249,97 ;   5,910920 ;   37,19
1575,17 ; 249,97 ;   6,544951 ;   41,79
1577,17 ; 250,04 ;   6,235890 ;   39,26
1579,18 ; 249,99 ;   5,262409 ;   33,19
1581,18 ; 249,88 ;   6,709151 ;   42,93
1583,18 ; 250,05 ;   7,661266 ;   48,58
1585,18 ; 250,05 ;   3,995993 ;   25,56
1587,18 ; 249,99 ;   6,075919 ;   38,84
1589,18 ; 250,08 ;   6,859315 ;   43,56
1591,18 ; 250,05 ;   4,956513 ;   31,70
1593,19 ; 250,02 ;   6,542216 ;   41,36
1595,19 ; 250,00 ;   6,546227 ;   41,52
1597,19 ; 249,97 ;   6,384826 ;   40,34
1599,19 ; 250,09 ;   6,545762 ;   41,78
1601,19 ; 250,00 ;   4,630285 ;   29,13
1603,19 ; 250,02 ;   7,335311 ;   46,03
1605,20 ; 250,00 ;   5,909035 ;   37,72
1607,20 ; 250,02 ;   6,376533 ;   40,34
1609,20 ; 249,98 ;   5,909848 ;   37,72
1611,20 ; 250,00 ;   6,708518 ;   42,36
1613,20 ; 250,02 ;   5,906841 ;   37,17
1615,20 ; 249,99 ;   5,892316 ;   37,05
1617,20 ; 249,99 ;   6,559246 ;   41,64
1619,21 ; 250,02 ;   6,239342 ;   39,11
1621,21 ; 249,95 ;   5,916243 ;   37,09
1623,21 ; 249,97 ;   7,019055 ;   44,39
1625,21 ; 250,00 ;   5,916676 ;   37,98
1627,21 ; 250,02 ;   5,752953 ;   36,55
1629,21 ; 250,02 ;   5,919411 ;   37,05
1631,21 ; 249,99 ;   6,229941 ;   39,62
1633,22 ; 249,99 ;   6,549852 ;   41,01
1635,22 ; 249,99 ;   6,216379 ;   39,12
1637,22 ; 250,02 ;   6,235238 ;   39,12
1639,22 ; 250,02 ;   5,912170 ;   37,09
1641,22 ; 250,02 ;   6,073234 ;   38,31
1643,22 ; 249,93 ;   6,062982 ;   38,94
1645,23 ; 250,02 ;   7,512042 ;   47,04
1647,23 ; 250,13 ;   5,123564 ;   32,03
1649,23 ; 249,95 ;   4,630890 ;   29,54
1651,23 ; 250,08 ;   8,453950 ;   53,24
1653,23 ; 250,02 ;   4,487053 ;   28,52
1655,23 ; 250,04 ;   7,012832 ;   44,04
1657,23 ; 250,08 ;   5,757249 ;   36,95
1659,24 ; 250,09 ;   5,586765 ;   35,47
1661,24 ; 250,11 ;   5,912281 ;   37,95
1663,24 ; 250,02 ;   5,747634 ;   36,54
1665,24 ; 250,02 ;   7,175837 ;   45,86
1667,24 ; 250,02 ;   6,072449 ;   38,90
1669,24 ; 249,99 ;   6,058443 ;   38,90
1671,24 ; 249,95 ;   6,551006 ;   41,60
1673,25 ; 250,02 ;   6,871423 ;   43,12
1675,25 ; 249,97 ;   5,278678 ;   33,26
1677,25 ; 250,02 ;   6,709171 ;   42,99
1679,25 ; 249,99 ;   5,425324 ;   34,47
1681,25 ; 249,98 ;   6,546502 ;   41,60
1683,25 ; 250,02 ;   6,380551 ;   40,42
1685,25 ; 249,99 ;   5,584751 ;   35,79
1687,26 ; 250,02 ;   6,400103 ;   40,97
1689,26 ; 250,06 ;   5,748998 ;   36,37
1691,26 ; 249,99 ;   5,584053 ;   35,53
1693,26 ; 250,04 ;   7,036465 ;   44,76
1695,26 ; 249,97 ;   5,594064 ;   35,02
1697,26 ; 249,91 ;   7,027132 ;   44,89
1699,27 ; 249,98 ;   6,866990 ;   43,92
1701,27 ; 250,08 ;   5,440791 ;   34,10
1703,27 ; 250,02 ;   4,811286 ;   30,38
1705,27 ; 250,06 ;   6,870464 ;   44,00
1707,27 ; 249,91 ;   5,426639 ;   34,89
1709,27 ; 249,97 ;   8,132028 ;   51,50
1711,27 ; 250,02 ;   5,441039 ;   34,77
1713,28 ; 249,95 ;   5,438124 ;   34,48
1715,28 ; 249,98 ;   7,012324 ;   44,98
1717,28 ; 249,97 ;   5,911177 ;   37,26
1719,28 ; 249,95 ;   6,214753 ;   39,84
1721,28 ; 249,93 ;   6,380770 ;   40,56
1723,28 ; 250,02 ;   6,544138 ;   41,33
1725,28 ; 250,02 ;   4,935379 ;   31,33
1727,29 ; 249,97 ;   6,217699 ;   39,59
1729,29 ; 249,93 ;   6,848117 ;   43,01
1731,29 ; 249,95 ;   6,688137 ;   42,60
1733,29 ; 249,99 ;   5,908630 ;   37,42
1735,29 ; 249,91 ;   5,581173 ;   35,94
1737,29 ; 249,93 ;   7,171354 ;   45,85
1739,30 ; 249,99 ;   6,047949 ;   38,19
1741,30 ; 249,91 ;   5,415575 ;   34,06
1743,30 ; 250,02 ;   7,164904 ;   45,87
1745,30 ; 250,00 ;   4,784961 ;   30,78
1747,30 ; 249,99 ;   6,373535 ;   40,35
1749,30 ; 250,04 ;   6,209806 ;   39,76
1751,30 ; 249,91 ;   5,580238 ;   35,07
1753,31 ; 249,95 ;   7,805389 ;   49,66
1755,31 ; 250,04 ;   5,741664 ;   36,86
1757,31 ; 249,98 ;   4,949683 ;   31,29
1759,31 ; 249,93 ;   7,007962 ;   44,28
1761,31 ; 249,98 ;   6,864841 ;   43,27
1763,31 ; 249,99 ;   5,582747 ;   35,43
1765,31 ; 249,95 ;   5,889878 ;   37,88
1767,32 ; 250,02 ;   6,703946 ;   42,52
1769,32 ; 249,97 ;   5,273471 ;   33,95
1771,32 ; 249,98 ;   6,865272 ;   43,07
1773,32 ; 250,02 ;   6,051170 ;   38,60
1775,32 ; 250,05 ;   5,582427 ;   35,86
1777,32 ; 249,99 ;   5,742635 ;   36,32
1779,32 ; 249,99 ;   6,847847 ;   43,57
1781,33 ; 249,95 ;   6,215709 ;   39,14
1783,33 ; 250,02 ;   6,685583 ;   42,52
1785,33 ; 249,93 ;   5,258238 ;   33,29
1787,33 ; 249,97 ;   7,479955 ;   47,08
1789,33 ; 249,99 ;   5,728477 ;   36,12
1791,33 ; 249,98 ;   5,908326 ;   37,26
1793,33 ; 249,99 ;   6,380649 ;   40,51
1795,34 ; 250,04 ;   5,908501 ;   37,89
1797,34 ; 250,00 ;   5,582881 ;   35,11
1799,34 ; 250,08 ;   6,702503 ;   42,27
1801,34 ; 249,95 ;   5,118039 ;   32,36
1803,34 ; 250,08 ;   7,807994 ;   49,48
1805,34 ; 250,05 ;   4,464453 ;   28,57
1807,35 ; 250,04 ;   6,537440 ;   41,38

