Tempo total (s) ;Temperatura (ºC) ; Potencia atual (W) ; Saida
P:   5.40 I: 120.00 D:  30.00 Tensão:6.411 V Temperatura ambiente:     25.22ºC
2,00 ; 250,09 ;   4,645155 ;   29,86
4,00 ; 250,00 ;   5,441033 ;   34,66
6,00 ; 249,95 ;   7,216421 ;   45,87
8,01 ; 250,02 ;   6,726206 ;   42,97
10,01 ; 249,99 ;   5,297626 ;   33,78
12,01 ; 250,05 ;   6,404746 ;   40,86
14,01 ; 250,04 ;   5,439320 ;   34,24
16,01 ; 250,02 ;   6,257512 ;   39,34
18,01 ; 249,98 ;   6,417114 ;   40,73
20,01 ; 250,02 ;   6,731056 ;   42,20
22,02 ; 250,00 ;   5,626494 ;   35,67
24,02 ; 249,95 ;   6,407901 ;   40,18
26,02 ; 250,00 ;   6,737398 ;   42,97
28,02 ; 249,95 ;   5,600420 ;   35,12
30,02 ; 249,95 ;   6,723319 ;   42,97
32,02 ; 250,00 ;   6,254912 ;   39,86
34,02 ; 249,95 ;   5,436993 ;   34,50
36,03 ; 249,99 ;   6,715973 ;   42,98
38,03 ; 250,02 ;   5,594822 ;   35,81
40,03 ; 249,98 ;   5,768687 ;   36,27
42,03 ; 249,99 ;   6,699365 ;   42,85
44,03 ; 249,99 ;   5,918987 ;   37,71
46,03 ; 249,95 ;   6,060522 ;   38,98
48,03 ; 249,84 ;   6,718584 ;   42,35
50,03 ; 249,98 ;   7,676253 ;   48,65
52,04 ; 249,91 ;   4,469741 ;   28,33
54,04 ; 249,91 ;   7,021807 ;   44,49
56,04 ; 250,02 ;   6,388738 ;   40,11
58,04 ; 249,95 ;   4,796604 ;   30,04
60,04 ; 249,97 ;   7,041659 ;   44,29
62,04 ; 249,91 ;   5,930958 ;   37,88
64,04 ; 249,97 ;   7,038131 ;   44,55
66,05 ; 249,98 ;   5,458973 ;   34,10
68,05 ; 250,04 ;   6,069976 ;   38,48
70,05 ; 249,91 ;   5,290948 ;   33,72
72,05 ; 249,93 ;   7,831295 ;   49,58
74,05 ; 249,95 ;   6,088953 ;   38,12
76,05 ; 250,02 ;   5,911496 ;   37,36
78,05 ; 249,98 ;   5,286003 ;   33,86
80,06 ; 250,00 ;   6,714985 ;   42,29
82,06 ; 249,95 ;   5,923209 ;   37,11
84,06 ; 250,02 ;   6,864303 ;   43,06
86,06 ; 249,98 ;   5,268393 ;   33,19
88,06 ; 249,99 ;   6,704323 ;   42,93
90,06 ; 250,06 ;   5,918539 ;   37,79
92,06 ; 249,98 ;   5,110143 ;   32,98
94,07 ; 250,02 ;   7,359943 ;   46,09
96,07 ; 249,99 ;   5,613887 ;   35,09
98,07 ; 249,91 ;   6,556984 ;   41,58
100,07 ; 249,95 ;   7,367193 ;   46,47
102,07 ; 249,95 ;   5,603317 ;   35,48
104,07 ; 250,04 ;   6,251319 ;   39,28
106,07 ; 249,93 ;   4,969242 ;   31,85
108,08 ; 250,02 ;   7,673299 ;   48,26
110,08 ; 249,95 ;   4,961752 ;   31,98
112,08 ; 250,02 ;   7,187783 ;   45,02
114,08 ; 250,00 ;   5,122392 ;   32,58
116,08 ; 249,95 ;   6,392314 ;   40,92
118,08 ; 250,02 ;   6,867893 ;   43,75
120,08 ; 249,95 ;   5,273901 ;   33,26
122,09 ; 249,91 ;   7,034096 ;   44,35
124,09 ; 249,99 ;   6,705203 ;   42,67
126,09 ; 250,00 ;   5,127201 ;   32,76
128,09 ; 250,00 ;   6,088320 ;   38,41
130,09 ; 250,02 ;   6,237841 ;   39,04
132,09 ; 250,02 ;   5,905839 ;   37,69
134,09 ; 249,91 ;   6,089414 ;   38,96
136,10 ; 249,95 ;   7,500155 ;   47,73
138,10 ; 249,98 ;   5,772790 ;   36,14
140,10 ; 250,00 ;   5,919089 ;   37,28
142,10 ; 250,04 ;   5,921397 ;   37,16
144,10 ; 250,02 ;   5,598301 ;   35,68
146,10 ; 249,95 ;   6,404289 ;   40,86
148,10 ; 249,99 ;   7,042321 ;   44,36
150,10 ; 250,02 ;   5,590165 ;   35,93
152,11 ; 249,99 ;   5,922499 ;   37,07
154,11 ; 250,04 ;   6,396210 ;   40,99
156,11 ; 250,04 ;   5,587763 ;   35,04
158,11 ; 250,02 ;   6,072261 ;   38,84
160,11 ; 250,00 ;   6,384615 ;   40,18
162,11 ; 249,95 ;   6,385706 ;   40,94
164,11 ; 249,95 ;   6,856318 ;   43,77
166,12 ; 249,95 ;   6,219372 ;   39,35
168,12 ; 249,97 ;   6,219168 ;   39,35
170,12 ; 249,89 ;   5,914925 ;   37,33
172,12 ; 250,02 ;   7,180434 ;   45,99
174,12 ; 249,95 ;   4,484546 ;   28,87
176,12 ; 250,04 ;   7,037600 ;   44,39
178,12 ; 249,97 ;   4,959098 ;   31,91
180,13 ; 249,98 ;   7,038801 ;   44,94
182,13 ; 249,97 ;   6,075694 ;   38,57
184,13 ; 249,95 ;   6,243335 ;   39,88
186,13 ; 249,99 ;   6,565340 ;   41,28
188,13 ; 250,00 ;   5,588145 ;   35,33
190,13 ; 249,99 ;   6,072534 ;   38,45
192,13 ; 249,93 ;   6,219884 ;   39,76
194,14 ; 250,02 ;   7,012611 ;   44,53
196,14 ; 249,91 ;   4,950689 ;   31,38
198,14 ; 249,99 ;   7,829822 ;   49,09
200,14 ; 249,97 ;   5,113626 ;   32,18
202,14 ; 249,86 ;   6,545156 ;   41,17
204,14 ; 250,00 ;   7,645898 ;   48,72
206,14 ; 249,95 ;   4,319865 ;   27,73
208,14 ; 249,99 ;   6,870753 ;   43,16
210,15 ; 249,99 ;   5,585507 ;   36,00
212,15 ; 249,99 ;   6,237887 ;   39,16
214,15 ; 250,04 ;   6,221843 ;   39,16
216,15 ; 250,05 ;   5,588090 ;   35,11
218,15 ; 250,05 ;   6,057998 ;   38,23
220,15 ; 250,00 ;   6,075204 ;   38,86
222,15 ; 250,02 ;   6,692432 ;   42,90
224,16 ; 249,95 ;   5,911519 ;   37,08
226,16 ; 250,02 ;   7,183169 ;   45,73
228,16 ; 249,91 ;   5,280756 ;   33,34
230,16 ; 249,95 ;   7,671487 ;   48,48
232,16 ; 249,99 ;   5,593128 ;   35,58
234,16 ; 250,04 ;   5,752147 ;   36,00
236,16 ; 250,00 ;   5,590220 ;   35,11
238,17 ; 250,02 ;   6,709115 ;   42,28
240,17 ; 249,95 ;   5,915433 ;   37,77
242,17 ; 249,95 ;   7,183398 ;   45,11
244,17 ; 249,95 ;   6,060776 ;   38,75
246,17 ; 250,04 ;   6,388471 ;   40,06
248,17 ; 249,95 ;   4,961102 ;   31,33
250,17 ; 249,97 ;   7,337922 ;   46,34
252,18 ; 249,99 ;   6,076699 ;   38,04
254,18 ; 249,97 ;   5,907225 ;   37,28
256,18 ; 249,97 ;   6,543376 ;   41,21
258,18 ; 250,00 ;   6,233956 ;   39,31
260,18 ; 250,00 ;   5,749219 ;   36,61
262,18 ; 249,91 ;   6,230790 ;   39,14
264,18 ; 250,08 ;   7,333791 ;   46,57
266,19 ; 249,99 ;   3,993597 ;   25,45
268,19 ; 249,97 ;   7,338230 ;   46,14
270,19 ; 250,05 ;   6,541006 ;   41,21
272,19 ; 249,99 ;   5,097853 ;   32,56
274,19 ; 250,08 ;   6,869852 ;   43,61
276,19 ; 250,08 ;   4,952617 ;   31,76
278,19 ; 250,05 ;   6,054613 ;   38,71
280,19 ; 250,05 ;   6,545974 ;   41,40
282,20 ; 250,04 ;   6,072583 ;   38,87
284,20 ; 250,09 ;   6,221806 ;   39,54
286,20 ; 250,04 ;   5,423232 ;   34,85
288,20 ; 250,06 ;   6,707144 ;   42,69
290,20 ; 249,91 ;   5,749026 ;   36,87
292,20 ; 249,99 ;   8,135094 ;   51,58
294,20 ; 249,98 ;   5,114223 ;   32,83
296,21 ; 250,04 ;   6,383945 ;   40,50
298,21 ; 249,99 ;   5,260950 ;   33,84
300,21 ; 250,02 ;   6,711808 ;   42,94
302,21 ; 249,95 ;   5,895702 ;   37,12
304,21 ; 250,02 ;   7,196569 ;   45,10
306,21 ; 249,99 ;   5,275442 ;   33,33
308,21 ; 249,99 ;   6,537845 ;   41,05
310,22 ; 249,98 ;   6,212673 ;   39,15
312,22 ; 250,00 ;   6,379949 ;   40,50
314,22 ; 250,02 ;   5,910314 ;   37,22
316,22 ; 249,99 ;   5,906249 ;   37,76
318,22 ; 249,91 ;   6,556796 ;   41,05
320,22 ; 249,95 ;   7,189513 ;   45,91
322,22 ; 250,04 ;   5,746818 ;   36,89
324,23 ; 249,95 ;   4,950097 ;   31,32
326,23 ; 249,99 ;   7,495528 ;   47,02
328,23 ; 249,98 ;   5,582118 ;   35,38
330,23 ; 250,04 ;   6,393269 ;   40,52
332,23 ; 249,97 ;   5,279609 ;   33,86
334,23 ; 250,05 ;   7,024343 ;   44,99
336,23 ; 249,95 ;   5,113421 ;   32,55
338,24 ; 249,95 ;   7,495464 ;   47,64
340,24 ; 249,99 ;   6,234172 ;   39,43
342,24 ; 249,98 ;   5,586394 ;   35,38
344,24 ; 249,98 ;   6,377798 ;   40,53
346,24 ; 249,98 ;   6,212727 ;   39,27
348,24 ; 249,99 ;   6,235402 ;   39,27
350,24 ; 249,95 ;   5,907970 ;   37,92
352,24 ; 249,95 ;   6,704810 ;   42,56
354,25 ; 250,02 ;   6,378313 ;   40,08
356,25 ; 249,97 ;   5,272808 ;   33,37
358,25 ; 250,00 ;   6,862227 ;   43,11
360,25 ; 249,99 ;   5,744694 ;   36,62
362,25 ; 250,02 ;   6,236181 ;   39,83
364,25 ; 249,98 ;   5,905707 ;   37,17
366,25 ; 249,99 ;   6,704116 ;   42,44
368,26 ; 250,05 ;   5,908703 ;   37,93
370,26 ; 250,00 ;   5,420250 ;   34,47
372,26 ; 250,04 ;   6,703524 ;   42,95
374,26 ; 249,99 ;   5,600824 ;   35,78
376,26 ; 249,99 ;   6,701570 ;   42,99
378,26 ; 249,93 ;   6,234277 ;   39,19
380,26 ; 250,00 ;   7,013458 ;   44,59
382,27 ; 250,02 ;   5,259002 ;   33,47
384,27 ; 249,93 ;   5,907926 ;   37,80
386,27 ; 249,97 ;   7,337895 ;   46,49
388,27 ; 249,98 ;   5,745453 ;   36,17
390,27 ; 250,05 ;   6,069395 ;   38,66
392,27 ; 250,05 ;   5,257924 ;   33,22
394,27 ; 249,95 ;   6,053458 ;   38,90
396,28 ; 250,09 ;   7,500989 ;   47,68
398,28 ; 250,02 ;   4,318755 ;   27,31
400,28 ; 249,93 ;   7,030192 ;   44,76
402,28 ; 249,91 ;   7,337855 ;   46,50
404,28 ; 249,97 ;   6,397339 ;   40,89
406,28 ; 250,02 ;   5,442582 ;   34,91
408,28 ; 250,02 ;   5,583583 ;   35,29
410,29 ; 250,06 ;   6,239047 ;   39,08
412,29 ; 249,95 ;   5,588677 ;   35,03
414,29 ; 249,97 ;   7,653400 ;   48,95
416,29 ; 249,99 ;   5,918190 ;   37,44
418,29 ; 249,95 ;   5,922278 ;   37,31
420,29 ; 250,05 ;   6,874372 ;   43,26
422,29 ; 249,95 ;   4,800200 ;   30,70
424,30 ; 250,00 ;   7,516748 ;   47,69
426,30 ; 249,95 ;   5,285954 ;   34,75
428,30 ; 249,93 ;   6,883968 ;   43,23
430,30 ; 249,99 ;   6,556917 ;   41,46
432,30 ; 249,91 ;   5,427625 ;   34,17
434,30 ; 249,97 ;   7,354622 ;   46,66
436,30 ; 249,99 ;   5,430673 ;   34,31
438,31 ; 249,98 ;   5,922387 ;   37,34
440,31 ; 250,05 ;   6,394072 ;   40,59
442,31 ; 250,02 ;   5,288660 ;   33,25
444,31 ; 250,02 ;   6,397994 ;   40,96
446,31 ; 250,04 ;   6,233985 ;   39,74
448,31 ; 249,99 ;   5,905909 ;   37,08
450,31 ; 250,04 ;   6,887340 ;   43,03
452,31 ; 250,10 ;   5,615444 ;   35,18
454,32 ; 249,95 ;   5,274314 ;   33,57
456,32 ; 250,00 ;   8,302889 ;   52,12
458,32 ; 250,02 ;   5,436572 ;   34,75
460,32 ; 250,09 ;   5,931160 ;   37,83
462,32 ; 250,05 ;   5,276403 ;   33,02
464,32 ; 250,09 ;   6,710462 ;   42,08
466,32 ; 250,02 ;   5,600169 ;   35,53
468,33 ; 249,98 ;   7,035163 ;   44,76
470,33 ; 249,97 ;   6,726879 ;   42,45
472,33 ; 250,00 ;   6,253425 ;   39,97
474,33 ; 249,97 ;   5,763177 ;   36,63
476,33 ; 249,98 ;   6,565647 ;   41,86
478,33 ; 250,02 ;   6,072612 ;   38,66
480,33 ; 250,00 ;   5,605248 ;   35,25
482,34 ; 250,02 ;   6,562085 ;   41,06
484,34 ; 250,05 ;   5,930967 ;   37,14
486,34 ; 250,04 ;   5,926391 ;   37,01
488,34 ; 250,05 ;   6,238890 ;   39,58
490,34 ; 250,05 ;   6,072794 ;   38,27
492,34 ; 250,04 ;   6,091584 ;   38,90
494,34 ; 250,09 ;   6,256358 ;   39,57
496,35 ; 250,04 ;   5,458596 ;   34,88
498,35 ; 249,99 ;   6,726478 ;   42,72
500,35 ; 250,05 ;   6,727564 ;   42,97
502,35 ; 249,98 ;   5,458548 ;   34,45
504,35 ; 250,08 ;   7,034467 ;   44,95
506,35 ; 250,10 ;   4,803824 ;   30,49
508,35 ; 250,02 ;   5,765724 ;   36,67
510,36 ; 250,02 ;   7,196609 ;   45,31
512,36 ; 250,04 ;   6,093031 ;   38,99
514,36 ; 250,00 ;   5,913335 ;   37,63
516,36 ; 249,98 ;   6,728229 ;   42,27
518,36 ; 249,99 ;   6,565234 ;   41,13
520,36 ; 249,98 ;   5,909085 ;   37,89
522,36 ; 249,98 ;   6,401799 ;   40,50
524,36 ; 250,09 ;   6,238799 ;   39,24
526,37 ; 250,05 ;   4,639523 ;   29,79
528,37 ; 250,00 ;   6,707691 ;   42,01
530,37 ; 249,97 ;   6,706548 ;   42,90
532,37 ; 250,02 ;   6,557269 ;   41,81
534,37 ; 249,99 ;   5,451729 ;   34,55
536,37 ; 249,95 ;   6,559718 ;   41,68
538,37 ; 250,02 ;   6,723863 ;   42,52
540,38 ; 250,00 ;   5,274148 ;   33,96
542,38 ; 249,98 ;   6,410212 ;   40,37
544,38 ; 249,95 ;   6,559086 ;   41,13
546,38 ; 250,02 ;   6,554269 ;   41,26
548,38 ; 249,95 ;   5,267609 ;   33,97
550,38 ; 250,02 ;   7,026001 ;   44,43
552,38 ; 249,98 ;   5,286744 ;   33,30
554,39 ; 249,98 ;   6,881433 ;   43,04
556,39 ; 250,02 ;   6,246959 ;   39,25
558,39 ; 250,06 ;   5,594164 ;   35,20
560,39 ; 249,97 ;   5,600690 ;   35,61
562,39 ; 250,04 ;   7,361705 ;   46,87
564,39 ; 250,02 ;   5,275560 ;   33,21
566,39 ; 250,04 ;   6,400577 ;   40,92
568,40 ; 250,02 ;   5,765589 ;   37,00
570,40 ; 249,98 ;   6,403258 ;   40,92
572,40 ; 250,05 ;   6,726048 ;   42,40
574,40 ; 249,95 ;   5,276715 ;   33,16
576,40 ; 250,00 ;   7,509493 ;   47,62
578,40 ; 249,97 ;   5,455509 ;   34,68
580,40 ; 250,02 ;   6,560519 ;   41,81
582,41 ; 250,05 ;   5,605030 ;   35,23
584,41 ; 250,04 ;   5,770520 ;   36,32
586,41 ; 250,05 ;   6,236278 ;   39,52
588,41 ; 249,98 ;   6,093676 ;   38,21
590,41 ; 250,05 ;   7,036487 ;   44,91
592,41 ; 249,99 ;   5,295165 ;   33,15
594,41 ; 249,95 ;   6,871479 ;   43,56
596,42 ; 250,06 ;   6,874034 ;   43,19
598,42 ; 249,91 ;   4,640434 ;   29,27
600,42 ; 250,05 ;   8,307810 ;   52,25
602,42 ; 250,05 ;   4,331808 ;   27,46
604,42 ; 250,04 ;   6,091962 ;   38,84
606,42 ; 249,97 ;   6,237693 ;   39,51
608,42 ; 249,98 ;   7,042995 ;   44,95
610,42 ; 249,95 ;   6,084674 ;   38,59
612,43 ; 250,02 ;   6,559368 ;   41,92
614,43 ; 250,00 ;   5,289629 ;   33,33
616,43 ; 250,02 ;   6,393654 ;   40,36
618,43 ; 250,04 ;   5,927239 ;   37,07
620,43 ; 249,99 ;   5,919618 ;   37,62
622,43 ; 250,08 ;   6,719135 ;   42,93
624,44 ; 250,05 ;   4,963938 ;   31,71
626,44 ; 250,10 ;   6,560616 ;   41,36
628,44 ; 250,09 ;   5,434411 ;   34,10
630,44 ; 250,04 ;   6,234394 ;   39,87
632,44 ; 250,06 ;   6,718946 ;   42,65
634,44 ; 250,02 ;   5,760268 ;   36,82
636,44 ; 249,98 ;   6,721727 ;   42,09
638,44 ; 250,05 ;   6,720608 ;   42,98
640,45 ; 250,05 ;   5,273638 ;   33,11
642,45 ; 250,06 ;   6,094138 ;   38,80
644,45 ; 250,02 ;   5,912787 ;   37,44
646,45 ; 249,99 ;   6,723963 ;   42,75
648,45 ; 250,08 ;   6,414191 ;   40,98
650,45 ; 249,95 ;   4,963756 ;   31,66
652,45 ; 249,91 ;   7,832906 ;   49,41
654,46 ; 249,98 ;   6,871067 ;   43,35
656,46 ; 249,97 ;   5,278727 ;   33,49
658,46 ; 250,00 ;   6,252691 ;   39,85
660,46 ; 250,06 ;   5,767603 ;   36,52
662,46 ; 249,97 ;   5,293426 ;   33,65
664,46 ; 250,02 ;   7,362141 ;   46,81
666,46 ; 249,98 ;   5,451026 ;   34,49
668,47 ; 249,87 ;   6,715572 ;   42,97
670,47 ; 249,95 ;   7,687377 ;   48,63
672,47 ; 249,93 ;   5,113192 ;   32,37
674,47 ; 249,91 ;   6,560740 ;   41,35
676,47 ; 249,91 ;   6,492350 ;   40,81
678,47 ; 249,98 ;   6,393568 ;   40,23
680,47 ; 250,02 ;   5,270595 ;   33,53
682,48 ; 250,02 ;   5,611499 ;   35,17
684,48 ; 249,91 ;   6,228455 ;   39,64
686,48 ; 250,02 ;   7,677271 ;   48,45
688,48 ; 250,00 ;   4,636542 ;   29,48
690,48 ; 249,99 ;   6,393411 ;   40,99
692,48 ; 249,11 ;   6,231473 ;   39,77
694,48 ; 247,52 ;   18,317073 ;  115,42
696,49 ; 245,62 ;   19,698646 ;  125,00
698,49 ; 243,77 ;   19,737422 ;  125,00
700,49 ; 242,09 ;   19,718450 ;  125,00
702,49 ; 240,71 ;   19,727168 ;  125,00
704,49 ; 239,55 ;   19,728237 ;  125,00
706,49 ; 238,55 ;   19,719949 ;  125,00
708,50 ; 237,77 ;   19,716756 ;  125,00
710,50 ; 237,25 ;   19,717138 ;  125,00
712,50 ; 236,91 ;   17,868176 ;  112,38
714,50 ; 236,58 ;   15,918977 ;  100,86
716,50 ; 236,57 ;   16,232214 ;  102,58
718,50 ; 236,63 ;   12,264132 ;   77,90
720,50 ; 236,77 ;   11,625586 ;   73,75
722,50 ; 237,06 ;   10,658627 ;   67,22
724,51 ; 237,41 ;   8,598220 ;   54,15
726,51 ; 237,77 ;   7,801816 ;   49,63
728,51 ; 238,24 ;   7,338374 ;   46,85
730,51 ; 238,73 ;   5,911385 ;   37,14
732,51 ; 239,20 ;   5,255639 ;   33,60
734,51 ; 239,71 ;   5,418527 ;   34,64
736,52 ; 239,98 ;   4,480156 ;   28,35
738,52 ; 240,52 ;   7,644531 ;   48,04
740,52 ; 240,84 ;   3,687725 ;   23,85
742,52 ; 241,23 ;   6,222395 ;   39,99
744,52 ; 241,53 ;   5,265953 ;   33,60
746,52 ; 241,85 ;   6,384211 ;   40,35
748,52 ; 242,14 ;   5,901386 ;   37,47
750,53 ; 242,43 ;   6,223202 ;   39,13
752,53 ; 242,66 ;   6,058785 ;   38,26
754,53 ; 242,84 ;   6,712273 ;   42,08
756,53 ; 242,95 ;   7,342109 ;   46,18
758,53 ; 243,23 ;   8,136839 ;   51,92
760,53 ; 243,42 ;   5,911975 ;   37,09
762,53 ; 243,55 ;   7,012410 ;   44,26
764,54 ; 243,75 ;   7,825142 ;   49,22
766,54 ; 243,84 ;   6,706011 ;   42,37
768,54 ; 243,90 ;   8,135312 ;   51,95
770,54 ; 243,97 ;   8,619507 ;   54,05
772,54 ; 244,13 ;   8,457885 ;   53,59
774,54 ; 244,31 ;   7,193957 ;   45,64
776,54 ; 244,41 ;   6,867756 ;   43,91
778,55 ; 244,48 ;   7,985398 ;   50,87
780,55 ; 244,66 ;   8,298588 ;   52,21
782,55 ; 244,80 ;   6,870701 ;   43,50
784,55 ; 244,90 ;   7,499490 ;   47,04
786,55 ; 245,04 ;   7,825944 ;   49,49
788,55 ; 245,11 ;   7,340848 ;   46,01
790,56 ; 245,30 ;   8,135697 ;   51,76
792,56 ; 245,40 ;   6,547500 ;   41,01
794,56 ; 245,52 ;   7,810630 ;   49,14
796,56 ; 245,59 ;   7,341058 ;   46,34
798,56 ; 245,75 ;   7,990361 ;   50,78
800,56 ; 245,92 ;   6,868303 ;   43,37
802,56 ; 246,08 ;   6,543784 ;   41,54
804,57 ; 246,13 ;   6,707590 ;   42,32
806,57 ; 246,20 ;   7,991267 ;   50,59
808,57 ; 246,42 ;   7,809175 ;   49,29
810,57 ; 246,47 ;   5,766551 ;   36,41
812,57 ; 246,59 ;   7,970458 ;   50,39
814,57 ; 246,60 ;   6,872123 ;   43,70
816,57 ; 246,77 ;   8,450043 ;   53,45
818,58 ; 246,92 ;   6,218281 ;   39,53
820,58 ; 247,04 ;   6,401286 ;   40,91
822,58 ; 247,15 ;   6,874594 ;   43,07
824,58 ; 247,22 ;   6,876077 ;   43,36
826,58 ; 247,24 ;   7,346776 ;   46,40
828,58 ; 247,41 ;   7,991520 ;   50,31
830,58 ; 247,41 ;   5,918071 ;   37,61
832,59 ; 247,53 ;   8,318333 ;   52,42
834,59 ; 247,68 ;   6,576454 ;   41,22
836,59 ; 247,73 ;   6,096901 ;   38,73
838,59 ; 247,88 ;   7,371279 ;   46,91
840,59 ; 247,97 ;   5,915001 ;   37,40
842,59 ; 247,99 ;   6,730984 ;   42,81
844,59 ; 247,97 ;   7,508853 ;   47,92
846,60 ; 248,12 ;   8,307560 ;   52,03
848,60 ; 248,15 ;   5,934006 ;   37,48
850,60 ; 248,26 ;   7,363313 ;   46,96
852,60 ; 248,34 ;   6,403719 ;   40,21
854,60 ; 248,37 ;   6,546308 ;   41,79
856,60 ; 248,39 ;   7,364677 ;   46,87
858,61 ; 248,47 ;   7,365710 ;   46,89
860,61 ; 248,55 ;   6,727695 ;   42,18
862,61 ; 248,60 ;   6,557103 ;   41,21
864,61 ; 248,69 ;   7,051626 ;   44,24
866,61 ; 248,80 ;   6,404295 ;   40,74
868,61 ; 248,80 ;   6,070315 ;   38,36
870,61 ; 248,85 ;   7,527471 ;   47,32
872,62 ; 248,83 ;   6,724546 ;   42,70
874,62 ; 248,99 ;   7,836710 ;   49,26
876,62 ; 249,00 ;   5,279670 ;   33,29
878,62 ; 249,04 ;   7,199962 ;   45,98
880,62 ; 249,09 ;   6,877780 ;   43,33
882,62 ; 249,06 ;   6,556558 ;   41,85
884,62 ; 249,22 ;   7,822573 ;   49,06
886,63 ; 249,17 ;   5,285109 ;   33,11
888,63 ; 249,23 ;   7,842035 ;   49,88
890,63 ; 249,30 ;   6,390315 ;   40,75
892,63 ; 249,37 ;   6,226891 ;   39,80
894,63 ; 249,39 ;   6,406406 ;   40,16
896,63 ; 249,37 ;   6,877164 ;   43,25
898,63 ; 249,48 ;   7,511142 ;   47,23
900,64 ; 249,46 ;   5,591057 ;   35,93
902,64 ; 249,46 ;   7,350620 ;   46,18
904,64 ; 249,56 ;   7,023410 ;   44,97
906,64 ; 249,62 ;   5,757707 ;   36,23
908,64 ; 249,56 ;   6,227969 ;   39,77
910,64 ; 249,60 ;   7,676054 ;   48,96
912,64 ; 249,60 ;   6,551818 ;   41,19
914,65 ; 249,71 ;   7,023704 ;   44,39
916,65 ; 249,73 ;   5,430923 ;   34,97
918,65 ; 249,73 ;   6,719480 ;   42,50
920,65 ; 249,67 ;   6,878326 ;   43,79
922,65 ; 249,80 ;   7,682821 ;   48,54
924,65 ; 249,84 ;   5,278887 ;   33,34
926,65 ; 249,84 ;   6,399411 ;   40,10
928,66 ; 249,87 ;   6,726285 ;   42,60
930,66 ; 249,91 ;   6,563353 ;   41,22
932,66 ; 249,86 ;   6,253408 ;   39,08
934,66 ; 249,93 ;   7,529396 ;   47,61
936,66 ; 249,89 ;   5,907504 ;   37,12
938,66 ; 250,04 ;   7,357853 ;   46,19
940,66 ; 250,02 ;   4,800991 ;   30,21
942,67 ; 249,87 ;   6,885881 ;   43,57
944,67 ; 249,97 ;   8,795472 ;   55,81
946,67 ; 249,98 ;   5,435617 ;   34,40
948,67 ; 249,95 ;   6,554585 ;   41,95
950,67 ; 250,02 ;   7,046052 ;   44,61
952,67 ; 250,10 ;   5,761489 ;   36,64
954,67 ; 250,09 ;   5,611122 ;   35,57
956,68 ; 250,04 ;   6,864113 ;   43,24
958,68 ; 250,13 ;   7,350916 ;   46,02
960,68 ; 250,15 ;   5,451389 ;   34,79
962,68 ; 250,10 ;   6,234319 ;   39,71
964,68 ; 250,11 ;   7,196320 ;   45,64
966,68 ; 250,13 ;   6,559705 ;   41,17
968,68 ; 250,09 ;   6,231600 ;   39,76
970,69 ; 250,13 ;   7,190348 ;   45,70
972,69 ; 250,16 ;   6,066664 ;   38,52
974,69 ; 250,15 ;   6,085097 ;   38,97
976,69 ; 250,08 ;   6,716955 ;   42,16
978,69 ; 250,13 ;   7,521580 ;   47,59
980,69 ; 250,16 ;   5,928003 ;   37,17
982,69 ; 250,19 ;   6,235345 ;   39,56
984,70 ; 250,16 ;   6,072940 ;   38,74
986,70 ; 250,11 ;   6,885445 ;   43,95
988,70 ; 250,22 ;   7,209556 ;   45,46
990,70 ; 250,24 ;   5,124689 ;   32,20
992,70 ; 250,20 ;   6,248659 ;   39,01
994,70 ; 250,15 ;   7,027816 ;   44,94
996,70 ; 250,16 ;   7,209788 ;   45,18
998,71 ; 250,19 ;   6,394666 ;   40,69
1000,71 ; 250,20 ;   6,082973 ;   38,61
1002,71 ; 250,10 ;   6,411221 ;   40,45
1004,71 ; 250,20 ;   7,823785 ;   49,17
1006,71 ; 250,21 ;   5,288831 ;   33,47
1008,71 ; 250,19 ;   6,230555 ;   39,69
1010,71 ; 250,27 ;   6,722672 ;   42,96
1012,72 ; 250,28 ;   5,435665 ;   34,29
1014,72 ; 250,28 ;   6,250065 ;   39,24
1016,72 ; 250,17 ;   6,409702 ;   40,48
1018,72 ; 250,16 ;   7,846166 ;   49,91
1020,72 ; 250,13 ;   6,719642 ;   42,39
1022,72 ; 250,17 ;   6,882695 ;   43,81
1024,72 ; 250,28 ;   5,906819 ;   37,22
1026,73 ; 250,30 ;   4,962979 ;   31,54
1028,73 ; 250,22 ;   6,085242 ;   38,35
1030,73 ; 250,24 ;   7,518671 ;   47,64
1032,73 ; 250,17 ;   6,089727 ;   38,64
1034,73 ; 250,30 ;   7,356770 ;   46,60
1036,73 ; 250,21 ;   4,799729 ;   30,08
1038,73 ; 250,26 ;   7,516834 ;   47,60
1040,74 ; 250,19 ;   5,759358 ;   36,58
1042,74 ; 250,20 ;   7,356104 ;   46,43
1044,74 ; 250,30 ;   6,396872 ;   40,04
1046,74 ; 250,23 ;   4,965840 ;   31,21
1048,74 ; 250,19 ;   7,356019 ;   46,11
1050,74 ; 250,19 ;   7,026873 ;   44,45
1052,74 ; 250,24 ;   6,394759 ;   40,63
1054,75 ; 250,13 ;   5,597589 ;   35,89
1056,75 ; 250,23 ;   7,838553 ;   49,75
1058,75 ; 250,22 ;   5,109859 ;   32,10
1060,75 ; 250,30 ;   6,556802 ;   41,66
1062,75 ; 250,28 ;   5,125411 ;   32,94
1064,75 ; 250,21 ;   6,557715 ;   41,90
1066,75 ; 250,23 ;   7,355895 ;   46,05
1068,76 ; 250,22 ;   6,067164 ;   38,32
1070,76 ; 250,23 ;   6,558974 ;   41,54
1072,76 ; 250,22 ;   6,081363 ;   38,91
1074,76 ; 250,13 ;   6,570799 ;   41,50
1076,76 ; 250,21 ;   7,515874 ;   47,65
1078,76 ; 250,20 ;   5,289631 ;   33,93
1080,76 ; 250,21 ;   6,571777 ;   41,58
1082,77 ; 250,22 ;   6,086490 ;   38,95
1084,77 ; 250,22 ;   6,234785 ;   39,52
1086,77 ; 250,19 ;   6,392129 ;   40,13
1088,77 ; 250,13 ;   6,719670 ;   42,81
1090,77 ; 250,19 ;   7,209505 ;   45,67
1092,77 ; 250,21 ;   5,594826 ;   35,19
1094,77 ; 250,17 ;   6,086161 ;   38,21
1096,78 ; 250,13 ;   6,881149 ;   43,47
1098,78 ; 250,23 ;   6,884007 ;   43,66
1100,78 ; 250,19 ;   4,980062 ;   31,71
1102,78 ; 250,15 ;   6,884891 ;   43,96
1104,78 ; 250,15 ;   6,880326 ;   43,53
1106,78 ; 250,17 ;   6,393517 ;   40,35
1108,78 ; 250,22 ;   6,085831 ;   38,32
1110,79 ; 250,15 ;   5,759769 ;   36,14
1112,79 ; 250,16 ;   7,338394 ;   46,00
1114,79 ; 250,19 ;   6,231687 ;   39,62
1116,79 ; 250,13 ;   5,920220 ;   37,53
1118,79 ; 250,13 ;   7,191821 ;   45,45
1120,79 ; 250,13 ;   6,230973 ;   39,70
1122,79 ; 250,15 ;   6,393481 ;   41,00
1124,80 ; 250,16 ;   6,082705 ;   38,33
1126,80 ; 250,17 ;   6,247067 ;   39,54
1128,80 ; 250,22 ;   6,068699 ;   38,81
1130,80 ; 250,13 ;   5,759174 ;   36,00
1132,80 ; 250,24 ;   7,517242 ;   47,88
1134,80 ; 250,15 ;   4,797464 ;   30,15
1136,80 ; 250,13 ;   7,515030 ;   47,72
1138,81 ; 250,22 ;   6,718063 ;   42,14
1140,81 ; 250,13 ;   5,127008 ;   32,13
1142,81 ; 250,13 ;   7,518428 ;   47,81
1144,81 ; 250,21 ;   6,409042 ;   40,20
1146,81 ; 250,22 ;   5,127017 ;   32,76
1148,81 ; 250,13 ;   6,249445 ;   39,03
1150,81 ; 250,11 ;   7,497512 ;   47,07
1152,82 ; 250,11 ;   6,703560 ;   42,13
1154,82 ; 250,16 ;   6,394274 ;   40,22
1156,82 ; 250,11 ;   5,757739 ;   36,16
1158,82 ; 250,15 ;   6,865152 ;   43,99
1160,82 ; 250,13 ;   5,757403 ;   36,81
1162,82 ; 250,08 ;   6,554630 ;   41,98
1164,82 ; 250,09 ;   7,029763 ;   44,12
1166,83 ; 250,13 ;   6,230668 ;   39,65
1168,83 ; 250,16 ;   5,758318 ;   36,22
1170,83 ; 250,10 ;   5,920271 ;   37,98
1172,83 ; 250,13 ;   7,029521 ;   44,59
1174,83 ; 250,16 ;   6,071032 ;   38,13
1176,83 ; 250,13 ;   5,925082 ;   37,31
1178,83 ; 250,13 ;   6,556595 ;   41,85
1180,84 ; 250,20 ;   6,235038 ;   39,94
1182,84 ; 250,10 ;   5,437395 ;   34,53
1184,84 ; 250,13 ;   7,516333 ;   47,68
1186,84 ; 250,13 ;   5,922384 ;   37,38
1188,84 ; 250,13 ;   6,231287 ;   39,89
1190,84 ; 250,02 ;   6,394368 ;   40,56
1192,84 ; 250,17 ;   7,663153 ;   48,69
1194,85 ; 250,06 ;   4,330211 ;   27,64
1196,85 ; 250,13 ;   7,823733 ;   49,09
1198,85 ; 250,15 ;   5,449895 ;   34,83
1200,85 ; 250,15 ;   5,905711 ;   37,85
1202,85 ; 250,05 ;   6,251476 ;   39,74
1204,85 ; 250,09 ;   7,662182 ;   48,50
1206,85 ; 250,06 ;   5,760406 ;   36,90
1208,86 ; 250,00 ;   6,720441 ;   42,08
1210,86 ; 250,05 ;   7,188013 ;   45,58
1212,86 ; 249,98 ;   5,758892 ;   36,47
1214,86 ; 250,04 ;   7,355826 ;   46,33
1216,86 ; 250,06 ;   5,597457 ;   35,24
1218,86 ; 250,06 ;   6,085471 ;   38,28
1220,86 ; 250,04 ;   6,395777 ;   40,17
1222,87 ; 250,13 ;   6,717956 ;   42,19
1224,87 ; 250,09 ;   5,126612 ;   32,86
1226,87 ; 250,06 ;   6,894000 ;   43,18
1228,87 ; 250,09 ;   6,722727 ;   42,03
1230,87 ; 250,06 ;   6,066924 ;   38,11
1232,87 ; 250,13 ;   6,721909 ;   42,02
1234,87 ; 250,00 ;   5,437085 ;   34,04
1236,88 ; 250,09 ;   8,152301 ;   51,20
1238,88 ; 250,09 ;   5,288605 ;   33,02
1240,88 ; 250,09 ;   6,246109 ;   39,97
1242,88 ; 250,17 ;   6,249156 ;   39,96
1244,88 ; 250,05 ;   5,126175 ;   32,52
1246,88 ; 250,08 ;   7,988113 ;   50,27
1248,88 ; 250,06 ;   5,924578 ;   37,45
1250,89 ; 250,09 ;   6,568708 ;   41,32
1252,89 ; 250,17 ;   6,076533 ;   38,03
1254,89 ; 250,02 ;   5,133075 ;   32,49
1256,89 ; 250,11 ;   8,309677 ;   52,25
1258,89 ; 250,09 ;   5,118663 ;   32,81
1260,89 ; 250,11 ;   6,550749 ;   41,79
1262,89 ; 250,10 ;   5,914908 ;   37,85
1264,90 ; 250,04 ;   6,388396 ;   40,42
1266,90 ; 250,10 ;   7,184292 ;   45,18
1268,90 ; 250,08 ;   5,445081 ;   34,71
1270,90 ; 250,05 ;   6,547766 ;   41,79
1272,90 ; 250,09 ;   6,698452 ;   42,58
1274,90 ; 250,09 ;   5,756579 ;   36,67
1276,90 ; 250,00 ;   6,225590 ;   39,83
1278,91 ; 250,04 ;   7,515008 ;   47,25
1280,91 ; 250,10 ;   5,756976 ;   36,92
1282,91 ; 250,08 ;   5,432470 ;   34,68
1284,91 ; 249,97 ;   6,551227 ;   41,75
1286,91 ; 250,06 ;   7,821640 ;   49,30
1288,91 ; 250,11 ;   5,106895 ;   32,34
1290,91 ; 250,10 ;   5,592744 ;   35,88
1292,92 ; 250,08 ;   6,391018 ;   40,34
1294,92 ; 250,06 ;   6,551810 ;   41,72
1296,92 ; 250,11 ;   6,554893 ;   41,17
1298,92 ; 250,08 ;   5,591926 ;   35,84
1300,92 ; 250,04 ;   6,702455 ;   42,33
1302,92 ; 250,02 ;   6,862665 ;   43,17
1304,92 ; 250,06 ;   6,700369 ;   42,03
1306,93 ; 250,06 ;   5,759833 ;   36,08
1308,93 ; 250,08 ;   6,228157 ;   39,87
1310,93 ; 250,00 ;   6,064289 ;   38,51
1312,93 ; 250,02 ;   7,351215 ;   46,52
1314,93 ; 250,04 ;   6,065983 ;   38,17
1316,93 ; 249,97 ;   6,080110 ;   38,72
1318,93 ; 249,97 ;   7,350250 ;   46,05
1320,94 ; 250,02 ;   6,391510 ;   40,37
1322,94 ; 250,05 ;   5,596041 ;   35,65
1324,94 ; 250,02 ;   6,065923 ;   38,04
1326,94 ; 250,02 ;   6,554238 ;   41,96
1328,94 ; 250,05 ;   6,392729 ;   40,74
1330,94 ; 250,08 ;   5,922835 ;   37,40
1332,94 ; 250,02 ;   5,920537 ;   37,23
1334,95 ; 250,04 ;   7,187496 ;   45,15
1336,95 ; 249,95 ;   6,085038 ;   38,07
1338,95 ; 250,09 ;   7,515953 ;   47,39
1340,95 ; 250,06 ;   4,493413 ;   28,96
1342,95 ; 250,05 ;   6,559204 ;   41,72
1344,95 ; 250,06 ;   6,558535 ;   41,17
1346,95 ; 250,02 ;   6,082637 ;   38,55
1348,96 ; 250,09 ;   6,867752 ;   43,86
1350,96 ; 250,06 ;   5,269766 ;   33,99
1352,96 ; 249,99 ;   6,556778 ;   41,70
1354,96 ; 250,09 ;   7,194072 ;   45,87
1356,96 ; 250,02 ;   5,123688 ;   32,08
1358,96 ; 250,08 ;   7,206726 ;   45,74
1360,96 ; 250,02 ;   5,435743 ;   34,64
1362,97 ; 250,04 ;   7,030635 ;   44,42
1364,97 ; 250,02 ;   6,088006 ;   38,64
1366,97 ; 249,91 ;   6,558335 ;   41,25
1368,97 ; 249,95 ;   7,834948 ;   49,44
1370,97 ; 250,05 ;   5,925341 ;   37,22
1372,97 ; 250,02 ;   5,123906 ;   32,28
1374,97 ; 250,02 ;   6,717063 ;   42,57
1376,98 ; 249,99 ;   6,392722 ;   40,04
1378,98 ; 250,02 ;   6,715446 ;   42,06
1380,98 ; 249,97 ;   6,067681 ;   38,14
1382,98 ; 250,02 ;   7,024492 ;   44,09
1384,98 ; 250,02 ;   5,754812 ;   36,24
1386,98 ; 250,06 ;   6,229270 ;   39,36
1388,98 ; 250,05 ;   5,755996 ;   36,62
1390,99 ; 250,04 ;   6,537227 ;   41,12
1392,99 ; 250,13 ;   6,395084 ;   40,53
1394,99 ; 250,08 ;   4,960770 ;   31,79
1396,99 ; 250,02 ;   7,030311 ;   44,09
1398,99 ; 250,06 ;   7,025132 ;   44,39
1400,99 ; 250,02 ;   5,759546 ;   36,58
1402,99 ; 249,98 ;   6,864239 ;   43,79
1405,00 ; 250,06 ;   6,863094 ;   43,37
1407,00 ; 249,95 ;   5,125229 ;   32,78
1409,00 ; 250,05 ;   7,822224 ;   49,18
1411,00 ; 250,05 ;   5,126748 ;   32,24
1413,00 ; 250,11 ;   6,248678 ;   39,82
1415,00 ; 250,09 ;   5,454361 ;   34,41
1417,00 ; 249,99 ;   6,555532 ;   41,49
1419,01 ; 250,02 ;   7,516128 ;   47,68
1421,01 ; 250,02 ;   5,922365 ;   37,39
1423,01 ; 250,00 ;   6,396188 ;   40,60
1425,01 ; 249,98 ;   6,555265 ;   41,32
1427,01 ; 250,02 ;   6,703644 ;   42,08
1429,01 ; 249,93 ;   5,760634 ;   36,13
1431,01 ; 250,02 ;   7,661571 ;   48,02
1433,02 ; 250,02 ;   5,125741 ;   32,34
1435,02 ; 250,05 ;   6,247390 ;   39,93
1437,02 ; 249,98 ;   5,906509 ;   37,90
1439,02 ; 250,10 ;   7,193957 ;   45,87
1441,02 ; 250,13 ;   4,638470 ;   29,37
1443,02 ; 250,02 ;   5,907653 ;   37,46
1445,02 ; 250,04 ;   7,661730 ;   48,80
1447,03 ; 250,05 ;   5,924827 ;   37,92
1449,03 ; 250,11 ;   6,227968 ;   39,13
1451,03 ; 250,00 ;   5,447188 ;   34,36
1453,03 ; 250,02 ;   7,657679 ;   48,87
1455,03 ; 250,04 ;   6,085207 ;   38,66
1457,03 ; 250,08 ;   5,918641 ;   37,90
1459,03 ; 249,99 ;   5,743075 ;   36,42
1461,04 ; 249,98 ;   7,358906 ;   47,00
1463,04 ; 249,95 ;   6,540783 ;   41,39
1465,04 ; 250,08 ;   6,720711 ;   42,16
1467,04 ; 250,00 ;   4,658346 ;   29,46
1469,04 ; 250,02 ;   7,339303 ;   46,32
1471,04 ; 249,97 ;   6,059042 ;   38,65
1473,04 ; 250,05 ;   6,850693 ;   43,96
1475,05 ; 250,02 ;   5,260527 ;   33,42
1477,05 ; 250,08 ;   6,544924 ;   41,76
1479,05 ; 250,02 ;   5,587067 ;   35,14
1481,05 ; 250,04 ;   7,013216 ;   44,96
1483,05 ; 250,02 ;   5,893626 ;   37,87
1485,05 ; 250,02 ;   6,545095 ;   41,79
1487,05 ; 250,11 ;   6,216860 ;   39,22
1489,06 ; 250,06 ;   5,097920 ;   32,42
1491,06 ; 249,98 ;   6,850940 ;   43,42
1493,06 ; 250,02 ;   7,483003 ;   47,05
1495,06 ; 249,98 ;   5,747595 ;   36,72
1497,06 ; 250,02 ;   6,869395 ;   43,25
1499,06 ; 249,98 ;   5,747458 ;   36,72
1501,06 ; 250,00 ;   6,867485 ;   43,26
1503,07 ; 249,93 ;   6,055501 ;   38,07
1505,07 ; 249,97 ;   7,339323 ;   46,04
1507,07 ; 249,95 ;   5,750869 ;   36,98
1509,07 ; 250,02 ;   6,700649 ;   42,17
1511,07 ; 249,91 ;   5,422971 ;   34,21
1513,07 ; 249,98 ;   7,646255 ;   48,67
1515,07 ; 249,98 ;   5,583211 ;   35,06
1517,08 ; 250,00 ;   6,379198 ;   40,12
1519,08 ; 249,99 ;   6,073489 ;   38,09
1521,08 ; 249,98 ;   6,379959 ;   40,67
1523,08 ; 250,00 ;   6,546422 ;   41,38
1525,08 ; 250,10 ;   6,059062 ;   38,10
1527,08 ; 250,02 ;   4,951148 ;   31,22
1529,08 ; 249,95 ;   7,340203 ;   46,18
1531,09 ; 250,05 ;   7,180671 ;   45,93
1533,09 ; 249,98 ;   5,115723 ;   32,14
1535,09 ; 249,98 ;   7,177676 ;   45,80
1537,09 ; 249,97 ;   6,396361 ;   40,11
1539,09 ; 249,97 ;   6,384219 ;   40,79
1541,09 ; 249,91 ;   6,380663 ;   40,16
1543,09 ; 249,99 ;   7,029069 ;   44,89
1545,10 ; 249,99 ;   5,275243 ;   33,72
1547,10 ; 250,08 ;   6,379188 ;   40,04
1549,10 ; 250,05 ;   5,096289 ;   32,62
1551,10 ; 250,00 ;   6,686581 ;   42,27
1553,10 ; 249,95 ;   6,850880 ;   43,79
1555,10 ; 250,08 ;   7,011645 ;   44,72
1557,10 ; 249,98 ;   4,482254 ;   28,82
1559,11 ; 250,02 ;   7,645857 ;   48,34
1561,11 ; 250,02 ;   5,751545 ;   36,74
1563,11 ; 249,93 ;   6,217890 ;   39,23
1565,11 ; 250,06 ;   7,483468 ;   47,96
1567,11 ; 250,00 ;   4,466165 ;   28,90
1569,11 ; 249,95 ;   7,174186 ;   45,04
1571,11 ; 250,06 ;   7,013061 ;   44,04
1573,12 ; 250,06 ;   4,788792 ;   30,79
1575,12 ; 250,05 ;   6,233974 ;   39,64
1577,12 ; 249,95 ;   6,380805 ;   40,99
1579,12 ; 250,04 ;   7,644120 ;   48,50
1581,12 ; 249,98 ;   5,099073 ;   32,18
1583,12 ; 250,02 ;   7,175152 ;   45,17
1585,12 ; 249,99 ;   5,745132 ;   36,73
1587,13 ; 249,91 ;   6,539635 ;   41,92
1589,13 ; 249,98 ;   7,500525 ;   47,45
1591,13 ; 249,91 ;   5,419988 ;   34,42
1593,13 ; 249,99 ;   7,175484 ;   45,52
1595,13 ; 249,93 ;   5,258761 ;   33,71
1597,13 ; 249,99 ;   7,177022 ;   45,44
1599,13 ; 249,91 ;   5,421900 ;   34,99
1601,14 ; 249,93 ;   7,339976 ;   46,80
1603,14 ; 249,93 ;   6,219081 ;   39,13
1605,14 ; 249,95 ;   6,379754 ;   40,41
1607,14 ; 250,02 ;   6,057901 ;   38,39
1609,14 ; 249,95 ;   5,424100 ;   34,21
1611,14 ; 250,05 ;   7,339898 ;   46,65
1613,14 ; 250,09 ;   4,953235 ;   31,55
1615,15 ; 249,97 ;   5,730444 ;   36,40
1617,15 ; 249,97 ;   7,826150 ;   49,68
1619,15 ; 250,09 ;   6,380618 ;   40,19
1621,15 ; 250,02 ;   4,807506 ;   30,07
1623,15 ; 250,00 ;   7,178266 ;   45,62
1625,15 ; 250,00 ;   6,547165 ;   41,28
1627,15 ; 249,95 ;   6,367665 ;   40,02
1629,16 ; 250,00 ;   7,015660 ;   44,74
1631,16 ; 249,99 ;   5,587718 ;   35,59
1633,16 ; 250,02 ;   6,382315 ;   40,70
1635,16 ; 249,95 ;   5,899030 ;   37,37
1637,16 ; 249,93 ;   7,342068 ;   46,65
1639,16 ; 250,02 ;   6,544214 ;   41,68
1641,16 ; 249,98 ;   5,120879 ;   32,99
1643,17 ; 250,05 ;   6,854623 ;   43,32
1645,17 ; 249,98 ;   5,423407 ;   34,08
1647,17 ; 250,00 ;   7,182659 ;   45,85
1649,17 ; 250,00 ;   6,060112 ;   38,13
1651,17 ; 250,05 ;   6,386011 ;   40,03
1653,17 ; 250,02 ;   5,587421 ;   35,98
1655,17 ; 249,99 ;   6,546674 ;   41,80
1657,18 ; 249,91 ;   6,708510 ;   42,60
1659,18 ; 250,02 ;   7,345717 ;   46,82
1661,18 ; 249,99 ;   4,957545 ;   31,04
1663,18 ; 249,99 ;   6,711714 ;   42,60
1665,18 ; 249,99 ;   6,383502 ;   40,07
1667,18 ; 249,95 ;   6,386368 ;   40,07
1669,18 ; 250,05 ;   6,854808 ;   43,45
1671,19 ; 249,99 ;   5,117150 ;   32,19
1673,19 ; 250,00 ;   7,018530 ;   44,50
1675,19 ; 249,97 ;   6,223669 ;   39,40
1677,19 ; 249,98 ;   6,694006 ;   42,73
1679,19 ; 250,02 ;   6,222622 ;   39,53
1681,19 ; 250,00 ;   5,735312 ;   36,79
1683,19 ; 250,02 ;   6,550521 ;   41,30
1685,20 ; 250,02 ;   6,060281 ;   38,01
1687,20 ; 250,05 ;   6,382604 ;   40,58
1689,20 ; 250,02 ;   5,896033 ;   37,25
1691,20 ; 250,02 ;   6,547865 ;   41,80
1693,20 ; 249,98 ;   6,223607 ;   39,90
1695,20 ; 250,02 ;   6,853415 ;   43,95
1697,20 ; 249,95 ;   5,752735 ;   36,78
1699,21 ; 250,11 ;   7,179343 ;   45,34
1701,21 ; 249,95 ;   4,161842 ;   26,79
1703,21 ; 250,02 ;   8,286465 ;   52,93
1705,21 ; 249,98 ;   5,428300 ;   34,88
1707,21 ; 249,99 ;   6,869189 ;   43,31
1709,21 ; 250,02 ;   6,077528 ;   38,80
1711,21 ; 249,99 ;   5,912830 ;   37,37
1713,22 ; 250,00 ;   6,712099 ;   42,59
1715,22 ; 250,00 ;   6,239480 ;   39,39
1717,22 ; 250,06 ;   6,389945 ;   40,02
1719,22 ; 250,06 ;   5,425755 ;   34,62
1721,22 ; 250,00 ;   6,225939 ;   39,68
1723,22 ; 250,02 ;   7,182411 ;   45,07
1725,22 ; 250,00 ;   6,077706 ;   38,66
1727,23 ; 250,02 ;   6,533652 ;   41,28
1729,23 ; 249,99 ;   5,912869 ;   37,99
1731,23 ; 249,97 ;   6,693827 ;   42,58
1733,23 ; 250,00 ;   6,695947 ;   42,08
1735,23 ; 250,04 ;   5,895863 ;   37,48
1737,23 ; 250,05 ;   5,753311 ;   36,64
1739,23 ; 249,98 ;   6,223475 ;   39,12
1741,24 ; 250,05 ;   7,179343 ;   45,82
1743,24 ; 249,99 ;   5,425348 ;   34,06
1745,24 ; 250,04 ;   7,034901 ;   44,47
1747,24 ; 250,06 ;   5,587363 ;   35,99
1749,24 ; 250,05 ;   5,915610 ;   37,76
1751,24 ; 250,00 ;   6,546647 ;   41,00
1753,24 ; 250,02 ;   6,858088 ;   43,78
1755,25 ; 250,06 ;   5,897144 ;   37,96
1757,25 ; 249,98 ;   5,752315 ;   36,48
1759,25 ; 249,98 ;   7,507256 ;   47,07
1761,25 ; 250,06 ;   6,383445 ;   40,11
1763,25 ; 250,02 ;   5,116009 ;   32,69
1765,25 ; 249,99 ;   6,878405 ;   43,69
1767,25 ; 250,02 ;   6,544930 ;   41,92
1769,26 ; 250,00 ;   5,917310 ;   38,00
1771,26 ; 250,04 ;   6,545691 ;   41,24
1773,26 ; 249,93 ;   5,751477 ;   36,60
1775,26 ; 250,02 ;   7,815334 ;   49,21
1777,26 ; 250,04 ;   5,118608 ;   32,26
1779,26 ; 249,98 ;   6,075715 ;   38,50
1781,26 ; 250,00 ;   7,181202 ;   45,16
1783,27 ; 250,09 ;   6,060295 ;   38,08
1785,27 ; 250,00 ;   5,117457 ;   32,55
1787,27 ; 249,99 ;   7,341800 ;   46,92
1789,27 ; 249,97 ;   6,383432 ;   40,65
1791,27 ; 250,04 ;   6,693048 ;   42,04
1793,27 ; 249,95 ;   5,428114 ;   34,07
1795,27 ; 249,93 ;   7,504593 ;   47,18
1797,28 ; 249,97 ;   6,691039 ;   42,26
1799,28 ; 250,02 ;   5,751344 ;   36,99
1801,28 ; 250,02 ;   5,586978 ;   35,43
1803,28 ; 250,02 ;   6,385783 ;   40,53
1805,28 ; 250,04 ;   6,220211 ;   39,22
1807,28 ; 249,95 ;   6,059697 ;   38,50
1809,28 ; 250,02 ;   7,503258 ;   47,87
1811,29 ; 249,98 ;   5,263114 ;   33,53
1813,29 ; 250,02 ;   6,856189 ;   43,90
1815,29 ; 249,98 ;   5,750188 ;   36,06
1817,29 ; 249,98 ;   6,854240 ;   43,90
1819,29 ; 249,99 ;   6,400028 ;   40,11
1821,29 ; 250,00 ;   6,080297 ;   38,76
1823,29 ; 250,00 ;   6,236331 ;   39,35
1825,30 ; 250,00 ;   6,219189 ;   39,98
1827,30 ; 250,02 ;   6,241373 ;   39,98
1829,30 ; 250,04 ;   5,918107 ;   37,96
1831,30 ; 249,99 ;   6,085492 ;   38,50
1833,30 ; 250,04 ;   6,868883 ;   43,81
1835,30 ; 250,05 ;   5,598319 ;   35,97
1837,30 ; 250,05 ;   6,228582 ;   39,08
1839,31 ; 249,99 ;   6,229759 ;   39,71
1841,31 ; 249,97 ;   7,029652 ;   44,44
1843,31 ; 250,00 ;   6,710390 ;   42,04
1845,31 ; 250,00 ;   5,915037 ;   37,44
1847,31 ; 249,95 ;   6,244153 ;   39,97
1849,31 ; 249,98 ;   7,036406 ;   44,02
1851,31 ; 249,98 ;   6,059009 ;   38,21
1853,32 ; 249,98 ;   6,402787 ;   40,10
1855,32 ; 249,97 ;   6,404440 ;   40,11
1857,32 ; 249,99 ;   6,405981 ;   40,78
1859,32 ; 250,00 ;   6,078326 ;   38,13
1861,32 ; 249,98 ;   6,225275 ;   39,35
1863,32 ; 250,11 ;   6,716014 ;   42,01
1865,32 ; 250,04 ;   4,472290 ;   28,63
1867,33 ; 250,02 ;   7,185671 ;   45,45
1869,33 ; 250,02 ;   6,553262 ;   41,78
1871,33 ; 249,98 ;   6,231636 ;   39,21
1873,33 ; 250,13 ;   6,884961 ;   43,89
1875,33 ; 250,00 ;   4,321828 ;   27,27
1877,33 ; 249,99 ;   7,973365 ;   50,08
1879,33 ; 250,02 ;   6,386395 ;   40,63
1881,34 ; 250,02 ;   5,913365 ;   37,98
1883,34 ; 250,05 ;   6,222478 ;   39,87
1885,34 ; 250,02 ;   5,916881 ;   37,17
1887,34 ; 249,98 ;   6,547238 ;   41,72
1889,34 ; 250,09 ;   6,857631 ;   43,87
1891,34 ; 250,02 ;   4,792496 ;   30,63
1893,34 ; 250,02 ;   7,015902 ;   44,87
1895,35 ; 250,02 ;   6,386291 ;   40,49
1897,35 ; 250,02 ;   6,222188 ;   39,18
1899,35 ; 249,98 ;   6,222657 ;   39,81
1901,35 ; 250,02 ;   6,854153 ;   43,86
1903,35 ; 249,93 ;   5,750219 ;   36,69
1905,35 ; 249,91 ;   7,486130 ;   47,28
1907,35 ; 249,99 ;   6,532630 ;   41,68
1909,36 ; 250,00 ;   5,261557 ;   33,67
1911,36 ; 249,95 ;   6,237731 ;   39,32
1913,36 ; 250,00 ;   7,015710 ;   44,01
1915,36 ; 249,97 ;   5,752068 ;   36,16
1917,36 ; 249,97 ;   6,707689 ;   42,66
1919,36 ; 250,02 ;   6,383267 ;   40,13
1921,36 ; 249,98 ;   5,587984 ;   35,41
1923,37 ; 250,06 ;   6,854963 ;   43,88
1925,37 ; 250,06 ;   5,101701 ;   32,66
1927,37 ; 249,95 ;   6,221943 ;   39,61
1929,37 ; 250,06 ;   7,815674 ;   49,74
1931,37 ; 250,09 ;   4,793277 ;   30,13
1933,37 ; 250,06 ;   5,913448 ;   37,58
1935,38 ; 250,02 ;   6,551321 ;   41,50
1937,38 ; 250,05 ;   6,874192 ;   43,65
1939,38 ; 249,99 ;   5,916165 ;   37,15
1941,38 ; 249,99 ;   7,017780 ;   44,40
1943,38 ; 250,10 ;   6,223613 ;   39,98
1945,38 ; 250,02 ;   4,794998 ;   30,52
1947,38 ; 249,98 ;   7,342076 ;   46,80
1949,38 ; 249,95 ;   6,870998 ;   43,21
1951,39 ; 250,04 ;   6,707685 ;   42,08
1953,39 ; 250,05 ;   5,120923 ;   32,76
1955,39 ; 249,98 ;   6,223497 ;   39,04
1957,39 ; 250,00 ;   7,182698 ;   45,74
1959,39 ; 249,88 ;   6,062204 ;   38,03
1961,39 ; 250,06 ;   7,977450 ;   50,05
1963,40 ; 249,99 ;   3,997427 ;   25,04
1965,40 ; 250,06 ;   7,176640 ;   45,66
1967,40 ; 249,91 ;   5,277292 ;   33,89
1969,40 ; 250,11 ;   8,296873 ;   52,41
1971,40 ; 250,00 ;   3,686691 ;   23,52
1973,40 ; 249,93 ;   7,668602 ;   48,77
1975,40 ; 250,02 ;   7,175985 ;   46,00
1977,41 ; 249,97 ;   5,120857 ;   32,21
1979,41 ; 249,95 ;   7,030253 ;   44,52
1981,41 ; 250,02 ;   6,705172 ;   42,13
1983,41 ; 249,99 ;   5,274860 ;   33,48
1985,41 ; 250,02 ;   6,707457 ;   42,50
1987,41 ; 249,99 ;   5,907384 ;   37,27
1989,41 ; 250,05 ;   6,706394 ;   42,50
1991,42 ; 249,99 ;   5,584694 ;   35,25
1993,42 ; 250,00 ;   7,014544 ;   44,39
1995,42 ; 250,02 ;   6,232652 ;   39,29
1997,42 ; 250,04 ;   5,910119 ;   37,90
1999,42 ; 249,99 ;   6,056088 ;   38,45
2001,42 ; 249,99 ;   6,870410 ;   43,76
2003,42 ; 250,02 ;   6,229916 ;   39,96
2005,43 ; 249,98 ;   5,924645 ;   37,94
2007,43 ; 250,05 ;   6,852370 ;   43,21
2009,43 ; 250,04 ;   5,275208 ;   33,97
2011,43 ; 249,98 ;   6,398030 ;   40,34
2013,43 ; 250,02 ;   7,174372 ;   45,10
2015,43 ; 249,99 ;   5,584238 ;   36,00
2017,43 ; 249,99 ;   6,707903 ;   42,49
2019,44 ; 250,05 ;   6,234511 ;   39,96
2021,44 ; 250,06 ;   5,587596 ;   35,23
2023,44 ; 249,95 ;   6,076828 ;   38,30
2025,44 ; 250,02 ;   7,817249 ;   49,02
2027,44 ; 250,02 ;   5,447097 ;   34,77
2029,44 ; 249,98 ;   6,235083 ;   39,15
2031,44 ; 249,99 ;   6,875275 ;   43,83
2033,45 ; 249,99 ;   6,060828 ;   38,69
2035,45 ; 249,95 ;   6,241887 ;   39,95
2037,45 ; 249,93 ;   7,020896 ;   44,00
2039,45 ; 250,00 ;   6,550038 ;   41,57
2041,45 ; 249,97 ;   5,447288 ;   34,23
2043,45 ; 249,93 ;   6,716869 ;   42,62
2045,45 ; 250,02 ;   6,860764 ;   43,47
2047,46 ; 250,11 ;   5,120764 ;   32,89
2049,46 ; 249,99 ;   4,958665 ;   31,74
2051,46 ; 250,00 ;   7,839559 ;   49,45
2053,46 ; 249,95 ;   6,229104 ;   39,29
2055,46 ; 250,06 ;   7,022106 ;   44,65
2057,46 ; 250,09 ;   4,795861 ;   30,10
2059,46 ; 250,06 ;   5,918818 ;   37,55
2061,47 ; 250,05 ;   6,555890 ;   41,47
2063,47 ; 250,00 ;   6,390090 ;   40,91
2065,47 ; 250,00 ;   6,864552 ;   43,70
2067,47 ; 249,99 ;   6,231805 ;   39,90
2069,47 ; 250,02 ;   6,392488 ;   40,58
2071,47 ; 250,04 ;   5,902158 ;   37,25
2073,47 ; 249,95 ;   6,086958 ;   38,42
2075,48 ; 249,99 ;   7,496308 ;   47,79
2077,48 ; 249,97 ;   5,757994 ;   36,15
2079,48 ; 249,99 ;   6,556634 ;   41,97
2081,48 ; 249,99 ;   6,087238 ;   38,05
2083,48 ; 249,97 ;   6,230491 ;   39,95
2085,48 ; 249,97 ;   6,557685 ;   41,98
2087,48 ; 249,98 ;   6,409697 ;   40,08
2089,49 ; 250,00 ;   6,248746 ;   39,41
2091,49 ; 249,99 ;   6,068068 ;   38,02
2093,49 ; 250,00 ;   6,397719 ;   40,59
2095,49 ; 250,00 ;   6,229759 ;   39,28
2097,49 ; 250,05 ;   6,249273 ;   39,92
2099,49 ; 249,99 ;   5,613849 ;   35,86
2101,49 ; 249,98 ;   7,024969 ;   44,38
2103,50 ; 250,02 ;   6,554957 ;   41,31
2105,50 ; 250,00 ;   5,600262 ;   35,99
2107,50 ; 250,02 ;   6,555867 ;   41,81
2109,50 ; 249,95 ;   6,070295 ;   38,56
2111,50 ; 249,98 ;   7,192044 ;   45,90
2113,50 ; 249,99 ;   5,906375 ;   37,52
2115,50 ; 250,02 ;   6,088396 ;   38,70
2117,51 ; 250,02 ;   5,921295 ;   37,94
2119,51 ; 249,97 ;   6,232781 ;   39,83
2121,51 ; 249,98 ;   6,865362 ;   43,88
2123,51 ; 250,05 ;   6,230204 ;   39,42
2125,51 ; 250,00 ;   5,290429 ;   33,97
2127,51 ; 249,99 ;   6,882151 ;   43,71
2129,51 ; 250,05 ;   6,393923 ;   40,59
2131,52 ; 250,00 ;   5,595273 ;   35,24
2133,52 ; 250,02 ;   6,884627 ;   43,71
2135,52 ; 249,98 ;   5,922202 ;   37,89
2137,52 ; 249,99 ;   6,883989 ;   43,83
2139,52 ; 249,98 ;   6,086168 ;   38,69
2141,52 ; 250,00 ;   6,555782 ;   41,31
2143,52 ; 250,00 ;   6,071926 ;   38,02
2145,53 ; 250,00 ;   6,229334 ;   39,92
2147,53 ; 250,02 ;   6,248846 ;   39,92
2149,53 ; 249,93 ;   6,067024 ;   38,57
2151,53 ; 249,99 ;   7,518287 ;   47,26
2153,53 ; 249,99 ;   5,450655 ;   34,90
2155,53 ; 249,98 ;   6,230846 ;   39,96
2157,53 ; 249,95 ;   6,555541 ;   41,32
2159,54 ; 249,95 ;   6,716516 ;   42,76
2161,54 ; 250,05 ;   6,391770 ;   40,23
2163,54 ; 250,04 ;   4,963851 ;   31,46
2165,54 ; 249,97 ;   6,395326 ;   40,35
2167,54 ; 249,93 ;   7,209206 ;   45,79
2169,54 ; 250,05 ;   6,882298 ;   43,48
2171,54 ; 250,00 ;   4,797244 ;   30,19
2173,55 ; 249,98 ;   6,865223 ;   43,72
2175,55 ; 250,04 ;   6,557439 ;   41,96
2177,55 ; 249,99 ;   5,435659 ;   34,66
2179,55 ; 250,00 ;   6,882257 ;   43,77
2181,55 ; 249,99 ;   6,248084 ;   39,30
2183,55 ; 249,98 ;   6,410165 ;   40,61
2185,55 ; 249,97 ;   6,558871 ;   41,32
2187,56 ; 250,06 ;   6,391950 ;   40,74
2189,56 ; 249,99 ;   5,124404 ;   32,00
2191,56 ; 250,05 ;   7,205124 ;   45,66
2193,56 ; 249,97 ;   5,599116 ;   35,25
2195,56 ; 250,00 ;   7,354693 ;   46,42
2197,56 ; 249,97 ;   5,925479 ;   37,40
2199,57 ; 250,08 ;   6,714589 ;   42,63
2201,57 ; 250,02 ;   4,798047 ;   30,65
2203,57 ; 250,05 ;   7,028115 ;   44,22
2205,57 ; 250,05 ;   5,920138 ;   37,77
2207,57 ; 249,97 ;   6,231663 ;   39,66
2209,57 ; 250,04 ;   7,360617 ;   46,41
2211,57 ; 249,98 ;   5,440667 ;   34,01
2213,58 ; 250,06 ;   7,208717 ;   45,10
2215,58 ; 250,02 ;   5,127885 ;   32,62
2217,58 ; 250,06 ;   6,710142 ;   42,95
2219,58 ; 249,99 ;   5,756452 ;   36,40
2221,58 ; 249,98 ;   7,193452 ;   45,64
2223,58 ; 250,04 ;   6,559378 ;   41,30
2225,58 ; 250,00 ;   5,454174 ;   34,63
2227,59 ; 249,95 ;   6,881124 ;   43,07
2229,59 ; 250,04 ;   7,048745 ;   44,63
2231,59 ; 249,99 ;   5,127921 ;   32,10
2233,59 ; 250,09 ;   6,887098 ;   43,74
2235,59 ; 250,04 ;   4,964235 ;   31,85
2237,59 ; 250,00 ;   6,883547 ;   43,48
2239,59 ; 250,04 ;   6,887904 ;   43,05
2241,60 ; 249,99 ;   5,778144 ;   36,52
2243,60 ; 249,98 ;   6,869710 ;   43,73
2245,60 ; 250,05 ;   6,546788 ;   41,28
2247,60 ; 250,08 ;   5,294316 ;   33,95
2249,60 ; 250,02 ;   5,767926 ;   36,93
2251,60 ; 250,00 ;   7,038387 ;   44,86
2253,60 ; 250,00 ;   6,551402 ;   41,14
2255,61 ; 250,04 ;   6,240699 ;   39,88
2257,61 ; 250,00 ;   5,769611 ;   36,51
2259,61 ; 250,09 ;   6,875834 ;   43,04
2261,61 ; 250,00 ;   5,134532 ;   32,45
2263,61 ; 249,95 ;   7,367137 ;   46,83
2265,61 ; 250,02 ;   7,040359 ;   44,59
2267,61 ; 250,05 ;   5,281890 ;   33,42
2269,62 ; 249,91 ;   5,938226 ;   37,72
2271,62 ; 249,97 ;   8,161048 ;   51,77
2273,62 ; 249,97 ;   5,462932 ;   34,99
2275,62 ; 250,04 ;   6,403084 ;   40,05
2277,62 ; 250,06 ;   5,278226 ;   33,98
2279,62 ; 249,93 ;   5,935662 ;   37,64
2281,62 ; 250,04 ;   8,164467 ;   51,01
2283,63 ; 250,08 ;   4,811225 ;   30,81
2285,63 ; 249,95 ;   5,776994 ;   36,28
2287,63 ; 250,00 ;   8,026334 ;   50,92
2289,63 ; 250,04 ;   5,629810 ;   35,45
2291,63 ; 249,99 ;   5,777177 ;   36,50
2293,63 ; 249,97 ;   6,888166 ;   43,71
2295,63 ; 250,08 ;   6,575795 ;   41,94
2297,64 ; 250,00 ;   4,816527 ;   30,59
2299,64 ; 249,95 ;   7,358284 ;   46,19
2301,64 ; 250,00 ;   6,879524 ;   43,92
2303,64 ; 250,02 ;   5,772423 ;   36,08
2305,64 ; 250,02 ;   5,936226 ;   37,84
2307,64 ; 250,02 ;   6,242814 ;   39,74
2309,64 ; 250,06 ;   6,406559 ;   40,41
2311,65 ; 249,97 ;   5,606732 ;   35,73
2313,65 ; 250,05 ;   7,512955 ;   47,62
2315,65 ; 250,04 ;   5,299310 ;   33,28
2317,65 ; 250,02 ;   6,407514 ;   40,28
2319,65 ; 249,98 ;   6,403207 ;   40,99
2321,65 ; 250,04 ;   6,877738 ;   43,78
2323,65 ; 250,05 ;   5,444840 ;   34,58
2325,66 ; 249,99 ;   6,096970 ;   38,96
2327,66 ; 249,98 ;   7,041272 ;   44,32
2329,66 ; 250,04 ;   6,567507 ;   41,24
2331,66 ; 250,00 ;   5,445436 ;   34,58
2333,66 ; 250,04 ;   6,898353 ;   43,01
2335,66 ; 250,04 ;   5,773892 ;   36,47
2337,67 ; 250,04 ;   6,242525 ;   39,63
2339,67 ; 249,98 ;   6,239255 ;   39,62
2341,67 ; 250,09 ;   7,202891 ;   45,02
2343,67 ; 249,98 ;   4,805250 ;   30,52
2345,67 ; 250,05 ;   7,692865 ;   48,81
2347,67 ; 250,02 ;   5,289348 ;   33,89
2349,67 ; 250,00 ;   6,722477 ;   42,27
2351,68 ; 250,00 ;   6,565118 ;   41,09
2353,68 ; 249,97 ;   6,236069 ;   39,83
2355,68 ; 249,97 ;   6,723759 ;   42,53
2357,68 ; 250,02 ;   6,399999 ;   40,00
2359,68 ; 249,95 ;   5,600190 ;   35,95
2361,68 ; 249,99 ;   7,196536 ;   45,15
2363,68 ; 249,97 ;   5,762204 ;   36,72
2365,68 ; 250,02 ;   6,560412 ;   41,90
2367,69 ; 250,06 ;   5,597809 ;   35,96
2369,69 ; 250,02 ;   5,616067 ;   35,70
2371,69 ; 250,08 ;   6,867839 ;   43,54
2373,69 ; 249,93 ;   5,437872 ;   34,34
2375,69 ; 250,04 ;   8,302058 ;   52,23
2377,69 ; 250,06 ;   4,803879 ;   30,76
2379,70 ; 249,97 ;   5,925087 ;   37,59
2381,70 ; 249,97 ;   7,522013 ;   47,58
2383,70 ; 249,98 ;   6,231911 ;   39,99
2385,70 ; 249,99 ;   6,250455 ;   39,32
2387,70 ; 249,97 ;   6,072315 ;   38,61
2389,70 ; 250,00 ;   6,562251 ;   41,90
2391,70 ; 250,04 ;   5,924143 ;   37,30
2393,71 ; 250,04 ;   5,763008 ;   36,45
2395,71 ; 250,02 ;   6,231615 ;   39,61
2397,71 ; 249,95 ;   6,558957 ;   41,64
2399,71 ; 250,08 ;   7,194518 ;   45,81
2401,71 ; 249,99 ;   4,472275 ;   28,65
2403,71 ; 250,04 ;   7,358606 ;   46,82
2405,71 ; 249,97 ;   5,601124 ;   35,81
2407,72 ; 250,05 ;   7,194949 ;   45,68
2409,72 ; 249,95 ;   5,274708 ;   33,24
2411,72 ; 249,95 ;   7,507189 ;   47,66
2413,72 ; 249,98 ;   6,415891 ;   40,75
2415,72 ; 249,93 ;   5,928740 ;   37,42
2417,72 ; 249,99 ;   7,036572 ;   44,01
2419,72 ; 250,04 ;   5,437922 ;   34,82
2421,73 ; 249,98 ;   5,602554 ;   35,83
2423,73 ; 250,06 ;   7,198429 ;   45,02
2425,73 ; 249,98 ;   5,130792 ;   32,54
2427,73 ; 249,95 ;   7,344913 ;   46,91
2429,73 ; 249,95 ;   6,560840 ;   41,98
2431,73 ; 250,02 ;   6,403400 ;   40,77
2433,73 ; 250,00 ;   5,292190 ;   33,39
2435,74 ; 250,06 ;   6,568030 ;   41,73
2437,74 ; 249,91 ;   5,447084 ;   34,44
2439,74 ; 250,06 ;   8,332531 ;   53,00
2441,74 ; 250,02 ;   4,170387 ;   26,85
2443,74 ; 250,02 ;   6,880245 ;   43,54
2445,74 ; 250,04 ;   6,241780 ;   39,75
2447,74 ; 250,04 ;   5,914084 ;   37,72
2449,75 ; 249,93 ;   6,259336 ;   39,61
2451,75 ; 249,98 ;   7,856832 ;   49,07
2453,75 ; 250,04 ;   5,771118 ;   36,17
2455,75 ; 250,00 ;   5,460734 ;   34,56
2457,75 ; 249,98 ;   6,716508 ;   42,99
2459,75 ; 249,98 ;   6,566477 ;   41,85
2461,76 ; 250,00 ;   6,243130 ;   39,96
2463,76 ; 249,99 ;   5,935100 ;   37,94
2465,76 ; 249,98 ;   6,406180 ;   40,51
2467,76 ; 250,00 ;   6,550233 ;   41,23
2469,76 ; 250,00 ;   5,936080 ;   37,94
2471,76 ; 249,95 ;   6,239975 ;   39,84
2473,76 ; 250,02 ;   7,057396 ;   44,56
2475,77 ; 249,95 ;   5,441603 ;   34,06
2477,77 ; 250,00 ;   7,206465 ;   45,83
2479,77 ; 249,95 ;   5,604540 ;   35,42
2481,77 ; 250,00 ;   7,042210 ;   44,57
2483,77 ; 249,95 ;   5,606532 ;   35,42
2485,77 ; 250,02 ;   6,893325 ;   43,90
2487,77 ; 249,91 ;   5,459665 ;   34,04
2489,78 ; 249,99 ;   7,837833 ;   49,85
2491,78 ; 250,00 ;   5,136065 ;   32,95
2493,78 ; 250,00 ;   6,242355 ;   39,23
2495,78 ; 250,04 ;   6,241591 ;   39,86
2497,78 ; 249,98 ;   5,770522 ;   36,49
2499,78 ; 250,00 ;   7,205089 ;   45,05
2501,78 ; 249,93 ;   5,936793 ;   37,96
2503,79 ; 249,95 ;   7,202470 ;   45,94
2505,79 ; 250,02 ;   6,092457 ;   38,23
2507,79 ; 250,05 ;   5,435124 ;   34,72
2509,79 ; 250,02 ;   5,908433 ;   37,08
2511,79 ; 249,97 ;   6,725140 ;   42,31
2513,79 ; 249,98 ;   6,869559 ;   43,83
2515,79 ; 249,99 ;   6,237768 ;   39,36
2517,80 ; 250,00 ;   6,074294 ;   38,65
2519,80 ; 249,99 ;   6,255604 ;   39,24
2521,80 ; 250,04 ;   6,402550 ;   40,54
2523,80 ; 249,99 ;   5,603668 ;   35,86
2525,80 ; 250,09 ;   6,890837 ;   43,70
2527,80 ; 250,02 ;   4,971418 ;   31,81
2529,80 ; 250,02 ;   7,202171 ;   45,47
2531,81 ; 250,00 ;   6,239378 ;   39,77
2533,81 ; 249,98 ;   6,566418 ;   41,12
2535,81 ; 250,02 ;   6,568852 ;   41,88
2537,81 ; 250,02 ;   5,607829 ;   35,93
2539,81 ; 249,99 ;   6,406136 ;   40,40
2541,81 ; 250,02 ;   6,565827 ;   41,79
2543,81 ; 250,04 ;   5,919153 ;   37,87
2545,82 ; 250,00 ;   5,930608 ;   37,74
2547,82 ; 250,02 ;   6,878410 ;   43,01
2549,82 ; 249,97 ;   5,913711 ;   37,83
2551,82 ; 249,97 ;   7,058549 ;   44,45
2553,82 ; 250,00 ;   6,405632 ;   40,02
2555,82 ; 250,00 ;   5,931185 ;   37,32
2557,82 ; 250,00 ;   6,241683 ;   39,85
2559,83 ; 249,99 ;   6,241411 ;   39,85
2561,83 ; 249,98 ;   6,404590 ;   40,53
2563,83 ; 250,02 ;   6,568060 ;   41,25
2565,83 ; 249,98 ;   5,772456 ;   36,61
2567,83 ; 249,97 ;   6,881364 ;   43,14
2569,83 ; 250,02 ;   6,405001 ;   40,66
2571,83 ; 249,98 ;   5,607088 ;   35,98
2573,84 ; 249,99 ;   6,878672 ;   43,15
2575,84 ; 250,00 ;   6,081083 ;   38,64
2577,84 ; 249,98 ;   6,242975 ;   39,23
2579,84 ; 249,99 ;   6,566663 ;   41,89
2581,84 ; 249,99 ;   6,098940 ;   38,64
2583,84 ; 250,10 ;   6,243892 ;   39,91
2585,84 ; 250,02 ;   4,810976 ;   30,46
2587,85 ; 250,04 ;   7,369171 ;   46,05
2589,85 ; 250,02 ;   6,092628 ;   38,37
2591,85 ; 249,99 ;   6,554389 ;   41,66
2593,85 ; 250,00 ;   6,568070 ;   41,79
2595,85 ; 250,08 ;   6,258421 ;   39,22
2597,85 ; 250,00 ;   5,300336 ;   33,10
2599,86 ; 249,97 ;   7,371352 ;   46,16
2601,86 ; 249,99 ;   6,734105 ;   42,54
2603,86 ; 250,04 ;   5,932666 ;   37,99
2605,86 ; 249,98 ;   5,607466 ;   35,84
2607,86 ; 250,06 ;   7,220907 ;   45,03
2609,86 ; 250,02 ;   5,131296 ;   32,54
2611,86 ; 250,04 ;   6,893879 ;   43,55
2613,87 ; 249,99 ;   5,930897 ;   37,73
2615,87 ; 249,99 ;   6,894068 ;   43,67
2617,87 ; 250,05 ;   6,241369 ;   39,88
2619,87 ; 250,06 ;   5,608540 ;   35,15
2621,87 ; 250,05 ;   6,099305 ;   38,22
2623,87 ; 250,02 ;   6,405166 ;   40,83
2625,87 ; 249,95 ;   6,713367 ;   42,27
2627,88 ; 250,05 ;   7,203662 ;   45,81
2629,88 ; 250,05 ;   4,973986 ;   31,35
2631,88 ; 250,02 ;   6,243215 ;   39,56
2633,88 ; 249,98 ;   6,572309 ;   41,59
2635,88 ; 250,00 ;   6,895371 ;   43,74
2637,88 ; 250,00 ;   5,934785 ;   37,92
2639,88 ; 250,02 ;   6,242943 ;   39,82
2641,89 ; 250,04 ;   5,931564 ;   37,79
2643,89 ; 249,98 ;   6,079754 ;   38,33
2645,89 ; 249,98 ;   7,039184 ;   45,00
2647,89 ; 250,02 ;   6,243105 ;   39,94
2649,89 ; 249,99 ;   5,606779 ;   35,89
2651,89 ; 249,97 ;   6,729580 ;   42,39
2653,89 ; 249,99 ;   6,569074 ;   41,88
2655,90 ; 249,91 ;   5,927027 ;   37,96
2657,90 ; 250,05 ;   7,364783 ;   46,61
2659,90 ; 250,00 ;   4,474525 ;   28,82
2661,90 ; 250,02 ;   6,892052 ;   43,62
2663,90 ; 250,05 ;   5,929368 ;   37,80
2665,90 ; 250,00 ;   5,933243 ;   37,66
2667,90 ; 250,00 ;   6,872981 ;   43,61
2669,91 ; 250,05 ;   6,233950 ;   39,81
2671,91 ; 250,00 ;   5,602633 ;   35,76
2673,91 ; 250,00 ;   6,891721 ;   43,60
2675,91 ; 249,97 ;   6,255461 ;   39,81
2677,91 ; 249,98 ;   6,711725 ;   42,51
2679,91 ; 250,02 ;   6,241953 ;   39,31
2681,91 ; 249,98 ;   5,767740 ;   36,57
2683,92 ; 250,02 ;   6,877152 ;   43,10
2685,92 ; 250,02 ;   5,751033 ;   36,57
2687,92 ; 249,98 ;   6,244147 ;   39,73
2689,92 ; 250,05 ;   6,876498 ;   43,10
2691,92 ; 249,95 ;   5,296287 ;   33,86
2693,92 ; 249,98 ;   7,529882 ;   47,65
2695,93 ; 249,98 ;   6,095514 ;   38,05
2697,93 ; 250,04 ;   6,257143 ;   39,95
2699,93 ; 249,91 ;   5,436571 ;   34,55
2701,93 ; 249,95 ;   8,010359 ;   50,41
2703,93 ; 250,00 ;   5,924585 ;   37,60
2705,93 ; 249,95 ;   5,603118 ;   35,40
2707,93 ; 250,00 ;   7,053956 ;   44,55
2709,94 ; 250,08 ;   5,604735 ;   35,41
2711,94 ; 249,99 ;   5,294253 ;   33,08
2713,94 ; 249,95 ;   7,364836 ;   46,83
2715,94 ; 249,98 ;   6,892372 ;   43,25
2717,94 ; 250,00 ;   6,097130 ;   38,06
2719,94 ; 250,11 ;   5,915464 ;   37,94
2721,94 ; 250,02 ;   4,807118 ;   30,38
2723,95 ; 250,02 ;   7,362880 ;   46,65
2725,95 ; 250,04 ;   6,408174 ;   40,37
2727,95 ; 250,04 ;   5,915230 ;   37,71
2729,95 ; 249,98 ;   6,257337 ;   39,60
2731,95 ; 250,00 ;   7,202697 ;   45,00
2733,95 ; 250,02 ;   5,913661 ;   37,92
2735,95 ; 250,00 ;   6,096656 ;   38,46
2737,96 ; 249,95 ;   6,554651 ;   41,08
2739,96 ; 250,02 ;   7,038862 ;   44,54
2741,96 ; 250,05 ;   5,445472 ;   34,04
2743,96 ; 250,00 ;   5,932213 ;   37,03
2745,96 ; 249,98 ;   6,878394 ;   43,61
